117.26
117.24
116.68
116.15
116.34
116.38
116.57
116.58
116.47
116.62
116.51
116.95
116.74
116.85
116.89
116.8
116.86
116.8
116.8
117.11
116.8
117.33
117.22
117.12
117.06
117.18
117.1
116.87
116.89
117.02
117.1
117.14
117.29
117.22
116.98
117.16
117.18
117.17
117.2
117.1
117.19
117.01
116.96
117.08
117.04
117.11
116.91
117.31
117.4
117.28
117.31
117.29
116.98
117.36
117.37
117.45
117.37
117.81
117.44
117.8
117.7
117.77
117.88
117.97
118.07
117.96
118.01
118.06
117.92
117.92
117.92
117.92
117.82
117.92
117.81
117.89
117.9
117.93
117.82
117.97
118.1
118.03
118.17
118.2
118.2
118.25
118.22
118.31
118.27
118.2
118.24
118.17
118.13
118.13
118.23
118.11
118.27
118.02
118.15
118.15
117.97
117.89
117.9
117.99
117.95
118.04
117.91
117.71
118.04
117.8
117.71
117.74
117.73
117.72
117.69
117.73
117.72
117.72
117.64
117.66
117.74
117.6
117.54
117.68
117.78
117.81
117.76
117.67
117.64
117.65
117.61
117.65
117.63
117.16
117.66
117.66
117.69
117.8
117.74
117.68
117.67
117.77
117.82
117.78
117.74
117.73
117.75
117.71
117.59
117.39
117.28
117.27
117.19
117.21
117.12
117.09
117.1
117.1
117.19
117.19
117.18
117.28
117.24
117.17
117.22
117.09
117.27
116.9
116.87
116.72
116.75
116.73
116.87
116.82
117.56
117.66
117.57
117.5
117.52
117.57
117.58
117.53
117.54
117.58
117.16
117.12
117.36
117.35
117.27
117.33
117.28
117.18
117.25
117.23
117.15
117.15
117.23
117.03
117.07
117.06
116.97
116.97
116.96
116.81
116.83
117
117.12
117.19
116.82
117.35
117
117.37
117.59
117.59
117.56
117.65
117.78
117.67
117.79
117.87
117.82
117.93
117.83
117.98
118.12
118.4
118.45
118.43
118.59
118.29
118.5
118.57
118.35
118.53
118.46
