15.21
15.2
15.19
15.2
15.18
15.19
15.19
15.22
15.22
15.23
15.24
15.23
15.25
15.24
15.25
15.24
15.23
15.23
15.24
15.22
15.25
15.26
15.26
15.26
15.22
15.23
15.24
15.24
15.24
15.24
15.24
15.21
15.22
15.21
15.19
15.18
15.18
15.18
15.19
15.19
15.2
15.2
15.2
15.19
15.21
15.19
15.19
15.19
15.2
15.19
15.19
15.21
15.21
15.19
15.2
15.2
15.2
15.17
15.18
15.2
15.18
15.2
15.2
15.2
15.19
15.21
15.2
15.22
15.21
15.22
15.23
15.23
15.24
15.23
15.23
15.23
15.23
15.22
15.24
15.23
15.22
15.22
15.23
15.24
15.24
15.25
15.27
15.27
15.24
15.28
15.28
15.27
15.28
15.26
15.26
15.26
15.25
15.24
15.25
15.26
15.26
15.25
15.24
15.25
15.25
15.28
15.27
15.26
15.27
15.29
15.27
15.26
15.26
15.25
15.25
15.23
15.23
15.21
15.2
15.2
15.22
15.22
15.21
15.23
15.21
15.2
15.2
15.2
15.21
15.22
15.2
15.24
15.25
15.25
15.2
15.27
15.29
15.29
15.29
15.3
15.31
15.31
15.3
15.31
15.3
15.31
15.33
15.32
15.32
15.32
15.3
15.3
15.3
15.31
15.31
15.3
15.3
15.29
15.31
15.29
15.29
15.29
15.29
15.29
15.3
15.28
15.29
15.3
15.31
15.31
15.31
15.31
15.31
15.31
15.3
15.3
15.24
15.31
15.31
15.31
15.31
15.31
15.32
15.31
15.32
15.31
15.3
15.32
15.31
15.3
15.3
15.3
15.3
15.3
15.3
15.29
15.29
15.3
15.3
15.3
15.29
15.31
15.29
15.28
15.28
15.29
15.29
15.29
15.29
15.29
15.28
15.29
15.29
15.28
15.26
15.27
15.27
15.28
15.29
15.3
15.31
15.3
15.31
15.31
15.31
15.3
15.31
15.3
15.31
15.34
15.33
15.33
15.34
15.33
15.32
15.32
15.33
15.34
15.37
15.37
15.4
15.4
15.4
15.44
15.43
15.43
15.43
15.43
15.44
15.45
15.43
15.41
15.42
15.4
15.39
15.39
15.38
15.36
15.37
15.34
15.33
15.3
15.29
15.31
15.31
15.32
15.29
15.28
15.3
15.28
15.28
15.28
15.27
15.24
15.22
15.23
15.24
15.24
15.23
15.24
15.25
15.27
15.26
15.24
15.24
15.24
15.25
15.26
15.28
15.24
15.22
15.19
15.21
15.21
15.2
15.2
15.19
15.18
15.17
15.15
