15.28
15.25
15.22
15.14
15.16
15.18
15.18
15.18
15.16
15.17
15.2
15.19
15.18
15.19
15.19
15.19
15.19
15.2
15.2
15.19
15.2
15.2
15.2
15.21
15.21
15.22
15.2
15.18
15.17
15.18
15.2
15.2
15.22
15.2
15.23
15.23
15.25
15.27
15.28
15.27
15.26
15.26
15.26
15.28
15.27
15.28
15.29
15.3
15.29
15.28
15.28
15.22
15.29
15.3
15.3
15.3
15.29
15.31
15.32
15.31
15.31
15.29
15.32
15.3
15.29
15.31
15.31
15.32
15.29
15.3
15.3
15.3
15.29
15.29
15.29
15.3
15.3
15.29
15.28
15.3
15.3
15.3
15.31
15.33
15.34
15.35
15.33
15.35
15.34
15.37
15.35
15.36
15.34
15.35
15.35
15.35
15.35
15.34
15.34
15.34
15.29
15.28
15.29
15.28
15.33
15.3
15.3
15.26
15.24
15.25
15.29
15.22
15.26
15.26
15.25
15.27
15.27
15.26
15.28
15.28
15.29
15.28
15.28
15.32
15.32
15.33
15.28
15.32
15.32
15.31
15.31
15.33
15.34
15.33
15.31
15.31
15.32
15.32
15.33
15.32
15.31
15.32
15.34
15.32
15.32
15.33
15.32
15.32
15.31
15.29
15.27
15.28
15.22
15.29
15.3
15.29
15.27
15.27
15.27
15.27
15.27
15.28
15.28
15.27
15.27
15.27
15.27
15.27
15.26
15.24
15.22
15.24
15.24
15.24
15.3
15.31
15.29
15.29
15.29
15.3
15.29
15.29
15.28
15.28
15.28
15.27
15.28
15.28
15.28
15.3
15.29
15.29
15.28
15.28
15.27
15.27
15.27
15.27
15.28
15.28
15.26
15.29
15.28
15.26
15.27
15.28
15.29
15.29
15.3
15.3
15.3
15.3
15.33
15.34
15.33
15.32
15.35
15.34
15.34
15.35
15.34
15.36
15.34
15.37
15.37
15.37
15.45
15.45
15.45
15.45
15.46
15.46
15.47
15.43
15.44
