145.68
145.83
145.67
145.57
145.45
145.49
145.3
145.5
145.45
145.3
145.4
145.38
145.43
145.39
145.23
145.16
145.14
145.14
145.11
145.06
145.09
145.05
145.11
145.15
145.07
145.14
145.08
144.9
144.96
144.97
144.97
144.78
144.8
144.72
144.82
144.77
144.67
144.75
144.65
144.99
144.58
144.56
144.47
144.35
144.71
144.43
144.35
144.4
144.39
144.28
144.4
144.39
144.5
144.48
144.34
144.23
144.18
144.19
144.12
144.25
144.27
144.19
144.2
144.26
144.28
144.21
144.41
144.49
144.21
144.58
144.6
144.63
144.68
144.31
144.64
144.56
144.56
144.57
144.66
144.46
144.41
144.41
144.57
144.68
144.75
144.5
144.75
144.43
144.87
144.42
144.94
144.84
144.84
144.83
144.83
144.83
144.84
144.51
144.82
144.83
144.52
144.84
144.61
144.66
144.61
144.8
144.79
144.81
144.82
144.96
144.96
144.84
144.84
144.81
144.81
144.83
144.78
144.7
144.56
144.56
144.59
144.65
144.67
144.71
144.66
144.67
144.6
144.56
144.96
144.64
144.51
144.63
144.84
144.65
144.95
145.08
145.27
145.23
145.23
145.6
145.53
145.43
145.46
145.41
145.5
145.54
145.56
145.51
145.45
144.96
145.46
145.5
145.47
145.41
145.43
145.44
145.4
145.34
145.3
145.3
145.37
145.4
145.42
145.38
145.37
145.3
145.34
145.2
145.23
145.19
144.96
145.12
145.23
145.09
145.16
145.11
145.01
144.95
145
145.09
145.15
145.09
145.11
145.14
144.97
145.12
145.12
145.05
145.13
145.1
145.09
145.11
145.06
144.96
144.98
144.9
144.93
144.97
144.96
145.06
145.09
145.17
145.04
145.12
145.12
145.22
145.36
145.44
145.49
145.46
145.46
145.41
145.4
145.46
145.41
145.37
145.38
145.52
145.35
145.51
145.47
145.55
145.54
145.39
145.53
145.54
145.52
145.53
145.65
145.72
145.68
145.74
145.72
144.96
145.64
145.63
145.63
145.57
145.63
145.64
145.71
145.64
145.72
145.91
145.91
145.93
145.92
145.91
146.05
146.14
146.16
145.94
145.98
146.04
145.87
145.8
145.91
145.72
145.71
145.49
145.35
145.34
145.34
145.39
145.45
145.42
145.19
145.36
145.3
145.19
145.28
145.34
145.36
145.24
144.83
145.13
145.08
145.03
145.04
145.09
145.14
145.22
145.08
145.07
145.06
144.94
145.09
145.04
145.17
145.03
144.9
144.63
144.64
144.59
144.36
144.41
144.34
144.27
143.94
144.02
