215870
215870
216442.95
216442.95
216442.95
216442.95
216442.95
216442.95
216442.95
216442.95
215828.81
215828.81
215828.81
215828.81
215828.81
215828.81
215828.81
215828.81
215828.81
215828.81
215828.81
215828.81
215828.81
215828.81
215828.81
215828.81
215828.81
215828.81
215828.81
215776.2
215776.2
215776.2
215151.2
215151.2
215151.2
215151.2
215151.2
215151.2
215151.2
215151.2
215151.2
215151.2
215151.2
215151.2
215151.2
215151.2
215151.2
215151.2
215289.2
215540
215540
215540
216231.22
216231.22
216231.22
216231.22
216231.22
216231.22
216231.22
216231.22
216231.22
215828.81
216231.22
216956
216956
217074.88
217074.88
217074.88
217074.88
217074.88
216909.88
216909.88
216768.05
216736.11
216736.11
216736.11
216769.03
216769.03
216769.03
216769.03
216769.03
216769.03
216769.03
216769.03
216769.03
217038
217038
217038
217038
215828.81
217038
217038
217038
217038
217038
217038
217038
217509.98
217509.98
217509.98
215828.81
217509.98
217509.98
217509.98
217509.98
217509.98
217509.98
217509.98
217509.98
217509.98
217509.98
217509.98
217509.98
217509.98
217509.98
217509.98
217509.98
217509.98
217509.98
217509.98
217000
216673.05
216673.05
216673.05
216673.05
216673.05
216673.05
216673.05
216673.05
216673.05
216400
216400
216400
216400
216400
216400
216400
216400
216400
216400
216400
216400
216400
216400
216400
216400
216400
216400
216400
216400
216400
216400
216400
216400
216400
216020
216020
216020
216020
216020
216020
216020
216020
216020
216020
216020
216542
215828.81
216542
216542
216542
216542
216542
216542
217306.22
217306.22
217306.22
217306.22
217246
217246
217246.2
217246.2
217246.2
217246.2
217340
217340
217340
217340
217340
217340
217340
217340
217289.22
217289.22
217289.22
217289.22
217289.22
217289.22
217289.22
217289.22
217289.22
217289.22
217289.22
217289.22
217289.22
217289.22
217289.22
217289.22
217769.02
217769.02
217769.02
217769.02
217769.02
218000
218000
218000
218000
218000
218000
218000
218000
218000
218000
218100
218100
219440
219639.05
219639.05
219639.05
219639.05
219639.05
219639.05
219639.05
219639.05
219639.05
