86.86
86.77
86.79
86.79
86.62
86.62
86.76
86.76
87.15
87.15
86.95
86.78
86.79
86.7
86.69
86.69
86.69
86.74
86.66
86.71
86.71
86.71
86.64
86.64
86.53
86.6
86.61
86.57
86.55
86.54
86.48
86.58
86.55
86.55
86.47
86.47
86.4
86.43
86.35
86.46
86.36
86.51
86.45
86.42
86.49
86.48
86.49
86.5
86.5
86.5
86.53
86.5
86.5
86.48
86.48
86.48
86.42
86.45
86.45
86.44
86.5
86.54
86.5
86.48
86.48
86.49
86.5
86.54
86.56
86.52
86.57
86.54
86.6
86.57
86.52
86.56
86.56
86.55
86.56
86.56
86.55
86.57
86.61
86.6
86.68
86.68
86.63
86.68
86.69
86.62
86.62
86.63
86.66
86.66
86.66
86.66
86.65
86.51
86.55
86.55
86.54
86.59
86.57
86.53
86.57
86.6
86.64
86.64
86.6
86.6
86.6
86.64
86.63
86.64
86.59
86.59
86.59
86.55
86.49
86.49
86.48
86.49
86.49
86.48
86.51
86.51
86.42
86.45
86.5
86.5
86.5
86.5
86.51
86.42
86.42
86.42
86.51
86.57
86.57
86.74
86.7
86.73
86.72
86.73
86.69
86.7
86.66
86.65
86.65
86.67
86.67
86.68
86.54
86.68
86.66
86.68
86.66
86.64
86.64
86.64
86.64
86.56
86.56
86.53
86.53
86.53
86.53
86.53
86.53
86.53
86.6
86.59
86.58
86.58
86.57
86.61
86.55
86.57
86.58
86.61
86.64
86.65
86.65
86.65
86.64
86.65
86.62
86.62
86.62
86.58
86.54
86.52
86.61
86.61
86.61
86.47
86.47
86.47
86.49
86.49
86.53
86.5
86.5
86.55
86.57
86.62
86.64
86.66
86.65
86.64
86.63
86.58
86.59
86.58
86.58
86.52
86.55
86.62
86.62
86.57
86.61
86.65
86.65
86.65
86.59
86.64
86.61
86.63
86.62
86.64
86.63
86.64
86.64
86.66
86.61
86.61
86.63
86.65
86.67
86.72
86.76
86.76
86.75
86.75
86.78
86.78
86.78
86.75
86.88
86.98
87.02
86.95
86.87
86.92
86.92
86.88
86.85
86.88
86.88
86.82
86.76
86.86
86.76
86.77
86.8
86.89
86.82
86.84
86.78
86.77
86.83
86.78
86.73
86.61
86.6
86.61
86.64
86.69
86.64
86.64
86.74
86.75
86.63
86.65
86.64
86.61
86.65
86.65
86.69
86.66
86.62
86.63
86.68
86.65
86.69
86.64
86.55
86.58
86.6
86.65
