87.15
87.1
87.13
87.03
87.08
87.11
87.14
87.08
87.03
87.06
87.08
87.1
87.1
87.17
87.17
87.14
87.16
87.15
87.15
87.06
87.08
87.16
87.16
87.16
87.15
87.2
87.17
87.12
87.11
87.11
87.1
87.14
87.21
87.2
87.21
87.2
87.23
87.25
87.3
87.24
87.2
87.23
87.23
87.21
87.21
87.21
87.28
87.27
87.21
87.23
87.22
87.2
87.22
87.29
87.26
87.24
87.25
87.29
87.31
87.31
87.24
87.27
87.34
87.35
87.35
87.32
87.29
87.29
87.26
87.28
87.32
87.3
87.26
87.25
87.24
87.28
87.25
87.25
87.22
87.27
87.26
87.29
87.43
87.5
87.56
87.45
87.45
87.57
87.55
87.55
87.52
87.52
87.52
87.49
87.49
87.49
87.55
87.45
87.45
87.46
87.43
87.32
87.31
87.31
87.42
87.42
87.49
87.49
87.36
87.38
87.41
87.44
87.44
87.43
87.39
87.42
87.42
87.44
87.45
87.44
87.44
87.46
87.47
87.47
87.45
87.43
87.48
87.55
87.53
87.53
87.5
87.51
87.54
87.58
87.58
87.48
87.52
87.5
87.52
87.51
87.51
87.51
87.52
87.16
87.51
87.51
87.51
87.51
87.43
87.38
87.39
87.32
87.29
87.29
87.29
87.34
87.39
87.33
87.38
87.38
87.42
87.4
87.4
87.46
87.4
87.4
87.48
87.43
87.45
87.4
87.43
87.37
87.37
87.39
87.39
87.41
87.42
87.29
87.32
87.37
87.37
87.32
87.3
87.3
87.32
87.32
87.34
87.32
87.37
87.4
87.4
87.36
87.35
87.32
87.31
87.31
87.33
87.35
87.36
87.36
87.34
87.34
87.38
87.32
87.34
87.39
87.31
87.39
87.43
87.45
87.45
87.45
87.38
87.51
87.52
87.46
87.51
87.46
87.49
87.49
87.48
87.44
87.41
87.4
87.47
87.5
87.48
87.41
87.46
87.45
87.36
87.43
87.42
87.42
87.38
