34
33.87
34.17
33.93
33.85
33.92
34.1
34.06
34.02
34.02
34.07
34.03
34.08
34.08
34.1
34.1
34.13
34.18
34.18
34.22
34.28
34.3
34.35
34.32
34.35
34.16
34.41
34.36
34.42
34.39
34.32
34.2
34.25
34.21
34.28
34.36
34.3
34.34
34.24
34.24
34.27
34.25
34.22
34.22
34.25
34.38
34.15
34.18
34.22
34.16
34.21
34.28
34.17
34.28
34.19
34.26
34.24
34.23
34.16
34.24
34.16
34.23
34.27
34.24
34.16
34.25
34.18
34.1
34.16
34.11
34.11
34.18
34.13
34.1
34
34.17
34.17
34.13
34.06
33.99
33.99
33.91
33.91
33.91
33.94
33.92
33.98
33.86
33.84
33.97
33.78
33.69
33.71
33.74
33.64
33.64
33.69
33.69
33.6
33.63
33.69
33.66
33.75
33.79
33.79
33.9
33.86
33.93
33.86
33.87
33.9
33.93
33.95
33.96
33.94
33.92
33.96
33.94
33.88
33.95
33.92
33.91
33.91
33.96
33.97
33.91
33.88
33.88
33.95
33.98
33.98
33.9
34
33.97
34.38
33.92
34.03
34.07
34.07
34.14
34.11
34.12
34.1
34.38
34.09
34.1
34.12
34.13
34.11
34.15
34.19
34.17
34.18
34.19
34.18
34.25
34.2
34.21
34.22
34.24
34.25
34.2
34.22
34.2
34.19
34.2
34.23
34.2
34.21
34.25
34.26
34.24
34.24
34.2
34.25
34.21
34.28
34.23
34.21
34.2
34.21
34.16
34.19
34.19
34.17
34.21
34.15
34.18
34.18
34.21
34.2
34.19
34.2
34.18
34.1
34.21
34.21
34.11
34.14
34.13
34.17
34.14
34.15
34.13
34.16
34.18
34.17
34.15
34.13
34.15
34.15
34.11
34.15
34.15
34.17
34.13
34.17
34.18
34.18
34.23
34.21
34.24
34.16
34.28
34.26
34.17
34.32
34.32
34.4
34.38
34.43
34.4
34.41
34.39
34.39
34.46
34.44
34.45
34.38
34.62
34.65
34.64
34.59
34.76
34.74
34.77
34.76
34.65
34.84
34.88
34.94
34.92
34.72
34.94
34.72
34.7
34.79
34.66
34.67
34.59
34.59
34.6
34.6
34.57
34.55
34.6
34.61
34.66
34.65
34.65
34.68
34.78
34.76
34.75
34.69
34.71
34.77
34.69
34.77
34.7
34.71
34.74
34.7
34.67
34.77
34.7
34.75
34.73
34.71
34.72
34.59
34.5
34.55
34.49
34.52
34.51
34.51
34.48
34.46
34.45
