67.38
67.02
67.08
67.08
67.27
67.71
67.79
68.6
68.11
68.38
67.24
68.86
68.81
68.83
68.89
68.89
69.1
69.1
68.87
68.88
68.88
69.22
69.11
68.86
69.07
68.99
69.09
69
68.97
68.88
68.88
68.88
68.85
68.28
68.5
68.74
68.4
68.79
68.72
68.72
68.86
68.86
69.02
69.02
69.13
69.12
69.49
69.51
69.6
68.88
69.53
69.61
69.46
69.51
69.51
69.47
69.38
69.28
69.33
69.5
68.88
69.39
69.37
69.47
69.52
69.53
69.56
69.6
68.88
69.4
69.17
69.17
69.31
69.84
69.11
69.09
69.09
69.62
68.99
68.99
68.95
68.87
68.79
68.8
68.8
68.79
68.86
68.75
68.84
68.45
68.36
68.07
68.88
68.12
67.98
67.93
68.1
67.81
67.77
67.92
67.96
67.74
67.88
67.97
67.73
67.73
68.5
68.57
68.67
68.95
68.9
68.89
68.84
68.87
68.55
68.84
69.01
68.76
68.57
68.68
68.49
68.49
68.52
68.57
68.44
68.32
68.29
68.29
68.03
68.25
68.25
67.94
68.15
68.19
68.13
68.04
68
68.24
68.24
68.12
67.8
68.16
67.92
68.04
67.89
68.19
68.88
68.15
68.09
68.11
68.11
68.28
68.32
68.33
68.44
68.5
68.25
68.21
68.43
68.44
68.42
68.37
68.27
68.19
68.19
68.26
68.24
68.35
68.29
68.51
68.71
68.71
68.88
68.59
68.68
68.37
68.1
68.6
68.16
68.3
68.36
68.49
68.42
68.56
68.37
68.18
68.2
68.3
68.23
68.3
68.51
68.32
68.36
68.37
68.33
68.19
68.5
68.47
68.27
68.26
68.37
68.34
68.35
68.54
68.54
68.65
68.69
68.67
68.68
68.52
68.43
68.48
68.58
68.51
68.52
68.47
68.39
68.46
68.81
68.82
68.97
68.93
68.82
69.05
68.54
68.94
68.6
69
68.95
69.04
69.04
68.97
69.06
69.06
69.14
68.98
68.88
69.08
68.97
69
69.23
69.29
69.39
69.53
69.47
69.26
69.24
69.95
70.46
70.44
70.46
70.43
69.85
70.52
70.53
69.79
70.11
70.05
70.14
70.17
69.85
69.76
69.54
69.49
69.53
70
70.01
69.96
70.01
69.98
70.02
70.01
69.97
69.7
69.64
69.86
69.85
69.66
69.55
69.58
69.56
69.53
69.61
69.32
69.41
69.6
69.44
69.55
69.46
69.57
69.63
69.08
69.18
69.06
69.05
69.01
69.02
68.99
68.98
68.99
