77.99
77.83
77.72
77.77
77.7
77.65
77.49
77.74
77.49
77.63
77.79
77.73
77.62
77.47
77.43
77.44
77.43
77.53
77.51
77.41
77.68
77.6
77.57
77.29
77.29
77.25
77.26
77.56
77.2
77.18
77.15
76.93
76.89
77.18
76.85
76.93
76.89
76.9
77.04
77.01
76.99
77.01
76.91
77
76.9
76.86
76.79
76.71
76.63
76.66
76.61
76.81
76.82
76.83
76.82
76.78
76.6
76.66
76.64
77.2
76.54
76.6
76.73
76.73
76.72
76.75
76.74
76.81
76.81
76.69
76.74
76.7
76.74
76.71
76.74
76.73
76.69
76.77
77.2
76.76
76.74
76.74
76.73
76.89
76.92
76.94
76.95
77.04
77.07
76.96
76.94
76.89
76.99
77.02
77.02
76.98
76.91
76.88
76.98
76.92
76.97
76.98
76.94
77
76.92
77.04
77.1
77.1
77.09
77.07
77.01
76.92
76.99
77.1
76.99
76.99
77
77.01
77.2
76.92
76.96
77.03
77
76.97
76.9
76.9
76.78
76.95
76.98
76.9
76.85
76.89
76.89
76.88
76.93
77
76.97
77.09
77.09
77.08
77.04
76.97
76.96
76.86
77.05
76.94
77.08
77.11
76.86
77.11
77.07
77.11
77.05
77.03
77
77.05
76.97
76.93
77
76.98
77
77.01
77
76.99
76.96
76.84
76.92
76.89
76.86
76.86
76.84
77.2
76.86
76.98
76.94
76.94
76.86
76.87
77.2
76.86
76.92
76.95
76.94
76.93
76.9
77.2
76.87
76.82
76.86
76.87
76.86
76.81
76.81
76.78
76.72
76.64
76.6
76.81
76.76
76.81
76.77
76.75
76.69
76.63
76.61
76.71
76.75
76.75
77.2
76.71
76.73
76.71
76.7
76.68
76.66
76.64
76.68
76.68
76.74
76.75
76.65
77.2
76.75
76.71
76.67
76.67
76.63
76.72
76.63
76.64
76.67
76.67
76.68
76.71
76.65
76.65
76.69
76.65
76.36
76.43
76.46
76.54
76.33
76.43
76.6
76.54
76.55
76.56
76.68
76.7
76.68
76.64
76.61
76.64
76.67
76.58
76.55
76.51
76.49
76.35
76.33
76.35
76.33
76.32
76.37
76.37
76.32
76.35
76.17
76.14
76.25
76.26
76.13
76.19
76.03
76
76.07
76.09
76.07
76.07
76.11
76.23
76.19
76.17
76.13
76.05
76.15
76.19
76.24
76.16
76.06
75.96
76.06
75.96
76.21
75.83
75.82
75.9
75.87
75.78
