74.26
74.22
74.2
73.88
74.22
73.93
74.19
74.21
74.04
74
74.14
74.05
74.23
74.07
74
74.01
74.03
74.21
74.3
74.1
74.22
74.44
74.36
74.4
74.44
74.42
74.54
74.29
74.25
74.35
74.46
74.42
74.4
74.37
74.46
74.46
74.52
74.28
74.46
74.4
74.39
74.43
74.42
74.37
74.41
74.45
74.53
74.58
74.7
74.37
74.57
74.61
74.65
74.47
74.57
74.52
74.57
74.74
74.85
74.56
74.84
74.87
74.93
74.94
74.42
75.03
75.08
74.85
74.42
74.82
74.89
74.87
75
74.94
74.86
75.04
75.05
75.01
74.8
74.93
74.94
75.1
75.21
75.2
75.27
75.33
75.3
75.25
75.3
75.32
75.25
75.3
75.25
75.02
75.13
75.12
75.14
75.11
75.15
75.11
75.12
75.14
74.99
74.99
75.08
74.95
74.96
74.88
74.82
75.07
74.81
74.79
74.73
74.75
74.7
74.74
74.75
74.78
74.75
74.67
74.58
74.65
74.69
74.73
74.76
74.83
74.79
74.75
74.64
74.64
74.71
74.68
74.69
74.74
74.7
74.74
74.7
74.75
74.82
74.72
74.73
74.67
74.73
74.72
74.69
74.69
74.72
74.77
74.79
74.59
74.59
74.58
74.52
74.56
74.64
74.57
74.58
74.52
74.46
74.49
74.35
74.33
74.38
74.33
74.34
74.29
74.12
74.31
74.08
73.95
73.92
73.93
73.91
73.93
74.25
74.31
74.27
74.14
74.17
74.19
74.23
74.24
74.27
74.2
74.01
73.97
73.97
74.04
74.04
74.1
74.2
74.07
74.04
73.98
73.98
73.9
73.92
73.9
73.91
73.88
73.85
73.95
73.97
73.89
73.91
73.98
74.12
74.14
74.22
74.1
74.11
74.19
74.3
74.36
74.12
74.3
74.39
74.29
74.44
74.32
74.42
74.31
74.49
74.54
74.6
74.93
74.99
74.9
74.95
74.96
74.97
74.99
74.99
74.98
74.96
