174.69
174.23
174.25
174.23
174.43
174.07
174.36
174.48
174.52
174.52
174.79
174.73
174.84
174.67
174.81
174.46
174.55
174.66
174.55
174.63
174.7
174.7
174.5
174.17
174.39
174.43
174.65
174.54
174.57
174.81
174.6
174.15
174.1
174.56
174.05
174.02
173.96
173.9
173.86
174.47
173.98
174.08
174.26
173.98
173.83
173.92
173.88
173.86
173.74
173.91
173.73
173.88
174
173.85
173.72
173.7
173.45
173.38
173.23
173.4
173.35
173.87
173.7
173.68
173.71
173.77
173.69
173.9
173.87
173.87
173.95
173.75
174.01
173.69
173.74
173.8
173.8
173.67
173.77
173.79
173.53
173.64
173.71
173.73
173.76
173.67
173.92
173.92
173.9
173.55
174.01
173.6
173.66
173.81
173.57
173.57
173.61
173.33
173.18
173.25
173.34
173.5
173.53
173.55
173.3
173.32
173.61
173.31
173.43
173.5
173.41
173.37
173.36
173.41
173.28
173.29
173.3
173.27
173.1
173.45
173.15
173.15
173.29
173.4
173.27
173.32
173.16
173.3
173.43
173.4
173.11
173.18
173.33
173.48
173.5
173.66
173.82
173.97
173.97
174.11
174.05
174.09
173.99
174.04
174.11
174.24
174.38
174.03
174.07
174.15
174.13
174.01
174.01
174.12
174.09
174.16
174.04
173.85
173.82
173.84
173.84
173.83
173.75
173.68
173.67
173.51
173.67
173.71
173.88
173.57
173.68
173.67
173.75
173.68
173.69
173.85
173.95
173.87
173.86
173.7
174.08
174.03
173.76
174.01
173.77
174.01
174.04
173.81
173.91
173.88
173.88
173.82
173.76
173.74
173.72
173.93
173.78
173.51
173.51
173.43
173.77
173.52
173.5
173.59
173.65
173.5
173.86
173.79
173.57
173.87
173.62
173.9
173.93
173.95
173.91
173.84
173.72
174.11
173.86
174.24
174.27
173.78
174.51
174.44
174.37
174.14
174.19
174.4
174.53
174.5
174.53
174.61
174.6
174.62
174.72
174.4
174.44
174.46
174.6
174.58
174.75
174.87
174.79
175.18
175.22
174.66
174.75
175.28
175.4
175.61
175.53
175.6
175.45
175.34
174.53
175.26
175.28
174.83
174.9
174.78
174.53
174.39
173.99
174.14
174.23
174.28
174.25
173.98
173.74
173.69
174.2
174.03
173.62
173.51
173.16
173.35
173.3
173.54
173.32
173.5
173.5
173.66
173.48
173.53
173.64
173.26
173.47
173.51
173.86
173.51
173.24
173.01
173.19
173.11
173.05
172.97
172.84
172.75
172.74
172.41
