1994.26
1993.49
1991.59
1983
1982.52
1983.46
1983.31
1983.46
1982.34
1982.06
1982.73
1984.91
1985.93
1984.98
1985.55
1986.3
1985.16
1985.62
1985.99
1986.74
1986.33
1988.57
1988.54
1987.52
1987.05
1986.44
1987.33
1986.45
1984.91
1983.98
1985.24
1986.66
1987.16
1989.4
1989.13
1989.75
1990.3
1991.06
1991.51
1991.29
1991.46
1990.19
1989.41
1989.17
1988.94
1989.75
1989.99
1992.93
1992.84
1993.53
1992.85
1992.38
1992.37
1992
1992.15
1992.99
1993.18
1993.18
1994.01
1996.48
1997.1
1998.92
1998.66
1998.72
2000.62
2001.63
2001.72
2001
2000.69
2001.43
2000.54
1999.9
1999.72
2000.09
1998.95
1998.68
1999.23
1999.8
1987.52
2000.44
1999.13
2001.07
2003.85
2003.72
2004.59
2005.27
2005.96
2007.49
2006.71
2007.52
2009.4
1987.52
2007.89
2007.67
2006.92
2007.76
2007.69
2009.55
2008.92
1987.52
2006.95
2006.75
2005.69
2005.54
2005.69
2006.35
2005.77
2006.12
2003.96
2002.1
1987.52
2002.48
1987.52
2001.33
2002.08
2001.69
2001.99
2001.66
2001.89
2001.11
2001.03
2001.12
2001.17
2001.35
1987.52
2003
2003.13
2002.35
2000.93
2000.44
1999.72
1999.54
2000.05
2000.58
2000.15
2000.94
2000.16
2000.53
2002.09
2001.84
2001.37
2001.02
2002.41
2002.83
2002.27
2001.75
2001.45
2002.6
2002.09
1998.58
1997.91
1997.49
1996.8
1997.24
1997.97
1997.73
1997.97
1997.3
1997.59
1997.79
1995.01
1996.86
1997.68
1997.51
1996.95
1987.52
1993.78
1994.31
1994.73
1992.69
1991.7
1991.55
1987.52
1987.52
2001.32
2002
2001.3
2000.05
2000.48
2001.14
2001.74
2001.38
2001.42
2000.19
1997.98
1997.38
1996.89
1997.14
1998.2
2000.04
2001.44
2000.19
2000.09
1998.7
1998.97
1996.63
1997.15
1998.06
1997.91
1998.5
1998.07
1998.79
1999.66
1997.78
1998.03
1999.63
2000.82
2001.54
2004.01
2003.72
2003.83
2003.25
2005.79
2006.43
2006.75
2005.69
2006.28
2005.93
2006.97
2007.44
2007.01
2008.55
2007.83
2009.21
2013.78
2019.34
2021
2018.48
2019.48
2019.3
2018.14
2019.8
2018.83
2018.42
2018.19
