154.46
154.04
154.07
153.94
153.98
154.5
154.79
154.82
154.49
153.79
154.13
154.13
154.13
154.18
154.02
153.93
153.75
153.96
153.92
154.15
154.24
154.04
154.1
154.05
153.96
154.12
154.21
154.09
154.38
154.41
154.33
154.12
154.13
154.08
154.13
154.19
154.38
154.17
154.4
154.18
154.18
154.1
154.12
154.16
153.98
153.94
154.02
153.9
154.01
154.04
154.19
154.26
154.27
153.89
153.96
154.38
153.96
154.06
153.99
153.97
153.94
154.04
154.07
154.03
154.01
153.95
154.06
154.01
154.38
153.89
154.22
154.22
154.25
154.16
154.24
154.05
154.08
154.08
154.24
154.08
153.96
153.86
154.38
153.98
154.05
154
153.95
154.25
153.86
154.38
154.33
153.83
154.2
154.27
154.11
154.08
154.1
153.81
153.74
153.75
154.04
154.08
153.74
153.71
154.04
153.93
153.79
153.86
153.84
153.67
153.67
153.72
153.62
153.58
153.73
153.66
153.8
153.7
153.56
153.4
153.5
153.65
153.63
153.74
153.6
153.59
153.57
153.59
153.6
153.64
153.71
153.67
153.6
153.86
153.57
153.57
153.95
153.76
154.3
154.36
154.37
154.37
154.32
154.26
154.23
154.34
154.38
154.5
154.62
154.29
154.24
154.25
154.4
154.36
154.34
154.39
154.42
154.32
154.42
154.44
154.41
154.36
154.41
154.49
154.38
154.41
154.41
154.42
154.46
154.43
154.45
154.42
154.49
154.41
154.41
154.4
154.3
154.28
154.48
154.46
154.39
154.45
154.55
154.4
154.37
154.47
154.46
154.42
154.41
154.35
154.38
154.39
154.43
154.42
154.44
154.51
154.39
154.24
154.23
154.15
154.27
154.38
154.38
154.2
154.28
154.35
154.39
154.36
154.35
154.27
154.33
154.32
154.35
154.28
154.29
154.34
154.11
154.36
154.22
154.47
154.49
154.64
154.75
154.77
154.29
154.72
154.48
154.48
154.64
154.75
154.8
154.76
154.86
154.86
154.6
154.86
154.79
154.69
154.45
154.5
154.51
154.45
154.64
154.82
154.44
154.83
154.56
154.56
155.14
155.2
155.21
155.1
155.11
155.01
154.94
154.89
154.71
154.71
154.6
154.52
154.4
154.49
154.01
154.07
153.97
154.08
154.01
154.02
153.64
154.07
153.84
153.93
153.78
153.69
153.35
153.61
153.28
153.45
153.38
153.34
153.38
153.48
153.44
153.46
153.3
153.33
153.36
153.42
153.56
153.35
153.27
153.14
153.13
153.36
153.3
153.22
153.24
153.2
153.18
153.07
