153.03
152.88
152.83
152.44
152.94
152.34
152.27
152.83
152.2
152.16
152.1
152.26
152.1
152.11
152.07
151.94
151.81
152.19
152.11
151.87
152.2
152.12
151.93
151.96
151.82
151.68
151.78
151.69
151.63
151.66
151.88
151.77
151.76
151.7
151.71
152.15
152.23
152.25
152.24
152.15
152.14
152.22
152.1
152.08
152.07
152.15
152.3
152.37
152.2
152.36
152.46
152.52
152.42
151.92
152.07
152.37
152.36
152.57
152.34
152.72
152.68
152.68
152.54
152.63
152.81
152.78
152.65
152.66
152.67
152.67
152.73
152.66
152.79
152.61
152.76
152.79
152.81
152.79
152.57
152.63
152.86
152.81
152.49
152.88
153.01
153.12
153.2
151.92
153.33
153.47
153.37
153.3
153.09
153.35
153.15
153.27
153.3
153.05
152.91
152.83
152.76
153
152.91
152.85
152.77
152.74
152.74
152.61
152.51
152.56
152.83
152.54
152.65
152.63
152.63
152.64
152.67
152.55
152.57
152.48
152.38
151.92
152.64
152.6
152.64
152.53
152.76
152.53
152.64
152.6
152.65
152.66
152.77
152.77
152.76
152.81
152.65
152.74
151.92
151.92
152.82
152.5
152.56
152.59
152.56
152.57
152.52
152.47
152.54
152.13
152.11
152.52
152.16
152.11
152.24
152.58
152.13
152.09
152.07
152.12
152.12
152.17
152.2
152.18
152.21
152.15
152.04
152.13
152.14
152.04
151.93
152.01
152.01
151.96
152.82
152.95
153.04
152.99
152.98
152.98
153.03
153.02
153.06
153.08
153.02
152.63
152.65
152.84
152.82
152.84
152.9
152.78
152.91
152.65
152.73
152.65
152.52
152.65
152.55
152.62
152.58
152.6
152.73
152.55
152.6
152.49
152.86
152.54
153.1
153.05
153.12
153.3
153.41
152.87
153.47
153.39
153.48
153.38
153.41
153.49
153.41
153.53
153.43
153.74
153.92
154.26
154.48
154.34
154.43
154.42
154.37
154.46
154.33
154.46
154.32
