33.91
33.87
33.83
33.86
33.92
33.71
33.71
33.95
33.93
33.91
33.77
33.72
33.85
33.81
33.79
33.79
33.78
33.83
33.76
33.78
33.74
33.66
33.79
33.62
33.54
33.58
33.78
33.63
33.63
33.64
33.62
33.64
33.62
33.67
33.56
33.56
33.53
33.52
33.56
33.56
33.57
33.59
33.58
33.55
33.59
33.51
33.5
33.49
33.51
33.49
33.49
33.52
33.49
33.52
33.5
33.48
33.46
33.4
33.4
33.66
33.39
33.42
33.42
33.42
33.43
33.43
33.44
33.46
33.42
33.43
33.43
33.45
33.47
33.46
33.43
33.48
33.48
33.47
33.47
33.45
33.42
33.43
33.44
33.48
33.44
33.48
33.46
33.47
33.48
33.49
33.47
33.43
33.47
33.47
33.47
33.47
33.4
33.39
33.37
33.43
33.36
33.38
33.37
33.38
33.37
33.45
33.45
33.48
33.47
33.5
33.51
33.51
33.5
33.53
33.44
33.49
33.49
33.49
33.42
33.42
33.42
33.41
33.43
33.45
33.46
33.43
33.42
33.4
33.42
33.43
33.39
33.41
33.48
33.48
33.51
33.5
33.58
33.58
33.58
33.66
33.6
33.59
33.59
33.61
33.62
33.63
33.62
33.62
33.59
33.62
33.62
33.61
33.59
33.58
33.61
33.63
33.59
33.59
33.58
33.58
33.6
33.58
33.56
33.53
33.54
33.57
33.51
33.47
33.47
33.48
33.48
33.46
33.48
33.46
33.47
33.46
33.66
33.5
33.49
33.5
33.52
33.47
33.52
33.53
33.53
33.51
33.49
33.51
33.5
33.47
33.47
33.51
33.49
33.48
33.45
33.43
33.44
33.44
33.44
33.45
33.47
33.47
33.47
33.45
33.66
33.49
33.51
33.47
33.54
33.53
33.53
33.53
33.51
33.5
33.47
33.45
33.46
33.51
33.51
33.51
33.54
33.54
33.53
33.52
33.48
33.49
33.51
33.47
33.51
33.49
33.48
33.51
33.5
33.43
33.44
33.66
33.48
33.42
33.4
33.4
33.42
33.4
33.41
33.46
33.48
33.47
33.46
33.48
33.52
33.54
33.51
33.49
33.51
33.48
33.43
33.52
33.48
33.5
33.5
33.43
33.37
33.35
33.39
33.34
33.32
33.35
33.28
33.22
33.34
33.22
33.22
33.28
33.27
33.18
33.13
33.17
33.2
33.21
33.2
33.21
33.25
33.28
33.24
33.25
33.28
33.26
33.24
33.27
33.29
33.22
33.19
33.25
33.2
33.12
33.13
33.13
33.07
33.06
33.03
33.03
