40.3
40.3
40.45
40.5
40.53
40.32
40.69
40.74
40.69
40.38
40.71
40.72
40.73
40.69
40.69
40.7
40.74
40.8
40.78
40.72
40.92
40.74
40.95
40.92
40.92
40.8
40.93
40.9
40.97
40.95
40.87
40.8
40.8
40.74
40.78
40.76
40.79
40.91
40.82
40.83
40.84
40.84
40.9
40.85
40.77
40.84
40.81
40.77
40.79
40.78
40.83
40.9
40.86
40.88
40.81
40.81
40.78
40.8
40.72
40.77
40.74
40.79
40.83
40.84
40.83
40.82
40.81
40.9
40.88
40.88
40.81
40.81
40.85
40.81
40.77
40.85
40.85
40.84
40.82
40.76
40.74
40.94
40.73
40.74
40.76
40.73
40.69
40.7
40.69
40.73
40.64
40.61
40.57
40.56
40.51
40.51
40.54
40.47
40.47
40.53
40.49
40.52
40.5
40.56
40.56
40.67
40.71
40.71
40.74
40.69
40.7
40.71
40.72
40.7
40.7
40.71
40.69
40.69
40.72
40.7
40.69
40.71
40.72
40.72
40.74
40.76
40.71
40.72
40.72
40.71
40.7
40.75
40.74
40.78
40.77
40.79
40.8
40.86
40.86
41.01
41.03
41.02
41.01
41
41.01
41.04
40.94
40.99
41.01
41.08
41.01
41.07
41.09
41.12
41.16
41.16
41.15
41.18
41.19
41.16
41.16
41.15
41.13
41.11
41.16
40.94
41.14
41.11
41.12
41.11
41.1
41.1
41.15
41.1
41.13
41.12
41.07
41.06
41.08
41.1
41.15
41.1
41.11
40.94
41.12
41.13
41.15
41.14
41.17
41.17
41.17
41.17
41.13
41.11
41.15
41.01
41.03
41.03
41.04
41.01
41.03
41.03
41.04
41.05
40.94
41.13
41.13
41.06
41.13
41.07
41.13
41.16
41.19
41.22
41.2
41.21
41.17
41.18
41.17
41.2
41.2
41.23
41.24
41.24
41.22
41.25
41.19
41.2
41.23
41.29
41.26
41.29
41.35
41.3
41.31
41.34
41.29
41.31
41.35
41.31
41.4
41.41
41.42
41.44
41.37
41.41
41.4
41.42
41.47
41.47
41.43
41.43
41.39
41.36
41.38
41.42
41.25
41.25
41.27
41.21
41.22
41.27
41.13
41.09
41.17
41.24
41.2
41.29
41.25
41.25
41.29
41.33
41.28
41.29
41.11
41.18
41.15
41.25
41.16
41.18
41.2
41.2
41.18
41.22
41.29
41.22
41.22
41.24
41.23
41.24
41.12
41.03
41.16
41.09
41.08
41.07
41.06
41.03
41.03
41.04
