41.87
41.89
41.86
41.83
41.74
41.85
41.85
41.79
41.81
41.82
41.89
41.86
41.85
41.85
41.79
41.76
41.77
41.79
41.74
41.77
41.76
41.74
41.76
41.78
41.74
41.72
41.67
41.67
41.72
41.73
41.7
41.72
41.65
41.64
41.62
41.62
41.63
41.64
41.6
41.63
41.63
41.63
41.62
41.58
41.62
41.56
41.54
41.54
41.55
41.54
41.57
41.6
41.71
41.6
41.56
41.54
41.54
41.54
41.52
41.52
41.52
41.54
41.57
41.6
41.58
41.57
41.59
41.61
41.58
41.61
41.62
41.57
41.61
41.59
41.57
41.58
41.58
41.57
41.58
41.56
41.55
41.53
41.53
41.58
41.59
41.59
41.56
41.54
41.71
41.62
41.64
41.57
41.56
41.53
41.53
41.53
41.51
41.52
41.49
41.48
41.47
41.49
41.51
41.51
41.51
41.56
41.58
41.57
41.58
41.59
41.58
41.58
41.57
41.56
41.58
41.53
41.57
41.51
41.5
41.47
41.49
41.49
41.52
41.52
41.52
41.52
41.5
41.52
41.53
41.5
41.48
41.5
41.52
41.56
41.57
41.58
41.64
41.71
41.71
41.63
41.62
41.63
41.63
41.62
41.63
41.67
41.62
41.65
41.63
41.62
41.61
41.61
41.61
41.6
41.62
41.62
41.62
41.64
41.62
41.71
41.62
41.62
41.63
41.6
41.6
41.58
41.57
41.55
41.56
41.58
41.55
41.55
41.56
41.55
41.52
41.52
41.53
41.55
41.51
41.54
41.54
41.53
41.53
41.53
41.56
41.56
41.54
41.55
41.54
41.54
41.54
41.53
41.53
41.53
41.52
41.49
41.53
41.51
41.54
41.51
41.55
41.55
41.56
41.54
41.55
41.58
41.71
41.58
41.59
41.59
41.55
41.56
41.56
41.56
41.56
41.56
41.56
41.56
41.6
41.61
41.62
41.62
41.62
41.63
41.63
41.6
41.62
41.61
41.62
41.67
41.65
41.66
41.65
41.63
41.61
41.61
41.61
41.61
41.58
41.58
41.6
41.6
41.59
41.57
41.63
41.71
41.62
41.63
41.66
41.69
41.68
41.65
41.67
41.63
41.59
41.6
41.57
41.54
41.54
41.48
41.48
41.46
41.43
41.42
41.42
41.43
41.39
41.36
41.35
41.33
41.36
41.37
41.4
41.29
41.23
41.26
41.28
41.29
41.27
41.28
41.31
41.33
41.31
41.28
41.29
41.26
41.28
41.31
41.33
41.28
41.28
41.13
41.2
41.17
41.17
41.16
41.14
41.15
41.12
41.18
