63.35
63.35
63.16
62.85
62.67
62.64
62.59
62.78
62.48
62.5
62.63
62.58
62.56
62.58
62.59
62.48
62.62
62.59
62.59
62.76
62.84
62.85
62.77
62.72
62.72
62.8
62.82
62.75
62.85
62.9
62.91
62.97
62.97
63.05
63.04
62.76
63.1
63.11
63.03
62.99
62.94
62.99
63.02
62.96
62.85
62.92
63.08
63.14
63.1
63.07
63.03
63.03
63.01
63.01
62.72
63
63.01
62.72
63.13
63
63.15
63.15
63.16
63.27
63.04
63.38
63.35
63.36
63.36
63.27
63.34
63.29
63.22
63.22
63.13
63.24
63.34
63.23
63.17
63.2
63.31
63.21
63.18
63.38
63.34
63.49
63.49
63.53
63.56
63.62
62.72
63.63
63.6
63.49
63.61
63.59
63.64
63.58
63.64
63.6
63.58
63.54
63.49
63.61
63.48
63.49
63.5
63.44
63.38
63.39
63.4
63.39
62.72
63.32
63.33
63.34
63.33
63.35
63.32
63.33
63.35
63.34
63.35
63.41
63.35
63.48
63.44
63.38
63.3
63.28
63.29
63.31
63.35
63.36
63.4
63.28
63.29
63.32
63.39
63.34
63.37
63.41
63.45
63.4
63.42
63.41
63.4
63.45
63.42
63.42
63.23
63.25
63.25
63.39
63.29
63.31
63.34
63.3
63.36
63.36
62.72
63.42
63.45
63.42
63.42
63.46
63.31
63.33
63.35
63.25
63.25
63.25
63.25
63.33
63.73
63.63
63.73
63.63
63.74
63.76
63.76
63.71
63.71
63.65
63.48
63.5
63.49
63.59
63.59
63.67
63.72
63.73
63.7
63.68
63.7
63.7
63.66
63.66
63.7
63.68
63.64
63.72
63.72
63.69
63.73
63.74
63.79
63.86
63.89
63.85
63.86
63.8
63.92
63.95
63.88
63.94
63.92
63.92
63.93
63.97
63.98
63.9
63.94
64.06
64.21
64.32
64.34
64.31
64.35
64.32
64.26
64.31
64.2
64.15
64.14
