88.57
88.63
88.35
88.02
88.01
88.38
88.07
87.98
87.91
88
88.15
88.07
87.95
88.04
87.95
88.04
88.08
88.15
88.15
88.16
88.26
88.27
88.31
88.31
88.21
88.16
88.14
88.15
88.1
88.2
88.12
88.32
88.34
88.36
88.38
88.39
88.49
88.47
88.6
88.55
88.45
88.49
88.47
88.53
88.5
88.62
88.59
88.55
88.46
88.47
88.95
88.97
89.09
88.5
89.02
89.06
89.06
89.17
89.17
89.36
89.08
89.32
89.32
89.57
89.57
89.59
88.31
89.26
89.42
89.48
89.48
89.45
89.45
89.46
89.46
89.45
89.48
89.47
89.46
89.53
89.68
89.68
89.6
89.75
89.73
89.76
89.84
89.99
89.94
89.93
89.92
89.91
89.89
89.84
89.86
89.83
89.86
88.31
89.7
89.64
89.72
89.74
89.7
89.61
89.67
89.62
89.61
89.54
89.36
89.34
89.34
89.34
89.34
89.37
89.3
89.27
89.28
89.28
89.26
89.25
89.21
89.19
89.27
89.27
89.28
89.27
89.34
89.31
89.31
89.21
89.25
89.09
89.2
89.2
89.18
89.31
89.35
89.39
89.38
89.35
89.28
89.22
89.24
89.33
89.23
89.22
89.37
89.41
89.32
89.21
89.14
89.27
89.19
89.14
89.24
89.38
89.27
89.29
89.34
89.34
89.24
89.25
89.31
89.29
89.31
89.35
88.31
89.36
89.58
89.5
89.5
89.14
89.14
89.2
89.43
89.54
89.63
89.57
89.55
89.64
89.61
89.64
89.6
89.61
89.42
89.34
89.49
89.4
89.44
89.57
89.59
89.56
89.54
89.59
89.46
89.46
89.45
89.51
89.51
89.51
89.53
89.6
89.6
89.55
89.58
89.65
89.7
89.71
89.85
89.83
89.84
89.69
89.9
89.95
89.96
89.8
89.87
89.85
89.84
89.93
89.88
89.98
89.9
90
90.15
90.37
90.3
90.25
90.26
90.2
90.15
90.3
90.25
90.27
90.25
