41.55
41.49
41.5
41.45
41.4
41.41
41.35
41.36
41.31
41.22
41.34
41.36
41.33
41.28
41.23
41.22
41.22
41.29
41.27
41.26
41.3
41.26
41.26
41.22
41.21
41.17
41.24
41.29
41.26
41.29
41.33
41.26
41.28
41.18
41.29
41.15
41.12
41.06
41.06
41.11
41.15
41.26
41.15
41.13
41.06
41.04
41.04
41.05
41.28
41.05
41.06
41.07
41.06
41.06
41.04
41.02
40.97
40.95
41.05
40.95
40.9
40.9
40.95
40.95
40.92
40.92
40.92
40.99
40.95
40.9
40.94
41.28
41
40.99
40.98
40.99
40.98
40.95
40.97
40.96
40.95
40.95
40.97
40.95
40.97
41.03
40.95
41.04
41.09
41.11
40.97
41.01
41
41.01
40.98
40.99
40.96
40.96
40.97
40.9
40.92
40.99
40.93
40.94
40.93
40.92
40.97
40.97
40.97
40.99
41.28
40.96
40.96
41.28
40.96
40.88
40.88
40.87
40.84
40.81
40.84
40.85
40.83
40.85
40.83
40.8
40.77
40.78
40.82
40.81
40.81
40.8
40.84
40.87
40.78
40.89
40.89
40.97
40.98
41.13
41.15
41.1
41.12
41.1
41.12
41.14
41.17
41.13
41.14
41.12
41.12
41.15
41.12
41.12
41.11
41.12
41.12
41.28
41.07
41.09
41.1
41.1
41.1
41.1
41.07
41.04
41.06
41.04
40.9
41.04
41.04
41.04
41.03
41.05
41.01
41.03
40.95
41.04
41.04
40.99
41
41
40.98
40.99
40.99
40.93
40.95
40.9
40.92
40.93
41.28
41.28
40.93
40.88
40.88
40.93
40.83
40.83
40.9
40.85
40.88
40.89
40.9
40.94
40.94
40.95
40.99
40.97
40.98
40.98
40.97
40.96
40.97
40.96
40.95
40.94
40.92
40.95
40.98
41
40.93
41.01
41.02
40.95
41
40.95
40.98
40.97
40.94
41.04
41.01
40.98
41.03
41.03
40.93
40.89
40.95
40.97
40.86
40.85
40.85
40.88
40.89
40.94
40.97
40.97
40.86
40.93
40.97
40.99
40.96
40.97
41.28
40.95
40.98
40.81
40.78
40.76
40.76
40.73
40.66
40.63
40.72
40.74
40.57
40.73
40.7
40.67
40.56
40.6
40.6
40.63
40.58
40.58
40.56
40.56
40.57
40.61
40.57
40.56
40.58
40.63
40.61
40.63
40.57
40.56
40.6
40.61
40.66
40.56
40.49
40.46
40.48
40.47
40.44
40.38
40.4
40.4
40.39
40.37
