40.57
40.57
40.53
40.31
40.51
40.31
40.32
40.5
40.37
40.38
40.4
40.42
40.37
40.34
40.4
40.38
40.37
40.42
40.45
40.39
40.46
40.5
40.4
40.36
40.32
40.34
40.35
40.35
40.32
40.33
40.41
40.32
40.56
40.48
40.47
40.33
40.48
40.36
40.48
40.49
40.49
40.49
40.51
40.52
40.53
40.52
40.59
40.6
40.5
40.57
40.58
40.56
40.54
40.57
40.5
40.53
40.48
40.52
40.57
40.51
40.56
40.58
40.61
40.55
40.69
40.67
40.69
40.67
40.67
40.64
40.63
40.65
40.61
40.61
40.61
40.69
40.52
40.67
40.61
40.67
40.73
40.72
40.73
40.72
40.78
40.81
40.79
40.83
40.88
40.88
40.81
40.83
40.81
40.79
40.79
40.77
40.76
40.75
40.79
40.78
40.81
40.81
40.78
40.83
40.85
40.86
40.79
40.83
40.82
40.84
40.87
40.84
40.84
40.84
40.85
40.88
40.85
40.83
40.85
40.85
40.87
40.88
40.86
40.91
40.92
40.95
40.92
40.9
40.88
40.86
40.86
40.85
40.86
40.9
40.87
40.92
40.91
40.92
40.89
40.92
40.88
40.9
40.93
40.93
40.9
40.9
40.89
40.9
40.9
40.83
40.79
40.9
40.74
40.37
40.74
40.91
40.78
40.76
40.76
40.76
40.72
40.72
40.73
40.72
40.74
40.73
40.8
40.82
40.81
40.77
40.72
40.72
40.76
40.78
40.9
40.91
40.9
40.9
40.92
40.91
40.94
40.96
40.97
40.96
40.86
40.87
40.84
40.88
40.9
40.92
40.96
40.92
40.9
40.88
40.88
40.82
40.83
40.85
40.84
40.85
40.86
40.85
40.88
40.85
40.83
40.85
40.93
40.92
40.97
40.96
40.95
40.99
41.04
41.05
40.94
41.03
41.05
41.02
41.05
41.06
41.03
41.07
41.06
41.08
41.17
41.3
41.33
41.28
41.31
41.29
41.27
41.31
41.29
41.3
41.26
