32.32
31.93
31.93
32.17
32.06
32.26
32.36
32.21
32.5
32.49
32.49
32.69
32.67
32.64
32.54
32.5
32.5
32.39
32.4
32.4
32.4
32.4
32.37
32.26
32.26
32.26
32.49
32.1
32.1
32.1
32.12
32.16
32.16
32.16
32
32.09
32.09
31.82
31.83
32
32.04
32.04
32.07
32.07
32.03
31.98
32.03
31.99
31.99
31.92
31.92
32.1
31.95
31.9
31.96
31.96
31.96
31.83
31.9
31.9
31.72
31.89
31.69
31.69
31.72
31.81
31.81
32
31.74
31.8
31.8
31.84
31.84
31.79
31.83
31.83
31.83
31.97
31.73
31.73
31.72
31.72
31.74
31.75
31.7
31.74
31.76
31.73
31.76
31.75
31.74
31.74
31.74
31.74
31.74
31.74
31.68
31.68
31.72
31.72
31.72
31.74
31.75
31.73
31.72
31.77
31.78
31.77
31.76
31.76
31.73
31.78
31.73
31.74
31.77
31.78
31.76
31.76
31.74
31.74
31.76
31.77
31.77
31.76
31.76
31.77
31.73
31.75
31.73
31.74
31.74
31.74
31.74
31.74
31.74
31.71
31.74
31.74
31.74
31.75
31.75
31.75
31.75
31.75
31.75
31.75
31.75
31.75
31.72
31.72
31.75
31.74
31.74
31.74
31.74
31.74
31.74
31.72
31.72
31.72
31.72
31.75
31.74
31.74
31.8
31.8
31.8
31.8
31.85
31.86
31.92
31.89
32.08
32.03
32.01
32.08
32
32.03
32.03
32.02
32
32
32
32
32
32.04
31.94
31.94
31.95
31.95
31.96
32
31.96
31.93
31.88
31.88
31.88
31.8
31.92
31.92
31.87
31.87
31.86
31.86
31.86
31.99
31.97
31.94
31.94
31.94
31.96
31.99
31.88
31.88
31.97
31.94
31.97
31.99
31.97
32.01
31.94
31.94
31.96
32
32
31.99
31.99
31.99
31.97
31.97
31.98
31.96
31.98
31.98
31.98
31.98
31.95
31.95
31.91
32.1
31.99
31.96
31.99
31.99
32.04
32
32
32.08
31.96
32
32.01
32.01
31.93
31.96
31.96
31.97
31.97
31.88
31.93
31.87
31.91
31.9
31.87
31.93
31.91
31.92
31.92
31.95
31.92
31.94
31.97
31.95
31.93
31.84
31.79
31.79
31.85
31.84
31.75
31.75
31.8
31.79
31.75
31.8
31.8
31.76
31.8
31.8
31.8
31.76
31.79
31.76
31.77
31.77
31.78
31.87
31.84
31.83
31.84
31.82
