37.47
37.37
37.29
36.94
37.07
37.13
37.18
37.13
37.22
37.31
37.2
37.25
37.23
37.24
37.35
37.24
37.32
37.29
37.24
37.25
37.43
37.43
37.38
37.36
37.37
37.36
37.36
37.28
37.25
37.28
37.29
37.26
37.37
37.36
37.34
37.36
37.37
37.4
37.33
37.33
37.27
37.29
37.26
37.24
37.24
37.27
37.37
37.38
37.4
37.41
37.36
37.28
37.31
37.34
37.29
37.3
37.27
37.44
37.47
37.44
37.46
37.57
37.65
37.74
37.81
37.45
37.73
37.72
37.45
37.66
37.71
37.7
37.7
37.69
37.63
37.72
37.75
37.71
37.58
37.67
37.75
37.74
37.72
37.75
37.78
37.83
37.87
37.88
37.81
37.81
37.81
37.74
37.7
37.8
37.71
37.74
37.36
37.89
37.36
37.77
37.74
37.69
37.36
37.87
37.69
37.7
37.67
37.78
37.83
37.6
37.61
37.54
37.51
37.49
37.55
37.57
37.5
37.53
37.55
37.51
37.45
37.45
37.57
37.51
37.59
37.6
37.58
37.54
37.46
37.49
37.47
37.47
37.51
37.54
37.48
37.47
37.51
37.51
37.54
37.52
37.51
37.51
37.53
37.59
37.59
37.54
37.56
37.6
37.58
37.54
37.52
37.57
37.47
37.47
37.51
37.51
37.49
37.46
37.36
37.36
37.32
37.32
37.35
37.33
37.33
37.29
37.17
37.22
37.16
37.11
37.21
37.03
37.04
37.13
37.35
37.38
37.38
37.29
37.33
37.37
37.4
37.4
37.45
37.43
37.28
37.22
37.22
37.26
37.26
37.3
37.35
37.33
37.33
37.3
37.28
37.28
37.22
37.22
37.26
37.33
37.24
37.28
37.27
37.17
37.24
37.27
37.31
37.31
37.25
37.31
37.26
37.25
37.27
37.28
37.28
37.24
37.35
37.38
37.39
37.4
37.36
37.35
37.32
37.33
37.42
37.49
37.54
37.47
37.44
37.42
37.36
37.37
37.4
37.37
37.42
