75.61
75.26
75.26
75.26
75.26
75.26
75.26
75.26
74.73
74.73
74.73
74.73
75.5
75.5
74.75
74.94
74.65
74.52
74.53
74.51
74.36
74.36
74.54
74.74
74.53
74.53
74.55
74.39
74.58
74.58
74.44
74.58
74.58
74.55
74.53
74.55
74.56
74.64
74.65
74.65
74.65
74.82
74.61
74.82
74.82
74.82
74.82
74.82
74.82
74.85
74.85
74.85
74.86
74.78
74.72
74.72
74.72
74.85
74.44
74.45
74.49
74.49
74.49
74.65
74.65
74.65
74.53
74.64
74.64
74.69
74.65
74.65
74.66
74.65
74.68
74.68
74.63
74.63
74.63
74.61
74.64
74.64
74.66
74.66
74.66
74.66
74.66
74.66
74.49
74.65
74.65
74.61
74.61
74.61
74.61
74.61
74.58
74.58
74.63
74.61
74.69
74.59
74.59
74.83
74.86
74.72
74.72
74.45
74.59
74.59
74.59
74.59
74.49
74.49
74.49
74.49
74.49
74.53
74.53
74.54
74.45
74.49
74.44
74.44
74.5
74.5
74.5
74.5
74.5
74.49
74.49
74.49
74.49
74.49
74.44
74.4
74.39
74.46
74.46
74.46
74.46
74.46
74.46
74.46
74.46
74.46
74.42
74.42
74.44
74.44
74.39
74.42
74.42
74.42
74.36
74.36
74.31
74.36
74.37
74.37
74.37
74.37
74.42
74.39
74.4
74.4
74.4
74.4
74.4
74.42
74.42
74.42
74.42
74.42
74.46
74.46
74.4
74.4
74.4
74.46
74.46
74.46
74.7
74.7
74.7
74.7
74.7
74.7
74.7
74.7
74.7
74.38
74.49
74.38
74.38
74.4
74.4
74.42
74.42
74.47
74.47
74.47
74.59
74.59
74.59
74.59
74.59
74.59
74.68
74.68
74.68
74.68
74.73
74.73
74.69
74.69
74.69
74.69
74.69
74.68
74.68
74.65
74.65
74.66
74.66
74.66
74.66
74.68
74.61
74.57
74.59
74.67
74.58
74.58
74.58
74.51
74.57
74.57
74.65
74.65
74.65
74.62
74.63
74.63
74.63
74.63
74.63
74.63
74.69
74.69
74.6
74.75
74.62
74.62
74.62
74.58
74.58
74.51
74.55
74.66
74.66
74.66
74.64
74.68
74.68
74.56
74.62
74.62
74.64
74.64
74.65
74.65
74.65
74.67
74.7
74.64
74.66
74.66
74.64
74.61
74.58
74.63
74.6
74.65
74.68
74.49
74.67
74.85
75.12
75.12
74.83
74.83
74.83
75.15
74.97
74.97
75.3
75.3
75.3
75.18
75
75.23
75.23
75.23
75.33
75.33
75.24
75.24
75.24
75.24
75.24
75.24
75.04
75.04
75.04
75.14
75.14
75.14
74.89
75.02
75.03
75.03
75.03
75.03
74.87
74.64
74.67
74.78
74.87
74.87
74.87
74.87
74.93
74.78
74.85
74.85
74.74
74.75
74.75
74.75
74.75
74.61
74.61
74.61
74.74
74.74
74.67
74.67
74.78
74.63
74.61
74.77
74.79
74.89
74.83
74.83
75.01
75.13
75.24
75.24
75.11
75.11
75.11
75.11
75.11
75.11
75.04
75.04
75.04
75.04
75.08
75.15
74.92
74.92
74.93
75.05
75.05
75.05
75.05
75.05
75.17
75.17
75.17
75.17
75.17
75.06
75.06
75.06
75.06
75.14
75.02
75.02
75.02
75.07
75.07
75.07
75.13
75.14
75.22
75.22
74.82
74.86
74.84
74.85
74.85
75.09
75.09
75.04
75.09
75.09
75.09
75.13
75.25
75.09
74.99
74.91
74.91
74.91
75.02
75.07
75.07
75.07
75.05
75.14
75.14
75.14
75.14
75.14
75.07
75.07
75.13
75.13
75.13
75.13
75.24
75.24
75.07
75.14
75.22
75.13
75.2
75.24
75.16
75.21
75.21
75.21
75.19
75.11
75.24
75.24
75.2
75.17
75.23
75.08
75.16
75.16
75.16
75.23
75.04
75.04
75.04
75.04
75.04
75.04
75.04
75.04
75.04
75.04
75.3
75.3
75.3
75.28
75.11
75.11
75.01
74.89
74.98
75.05
74.97
74.97
74.97
74.95
74.87
74.87
74.87
74.87
74.87
74.87
74.87
74.97
74.88
74.88
74.88
74.79
74.77
74.77
74.77
74.78
74.78
74.78
74.78
74.78
74.78
74.78
74.78
74.66
74.66
74.66
74.57
74.39
74.34
74.34
74.34
74.36
74.36
74.36
74.36
74.36
74.36
74.36
74.36
74.36
74.36
74.36
74.36
74.36
74.36
74.36
74.36
74.36
74.45
74.47
74.47
74.36
74.36
74.36
74.45
74.44
74.44
74.37
74.37
74.37
74.37
74.37
74.42
74.42
74.42
74.36
74.36
74.36
74.19
74.19
74.35
74.18
74.18
74.18
74.32
74.32
74.32
74.32
74.48
74.52
74.49
74.49
74.46
74.46
74.46
74.46
74.46
74.43
74.43
74.43
74.43
74.43
74.41
74.44
74.36
74.39
74.34
74.34
74.34
74.34
74.34
74.46
74.46
74.46
74.58
74.64
74.51
74.51
74.51
74.51
74.51
74.51
74.51
74.53
74.53
74.53
74.53
74.53
74.5
74.48
74.26
74.35
74.32
74.24
74.25
74.25
74.26
74.32
74.28
74.31
74.31
74.31
74.39
74.4
74.4
74.47
74.49
74.51
74.51
74.47
74.5
74.52
74.52
74.52
74.5
74.52
74.52
74.52
74.52
74.51
74.58
74.58
74.58
74.58
74.58
74.58
74.55
74.56
74.54
74.52
74.52
74.57
74.55
74.59
87.71
87.74
87.73
87.74
87.75
87.74
87.96
87.94
87.89
87.97
87.9
87.89
87.89
87.86
87.87
87.87
87.88
87.96
87.96
87.94
87.95
87.95
87.95
87.95
87.95
88
88.18
88.27
88.27
88.18
88.11
88.09
88.07
88.07
88.07
88.14
88.15
88.1
88.1
88.15
88.17
88.28
88.37
88.35
88.44
88.44
88.5
88.49
88.48
88.46
88.42
88.44
88.39
88.37
88.41
88.47
88.49
88.52
88.49
88.49
88.5
88.57
88.64
88.45
88.57
88.57
88.47
88.54
88.49
88.46
88.43
88.25
88.27
88.22
88.27
88.25
88.26
88.29
88.26
88.23
88.22
88.23
88.24
88.28
88.35
88.24
88.37
88.4
88.31
88.31
88.25
88.27
88.24
88.29
88.29
88.28
88.35
88.36
88.35
88.33
88.32
88.33
88.34
88.28
88.32
88.41
88.4
88.4
88.42
88.42
88.41
88.41
88.42
88.42
88.41
88.44
88.44
88.45
88.44
88.43
88.4
88.44
88.43
88.43
88.41
88.41
88.42
88.45
88.45
88.45
88.46
88.45
88.45
88.43
88.43
88.43
88.45
88.41
88.4
88.39
88.38
88.36
88.42
88.4
88.33
88.34
88.38
88.39
88.39
88.35
88.34
88.3
88.29
88.27
88.25
88.3
88.27
88.29
88.26
88.31
88.3
88.3
88.3
88.3
88.3
88.31
88.31
88.3
88.29
88.29
88.29
88.29
88.29
88.31
88.28
88.27
88.3
88.3
88.3
88.35
88.31
88.31
88.3
88.31
88.28
88.27
88.29
88.28
88.26
88.26
88.27
88.26
88.25
88.21
88.18
88.2
88.26
88.23
88.19
88.17
88.15
88.15
88.16
88.15
88.11
88.09
88.13
88.13
88.18
88.21
88.26
88.28
88.27
88.3
88.38
88.27
88.41
88.5
88.31
88.5
88.51
88.61
88.61
88.64
88.72
88.75
88.87
88.8
88.9
88.94
88.87
88.87
88.8
88.8
88.8
88.63
88.8
88.61
88.71
88.78
88.74
88.72
88.76
88.79
88.71
88.7
88.7
88.7
88.54
88.54
88.6
