34.28
34.38
34.38
34.28
34.27
34.11
34.01
34.39
33.79
34.43
33.71
33.77
33.96
33.97
33.97
34
33.98
33.97
33.81
33.86
33.82
33.9
33.88
33.91
33.93
33.99
33.92
33.89
33.93
33.92
33.93
34.02
33.96
34.01
34.18
34.2
34.25
34.25
34.01
34.16
34.18
34.12
34.06
34.19
34.19
34.19
34.15
34.16
34.15
34.18
34.17
34.12
34.16
34.15
34.23
34.16
34.21
34.12
34.21
34.21
34.22
34.24
34.22
34.18
34.18
34.13
34.23
34.23
34.17
34.19
34.2
34.16
34.16
34.06
34.06
34.11
34.07
34.07
34.15
34.15
34.05
34.05
34.11
34.14
34.1
34.16
34.19
34.16
34.21
34.27
34.24
34.22
34.24
34.21
34.24
34.21
34.28
34.27
34.26
34.31
34.29
34.31
34.3
34.32
34.24
34.3
34.29
34.23
34.3
34.25
34.24
34.32
34.33
34.39
34.44
34.4
34.43
34.25
34.46
34.28
34.46
34.44
34.42
34.4
34.38
34.45
34.49
34.53
34.49
34.52
34.35
34.5
34.38
34.43
34.29
34.37
34.32
34.39
34.35
34.31
34.3
34.34
34.36
34.32
34.34
34.33
34.32
34.32
34.37
34.37
34.42
34.38
34.34
34.28
34.31
34.32
34.36
34.34
34.24
34.26
34.22
34.29
34.31
34.28
34.27
34.25
34.22
34.19
34.2
33.82
33.82
33.86
33.86
33.86
33.84
34.02
34.02
33.83
34.02
34.01
34.01
34.08
34.04
34.11
34.15
34.16
34.13
34.09
34.12
34.2
34.23
34.22
34.23
34.16
34.14
34.15
34.15
34.15
34.11
34.14
34.12
34.19
34.27
34.26
34.11
34.11
34.37
34.12
34.11
34.14
34.37
34.19
34.34
34.35
34.31
34.28
34.26
34.22
34.36
34.23
34.25
34.3
34.3
34.11
34.12
34.23
34.13
34.15
34.16
34.16
34.2
34.15
34.15
34.15
34.2
34.21
34.2
34.23
34.27
34.26
34.26
34.22
34.29
34.28
34.28
34.31
34.28
34.31
34.26
34.25
34.31
34.32
34.24
34.23
34.3
34.21
34.16
34.12
34.12
34.17
34.17
34.15
34.12
34.13
34.15
34.17
34.14
34.17
34.17
34.16
34.18
34.17
34.12
34.2
34.22
34.18
34.18
34.16
34.15
34.13
34.13
34.17
34.18
34.17
34.2
34.41
34.39
34.51
34.37
34.37
34.42
34.45
34.51
34.49
34.48
34.6
34.51
34.6
34.6
34.58
34.64
34.67
34.59
34.51
34.58
34.65
34.55
34.55
34.7
34.73
34.7
34.63
34.62
34.67
34.64
34.63
34.7
34.81
34.82
34.82
34.83
34.58
34.96
34.89
34.95
34.92
34.95
34.96
34.94
34.97
35.02
35.09
35.15
34.96
35.26
35.38
35.3
35.25
34.97
35.12
35.13
35.19
35.17
35.18
35.1
35.15
35.13
35.16
35.14
35.14
35.22
35.22
35.29
35.3
35.31
35.25
35.29
35.36
35.32
35.36
35.28
35.27
35.31
35.33
35.34
35.38
35.28
35.46
35.46
35.51
35.31
35.3
35.37
35.36
35.34
35.29
35.33
35.29
35.28
35.31
35.23
35.15
35.19
35.15
35.15
35.15
35.28
35.15
35.11
35.15
35.1
35.1
35.13
35.11
35.14
35.17
35.18
35.15
35.2
35.15
35.14
35.09
35.17
35.15
35.16
35.17
35.18
35.24
35.24
35.27
35.25
35.26
35.29
35.25
35.26
35.23
35.22
35.26
35.24
35.22
35.19
35.2
35.19
35.2
35.25
35.29
35.28
35.28
35.27
35.26
35.18
35.16
35.14
35.19
35.22
35.25
35.22
35.18
35.2
35.16
35.12
35.15
35.19
35.21
35.26
35.26
35.27
35.29
35.31
35.29
35.31
35.44
35.4
35.44
35.42
35.36
35.35
35.34
35.34
35.34
35.32
35.36
35.38
35.35
35.3
35.36
35.36
35.33
35.31
35.33
35.33
35.3
35.27
35.25
35.2
35.21
35.19
35.19
35.2
35.24
35.21
35.22
35.23
35.22
35.28
35.31
35.22
35.32
35.29
35.28
35.31
35.35
35.35
35.36
35.31
35.3
35.29
35.28
35.33
35.36
35.33
35.33
35.38
35.35
35.32
35.32
35.3
35.3
35.27
35.25
35.28
35.2
35.22
35.21
35.23
35.25
35.22
35.23
35.25
35.27
35.27
35.27
35.25
35.28
35.29
35.29
35.29
35.33
35.32
35.33
35.35
35.29
35.27
35.26
35.28
35.33
35.24
35.24
35.22
35.22
35.2
35.24
35.21
35.25
35.27
35.24
35.22
35.22
35.25
35.24
35.19
35.26
35.29
35.28
35.31
35.31
35.29
35.28
35.25
35.27
35.28
35.28
35.3
35.31
35.32
35.32
35.37
35.26
35.4
35.4
35.44
35.43
35.39
35.39
35.45
35.47
35.45
35.44
35.44
35.55
35.44
35.54
35.46
35.51
35.53
35.55
35.59
35.62
35.62
35.59
35.59
35.6
35.6
35.6
35.61
35.63
35.62
35.63
35.62
35.6
35.59
35.59
35.57
35.6
35.52
35.68
35.7
35.71
35.63
35.75
35.76
35.77
35.81
35.77
35.81
35.83
35.79
35.81
35.81
35.84
35.81
35.81
35.81
35.8
35.8
35.78
35.78
35.78
35.78
35.81
35.77
35.76
35.75
35.78
35.78
35.79
35.74
35.74
35.73
35.7
35.74
35.7
35.71
35.69
35.71
35.7
35.92
35.97
35.96
35.99
36
35.96
36.07
36.09
36.13
36.09
36.08
36.08
36.08
36.05
36.05
36.03
36.05
36.05
36.05
36.04
36.08
36.05
36.05
36.04
36.05
36.02
36.04
36
35.99
36
36.05
36.08
36.05
36.05
35.99
35.98
35.9
35.85
35.85
36.05
35.76
35.73
35.78
35.82
35.75
35.82
35.77
35.77
35.78
35.8
35.81
35.73
35.78
35.78
35.75
35.76
35.73
35.68
35.63
35.75
35.58
35.58
35.61
35.76
35.55
35.55
35.48
35.75
35.71
35.52
35.47
35.47
35.5
35.51
35.57
35.55
35.55
35.59
35.61
35.6
35.58
35.69
35.67
35.66
35.62
35.58
35.55
35.6
35.65
35.65
35.6
35.52
35.54
35.54
35.51
35.53
35.54
35.53
35.6
35.56
35.62
35.62
35.62
35.63
35.62
35.62
35.64
35.59
35.56
35.58
35.58
35.57
35.55
35.55
35.54
35.55
35.55
35.55
35.53
35.5
35.49
35.48
35.49
35.53
35.53
35.53
35.53
35.52
35.53
35.51
35.5
35.5
35.53
35.54
35.54
35.53
35.47
35.47
35.42
35.4
35.41
35.5
35.48
35.47
35.43
35.47
35.45
35.42
35.51
35.5
35.45
35.41
35.39
35.39
35.39
35.44
35.44
35.42
35.43
35.43
35.42
35.48
35.53
35.57
35.59
35.5
35.53
35.53
35.52
35.58
35.56
35.53
35.51
35.53
35.51
35.54
35.5
35.48
35.42
35.4
35.4
35.35
35.33
35.28
35.24
35.21
35.23
35.27
35.28
35.28
35.28
35.33
35.28
35.33
35.32
35.33
35.24
35.13
35.14
35.31
35.28
35.26
35.11
35.15
35.17
35.13
35.05
35.07
35.05
35.03
35.07
35.04
35.11
35.18
35.1
35.2
35.28
35.26
35.26
35.28
35.33
35.34
35.34
35.35
35.36
35.37
35.3
35.25
35.3
35.28
35.29
35.29
35.27
35.28
35.27
35.27
35.27
35.28
35.29
35.28
35.3
35.3
35.29
35.29
35.27
35.29
35.28
35.28
35.18
35.18
35.12
