64
64.3
63.65
63.7
63.59
63.56
62.5
64.35
62.86
63.03
62.99
63.37
63.29
63.51
63.21
63.38
64.35
62.71
62.98
62.58
62.65
62.53
62.87
62.7
62.67
62.68
62.71
63.31
63.16
63.13
63.05
63.1
62.9
62.97
63.05
63.04
62.94
62.99
62.92
62.91
62.94
62.56
62.73
62.76
62.95
63.1
63.14
63.3
63.18
63.16
63.25
63.23
63.09
63.35
63.24
63.39
63.13
62.99
62.99
62.89
63.08
62.92
63.06
62.91
62.88
63.17
62.83
63.01
62.86
62.89
63.08
63.04
63.04
63.01
62.99
62.92
63.01
62.81
62.83
62.99
63
62.83
62.86
62.85
62.72
62.73
62.91
62.8
62.75
63.04
62.84
62.83
62.85
62.85
62.83
63.02
62.81
63.1
63.02
62.85
62.79
62.92
63.01
63.24
63.22
63
63.28
63.39
63.27
63.61
63.24
63.24
63.6
63.6
63.66
63.53
63.58
63.63
63.48
63.45
63.45
63.51
63.61
63.41
63.44
63.54
63.45
63.61
63.61
63.38
63.39
63.36
63.48
63.4
63.27
63.38
63.28
63.28
63.32
63.15
63.16
63.17
63.2
63.5
63.37
63.29
63.29
63.3
63.3
63.14
63.27
63.2
63.15
63.02
63.08
63.13
63.25
63.14
63.14
63.25
63.19
63.16
63.25
63.17
63.16
63.23
63.14
62.94
63.05
62.99
62.25
62.33
62.26
62.31
62.31
62.4
62.33
62.26
62.2
62.05
62.16
62.16
62.31
62.16
62.26
62.19
62.16
62.21
62.2
62.21
62.19
62.11
62.21
62.21
62.07
62.1
62.1
62.04
62.02
62.04
61.94
62
61.99
61.92
62.42
62.3
62.3
62.13
62.31
62.08
62.14
62.17
62.32
62.15
62.18
62.14
62.27
62.24
62.29
62.37
62.37
62.26
62.28
62.28
62.52
62.24
62.33
62.25
62.3
62.26
62.18
62.34
62.29
62.12
62.23
62.45
62.36
62.26
62.21
62.2
62.27
62.19
62.29
62.19
62.19
62.21
62.33
62.23
62.24
62.23
62.28
62.21
62.32
62.41
62.21
62.38
62.41
62.56
62.58
62.64
62.67
62.88
62.8
62.82
62.78
62.8
62.73
62.64
62.67
62.7
62.79
62.75
62.81
62.69
62.67
62.7
62.6
62.66
62.61
62.75
62.72
62.7
62.72
62.68
62.73
62.72
62.25
62.64
62.82
64.21
64.09
64.11
64.35
64.28
64.19
64.31
64.24
64.47
65.78
64.48
65.86
66.6
66.88
65.24
66.12
66.04
65.32
65.74
65.7
66
66.24
66.24
66.36
66.1
65.87
66.15
66.78
66.82
66.54
66.5
66.21
66.77
66.08
66.6
66.15
66.15
66.26
66.03
66.21
66.14
66.25
66.19
66.23
66.26
66.4
66.24
66.27
66.78
66.23
66.3
66.84
66.94
67.21
67.15
66.99
67.15
67.31
67.37
67.35
67.68
67.87
67.67
67.84
67.36
67.83
67.25
67.7
67.65
68
67.93
68.11
68.03
68.15
68.22
68.21
68.15
68.29
68.12
68.04
68.18
68.16
68.16
67.62
67.48
67.5
67.53
67.59
67.68
67.65
67.49
67.55
67.77
67.5
67.53
67.49
67.35
67.5
67.63
67.4
67.49
67.53
67.53
67.5
67.55
67.49
67.51
67.5
67.77
67.48
67.78
67.85
67.44
67.71
67.63
67.71
67.82
67.74
67.8
67.71
68
67.89
67.89
68.04
67.88
67.89
67.85
67.85
67.82
67.79
67.77
67.87
67.92
67.74
67.77
67.75
67.75
67.95
67.94
68.06
68.07
67.98
67.97
67.86
68.11
67.98
67.98
67.71
67.65
67.55
67.65
67.54
67.5
67.44
67.57
67.66
67.83
67.87
67.88
67.84
68.05
67.86
67.89
68.12
68.23
68.12
68.1
68.17
68.08
68.16
68.44
68.6
68.72
68.78
68.89
68.8
68.76
68.36
68.76
68.74
68.58
68.43
68.33
68.32
68.25
68.15
68.01
68.05
68.3
68.45
68.58
68.47
68.47
68.4
68.4
68.4
68.42
68.42
68.37
68.32
68.32
68.27
68.25
68.49
68.49
68.48
68.58
68.45
68.49
68.61
68.61
68.56
68.41
68.35
68.47
68.47
68.39
68.48
68.48
68.48
68.21
68.24
68.09
68.2
67.77
67.7
67.8
68.19
67.83
68.1
67.96
67.61
67.57
67.7
67.41
67.56
67.47
67.4
67.38
67.43
67.41
67.41
67.54
67.52
67.39
67.47
67.4
67.35
67.39
67.38
67.4
67.37
67.37
67.37
67.36
67.54
67.51
67.5
67.52
67.65
67.7
67.56
67.46
67.58
67.47
67.59
67.77
67.64
67.73
67.73
67.91
67.89
67.97
67.94
67.9
68.2
67.92
67.91
67.87
68.02
67.9
68.05
68.1
68.1
68.11
68.09
68.11
68.04
68.17
68.02
67.98
68.01
68.01
68.02
68.01
68.04
68.02
68.04
67.99
68.08
67.99
67.97
67.92
67.97
67.96
67.95
67.96
67.96
68.01
68.11
68.14
68.17
68.2
68.22
68.25
68.32
68.35
68.42
68.42
68.48
68.48
68.65
68.56
68.48
68.54
68.47
68.52
68.44
68.43
68.4
68.41
68.41
68.54
68.48
68.41
68.4
68.53
68.56
68.53
68.49
68.51
68.55
68.54
68.53
68.57
68.55
68.58
68.56
68.56
68.48
68.54
68.48
68.45
68.46
68.46
68.57
68.59
68.59
68.29
68
68.34
68.16
68.28
67.84
68.39
68.37
68.42
68.22
68.27
68.24
68.28
68.2
68.21
68.01
67.91
67.97
68.25
68.17
68.14
68.34
68.26
68.03
68.04
68.03
68.01
67.85
67.7
67.7
67.82
67.92
67.96
67.92
67.56
67.73
67.15
67.48
67.64
67.6
67.62
67.55
67.6
67.96
68.18
67.75
67.74
68.26
68.33
67.96
67.96
68.45
68.39
68.45
68.43
68.56
68.54
68.53
68.5
68.27
68.43
68.56
68.39
68.3
68.54
68.53
68.31
68.4
68.33
68.34
68.31
68.15
68.29
68.28
68.26
68.33
68.43
68.38
68.44
68.39
68.33
68.48
68.23
68.31
68.27
68.3
68.44
68.53
68.5
68.53
68.56
68.39
68.38
68.5
68.46
68.44
68.53
68.5
68.77
68.81
68.87
68.82
68.65
68.76
68.73
68.77
68.81
69.07
68.97
68.91
69.45
69.31
69.31
69.25
69.34
69.25
69.09
69.06
69.1
69.1
69.1
69.25
69.25
69.25
69.25
69.25
69.13
69.22
69.19
69.26
69.14
69.1
69.19
69.29
69.29
69.27
69.3
69.03
69.26
69.01
69
69.22
69.22
69.03
68.89
69
68.97
68.99
69.16
68.95
69.03
69.02
69.05
69.04
68.88
69.13
69.07
69.04
68.58
68.58
68.61
68.61
68.66
68.66
68.49
68.46
68.41
68.45
68.35
68.53
68.45
68.2
68.42
68.17
68.11
68.02
68.06
68.03
68.04
68.07
67.78
68.06
67.86
67.97
68.05
67.87
67.86
67.82
67.75
67.75
67.75
67.77
67.76
67.77
67.76
67.74
67.71
67.8
67.81
67.95
67.91
67.83
67.81
67.97
67.93
68
67.99
68
67.95
67.92
67.86
67.99
68
67.94
67.87
67.96
67.95
68.15
67.97
68.05
67.94
67.95
68.02
68.02
67.93
68.23
68.29
68.33
68.34
68.37
68.35
68.35
68.32
68.31
68.35
68.28
68.11
68.1
68.29
68.3
68.31
68.29
68.28
68.29
68.28
68.29
68.3
68.31
68.06
68.2
