75.73
75.61
75.46
75.56
75.62
75.49
75.41
75.41
75.57
75.29
75.2
75.44
75.29
75.35
75.29
75.28
75.09
74.95
74.95
74.89
75.27
75.27
74.92
75.16
75.05
74.99
75.05
74.96
75.26
75.13
75.23
75.21
75.16
75.12
75.43
75.49
75.53
75.51
75.41
75.34
75.3
75.37
75.26
75.16
75.15
75.17
75.27
75.19
75.24
75.3
75.29
75.32
75.34
75.3
75.15
75.25
75.25
75.33
75.32
75.29
75.3
75.26
75.35
75.3
75.3
75.3
75
75.06
75.06
75.09
75.16
75.19
75.16
75.1
75.21
75.05
75.06
75.1
75.05
75.01
75.1
75.1
75.12
75.12
75.13
75
74.96
75.04
75.08
75.13
75.06
75.13
75.11
75.12
75.07
75.11
75.02
75.07
75.11
75.03
75
75.07
75.12
75.17
75.2
75.16
75.18
75.19
75.14
75.16
75.15
75.14
75.22
75.14
75.17
75.22
75.19
75.14
75.16
75.23
75.15
75.15
75.14
75.11
75.08
75.07
75.13
75.11
75.06
75.02
74.97
74.99
75.07
75.08
75.03
75.03
75.04
75.09
75.11
75.12
75.12
75.1
75.15
75.2
75.21
75.15
75.17
75.16
75.16
75.23
75.29
75.35
75.33
75.37
75.37
75.33
75.38
75.37
75.35
75.39
75.41
75.39
75.46
75.39
75.49
75.38
75.47
75.49
75.5
75.46
76.08
76.16
76.1
76.12
76.12
76.08
76.1
76.14
76.16
76.15
76.14
76.14
76.11
76.12
76.09
76.21
76.1
76.06
76.1
76.09
76.1
76.02
76.04
76.09
76.1
76.03
76.09
76.07
75.97
76
76.02
76.05
76.12
76.17
76.14
76.11
76.16
76.17
76.19
76.18
76.15
76.14
76.19
76.19
76.21
76.23
76.21
76.21
76.18
76.21
76.2
76.22
76.22
76.22
76.21
76.15
76.18
76.19
76.21
76.22
76.27
76.25
76.17
76.26
76.17
76.17
76.2
76.2
76.22
76.2
76.2
76.19
76.24
76.2
76.15
76.19
76.16
76.24
76.23
76.2
76.14
76.11
76.15
76.18
76.23
76.22
76.23
76.28
76.16
76.11
76.15
76.19
76.2
76.25
76.25
76.25
76.21
76.2
76.24
76.3
76.28
76.27
76.27
76.25
76.29
76.26
76.27
76.25
76.25
76.26
76.27
76.21
76.28
76.28
76.26
76.25
76.27
76.31
76.33
76.41
76.43
76.33
76.32
76.29
76.19
76.1
76.1
76.12
76.17
76.13
76.14
76.15
76.17
76.15
76.09
76.13
76.08
76.05
76.17
76.3
76.28
76.23
76.18
76.1
76.04
76
76.02
76.09
76.11
76.18
76.15
76.25
76.35
76.03
76.42
76.37
76.27
76.28
76.33
76.34
76.27
76.23
76.35
76.35
76.3
76.29
76.24
76.23
76.33
76.23
76.16
76.15
76.08
76.04
76.09
76.18
76.08
76.29
76.45
76.43
76.54
76.64
76.65
76.81
76.8
76.76
76.75
76.85
76.4
76.87
76.93
76.84
76.89
76.89
76.91
77.06
77.01
76.99
77.06
77.23
77.26
76.9
77.1
77.1
77.06
76.97
77.17
77.15
77.25
77.22
77.19
77.15
77.19
77.18
77.06
76.99
77.03
77.02
77.04
77.17
77.09
77.08
77.14
77.2
77.2
77.2
77.22
77.19
77.25
77.2
77.27
77.27
77.2
77.11
77.12
77.13
77.24
77.07
77.09
77.08
77.11
77.12
77.06
77.1
77.1
77.13
77.15
77.12
77.08
77.08
77.06
77.06
77.07
77.1
77.07
77.09
77.1
77.09
77.07
77.08
77.1
77.04
77.04
77.01
77.07
77.14
77.12
77.15
77.14
77.14
77.14
77.17
77.12
77.11
77.16
77.15
77.09
77.03
77.05
77.05
77.03
77.05
77.12
77.14
77.05
77.07
77.08
77.1
77.09
77.08
77.07
77.01
77.02
77.01
77.04
77.04
77.08
77.08
77.04
77.11
77.08
77.13
77.1
77.09
77.02
76.88
76.91
76.87
76.86
76.98
76.97
76.96
76.96
76.96
77
77.02
76.94
77.01
77
76.97
76.97
76.97
77.02
77.04
77.04
76.98
76.93
77
76.99
76.98
76.92
76.98
76.97
77
76.96
76.95
76.96
76.97
76.99
76.95
76.79
76.89
76.76
76.7
76.81
76.65
76.64
76.71
76.72
76.76
76.71
76.71
76.68
76.68
76.64
76.69
76.64
76.68
76.67
76.61
76.61
76.69
76.55
76.53
76.57
76.52
76.47
76.42
76.39
76.4
76.35
76.3
76.29
76.26
76.39
76.39
76.37
76.34
76.33
76.46
76.29
76.34
76.29
76.29
76.48
76.56
76.56
76.51
76.52
76.57
76.43
76.49
76.47
76.57
76.45
76.42
76.43
76.44
76.43
76.43
76.44
76.46
76.44
76.44
76.55
76.5
76.47
76.52
76.51
76.43
76.54
76.49
76.56
76.59
76.59
76.59
76.58
76.6
76.7
76.69
76.64
76.67
76.66
76.65
76.71
76.68
76.68
76.67
76.63
76.63
76.61
76.6
76.61
76.57
76.63
76.73
76.73
76.72
76.74
76.82
76.85
76.82
76.84
76.78
76.76
76.77
76.79
76.76
76.73
76.73
76.76
76.79
76.81
76.78
76.76
76.73
76.73
76.74
76.69
76.71
76.72
76.71
76.75
76.7
76.68
76.73
76.68
76.7
76.71
76.69
76.77
76.78
76.76
76.73
76.72
76.76
76.74
76.95
76.99
77
77.01
77.1
77.1
77.12
77.1
77.24
77.15
77.16
77.18
77.23
77.31
77.27
77.27
77.23
77.27
77.28
77.28
77.26
77.36
77.3
77.32
77.36
77.39
77.36
77.32
77.3
77.32
77.34
77.36
77.4
77.41
77.43
77.43
77.4
77.42
77.48
77.45
77.52
77.47
77.42
77.56
77.49
77.51
77.54
77.44
77.49
77.53
77.54
77.54
77.56
77.54
77.57
77.56
77.5
77.42
77.45
77.37
77.3
77.34
77.3
77.58
77.4
77.47
77.41
77.47
77.45
77.5
77.46
77.38
77.36
77.39
77.38
77.38
77.3
77.23
77.24
77.27
77.29
77.29
77.3
77.24
77.44
77.41
77.4
77.39
77.39
77.33
77.38
77.35
77.36
77.33
77.36
77.36
77.33
77.39
77.38
77.39
77.43
77.45
77.43
77.41
77.39
77.45
77.48
77.51
77.53
77.5
77.58
77.54
77.54
77.53
77.58
77.58
77.47
77.5
77.52
77.57
77.56
77.52
77.56
77.57
77.53
77.56
77.53
77.56
77.57
77.6
77.61
77.57
77.59
77.58
77.6
77.58
77.56
77.56
77.54
77.49
77.47
77.5
77.5
77.53
77.5
77.46
77.47
77.44
77.47
77.47
77.46
77.46
77.43
77.45
77.43
77.44
77.43
77.4
77.36
77.38
77.36
77.37
77.36
77.35
77.33
77.34
77.29
77.25
77.23
77.36
77.32
77.23
77.23
77.25
77.32
77.35
77.4
77.46
77.4
77.45
77.46
77.45
77.42
77.43
77.41
77.44
77.46
77.47
77.41
77.23
77.05
77.13
77.16
77.19
77.12
77.08
77.02
76.93
76.96
76.91
76.96
77.13
77.05
77.08
77.07
77.15
77.12
77.14
77.1
77.14
77.15
77.16
77.06
77.13
77.13
77.11
77.19
77.29
77.24
77.26
77.34
77.3
77.36
77.33
77.33
77.38
77.33
77.43
77.44
77.48
77.51
77.51
77.65
77.67
77.71
77.74
77.67
77.61
77.6
77.62
77.63
77.64
77.58
77.62
77.58
77.56
77.57
77.57
77.61
77.62
