177.67
178.1
178.18
178.02
177.71
177.08
176.51
176.28
176.51
176.6
176.59
176.58
176.52
176.66
176.08
176.11
175.58
175.36
175.34
175.44
175.36
175.75
175.94
175.64
175.68
175.74
175.56
175.79
175.82
175.49
175.74
175.72
175.67
175.78
176.41
176.36
176.35
176.32
175.99
176.07
176.18
176.2
175.5
175.25
175.43
175.5
175.95
175.7
176.17
176.65
176.72
176.82
176.54
176.13
176.43
176.18
176.15
176.2
175.94
175.71
175.47
175.69
175.98
175.94
175.96
175.27
175.24
175.3
175.68
175.26
175.53
175.57
175.57
175.63
175.55
175.34
175.54
175.36
175.15
175.18
175.35
175.27
175.38
175.16
175.24
175.28
175.19
175.15
175.03
175.46
175.37
175.27
175.41
175.16
175.16
175.3
175.35
175.3
175.31
175.3
175.27
175.38
175.21
175.22
175.66
175.23
175.61
175.43
175.24
175.47
175.33
175.2
175.29
175.13
175.29
175.43
175.3
175.18
175.16
175.19
175.07
175.1
175.13
174.99
175.06
174.89
174.85
174.75
174.63
174.59
174.5
174.64
174.62
174.59
174.55
174.5
174.5
174.71
174.82
174.81
174.79
174.6
174.68
174.69
174.62
174.59
174.51
174.41
174.41
174.42
174.49
174.57
174.51
174.54
174.56
174.57
174.61
174.47
174.33
174.7
174.84
174.47
174.56
175
174.99
174.67
175
175.08
175.21
175.19
175.08
175.04
174.98
175.09
175.09
175.04
175.32
175.24
175.03
174.99
175.14
175.14
175.08
175.08
175.09
175.09
175.01
175.04
174.96
175.11
175.08
175.05
174.96
174.97
174.86
175.01
174.83
174.8
174.73
174.7
174.74
174.84
175.25
175.43
175.41
174.72
175.46
175.42
174.83
175.75
174.98
175.06
175.7
175.75
175.89
176.16
175.96
176.03
176.16
176.2
176.23
176.3
176.05
176.05
176.07
176.19
176.18
176.23
176.13
176.14
176.2
176.17
175.89
176.2
176.22
175.85
175.82
175.83
175.88
176.03
175.95
175.92
176
175.97
175.93
175.94
176.09
176.07
176.14
176.06
175.91
175.84
175.76
176.09
175.74
176.07
175.79
175.59
175.3
175.29
175.36
175.35
175.36
175.4
175.49
175.46
175.36
175.4
175.29
175.54
175.53
175.6
175.7
175.41
175.6
175.54
175.45
175.34
175.52
175.43
175.42
175.5
175.51
175.34
175.42
175.54
175.39
175.95
175.99
175.51
175.38
175.62
175.62
175.49
175.95
175.66
175.93
175.83
175.71
175.93
175.89
175.97
176.06
175.72
175.81
175.83
176.11
176.01
175.63
175.96
175.93
175.71
175.72
175.54
175.57
175.75
175.38
175.62
176.01
176.22
176.46
176.62
175.44
176.85
176.7
176.5
176.53
176.44
176.7
176.94
176.65
176.55
176.82
176.96
177.09
177.18
177.14
177.29
176.9
176.96
177.28
177.44
177.36
177.23
177.35
177.23
177.41
177.36
177.57
177.47
177.57
177.47
177.41
177.83
177.87
177.79
177.77
177.48
178.08
178.1
178.08
178.07
178.17
178.25
178.37
178.25
178.08
178.07
177.69
177.85
177.79
178.2
177.54
177.48
178.32
177.32
177.49
177.66
177.77
177.66
177.57
177.58
177.5
177.49
177.36
177.14
177.15
177.19
177.24
176.94
176.93
176.94
176.64
176.9
176.85
176.89
176.79
176.79
176.79
176.76
176.89
176.7
176.6
176.79
176.73
176.83
176.56
176.54
176.71
176.77
176.74
176.86
176.97
177.04
177.01
176.77
176.84
176.79
177.02
177.06
176.95
176.87
176.81
177.15
176.85
176.91
176.9
176.77
176.91
176.81
176.66
176.52
176.57
176.65
176.72
176.74
176.75
176.51
176.53
176.55
176.77
176.81
176.72
176.76
176.82
176.91
176.72
176.84
176.86
176.91
176.93
177.1
177.39
176.92
177.01
177.11
177.15
177.13
177.12
177.07
177.03
176.95
176.9
176.86
176.97
176.95
177.04
177.07
177.05
177.24
177.03
177.08
177.1
176.99
176.87
176.59
176.51
176.58
176.46
176.6
176.65
176.58
176.52
176.48
176.43
176.78
176.45
176.85
176.9
176.83
176.68
176.82
176.98
177.05
176.99
177.01
177.06
176.98
177.16
177.24
177.35
177.19
177.52
177.34
177.4
177.48
177.39
177.31
177.29
176.99
176.81
176.78
177.01
176.94
176.85
176.72
176.79
176.75
176.78
176.76
176.66
176.96
177.01
176.82
176.85
176.87
176.81
176.85
177.01
176.99
176.88
177.15
177.08
176.91
176.95
176.76
176.85
176.67
176.42
176.43
176.42
176.21
176.28
176.27
176.32
176.4
176.37
176.39
176.35
176.26
176.17
176.04
176.3
176.29
176.4
176.66
176.62
176.66
176.53
176.56
176.61
176.64
176.6
176.6
176.65
176.65
176.56
176.59
176.57
176.57
176.43
176.48
176.35
176.44
176.32
176.29
176.21
176.07
176.07
175.98
176.17
176.14
176.38
176.48
176.42
176.49
176.56
176.63
176.74
176.69
176.64
176.69
176.79
176.63
176.8
176.76
176.69
176.5
176.53
176.49
176.41
176.43
176.29
176.17
176.37
175.93
175.98
176.6
176.72
176.73
176.84
176.75
176.75
176.73
176.82
176.83
176.84
176.95
176.87
176.84
177.16
176.89
177.15
177.05
177.06
177.04
177.12
177.06
177.02
177.13
177.15
177.21
177.12
177.18
177.23
177.3
177.33
177.3
177.05
177.28
177.38
177.38
177.3
177.32
177.22
177.27
177.22
178.25
178.46
178.68
178.75
178.96
177.96
179.42
179.49
179.85
179.71
180.3
179.92
180.1
180.47
180.39
180.28
180.27
180.37
180.31
180.16
180.26
180.55
180.49
180.59
180.87
181.07
180.92
181.07
180.99
180.98
180.98
181.27
181.38
181.38
181.12
181.23
181.12
180.89
180.89
180.69
180.81
180.69
180.67
180.6
180.5
180.53
180.21
180.44
180.51
180.45
180.45
180.48
180.7
180.98
181.13
181.11
180.93
181.01
181.12
180.83
180.76
180.74
180.7
180.68
180.68
180.76
180.53
180.65
180.61
180.71
180.7
180.64
180.65
180.62
180.76
180.64
180.62
180.65
180.7
180.46
180.53
180.68
180.68
180.52
180.94
180.91
180.85
181.06
180.92
180.68
180.72
180.95
180.6
180.5
180.62
180.49
180.61
180.74
180.73
180.78
180.55
180.54
180.4
180.36
180.29
180.34
180.61
180.51
180.48
180.48
180.55
180.48
180.48
180.54
180.59
180.46
180.21
180.15
180.13
180.14
180.19
180.06
180.24
180.18
180.21
180.22
180.3
180.48
180.49
180.6
180.32
180.39
180.51
180.56
180.61
180.65
180.61
180.66
180.62
180.54
180.52
180.25
180.21
180.16
180.22
180.19
180.22
180.26
180.53
180.2
180.26
180.21
180.15
180.33
180.28
180.23
180.15
180.31
180.19
180.06
180.15
180.27
180.49
180.57
180.52
180.56
180.53
180.52
180.52
180.82
180.5
180.75
180.78
180.83
180.89
180.93
180.77
180.96
180.89
180.93
180.91
180.96
180.94
180.98
181.02
181.08
181.05
180.97
181.02
180.98
180.93
180.97
180.98
181.16
181.17
180.99
181.02
181.17
181.15
181.16
181.26
181.3
181.25
181.29
181.29
181.6
181.52
181.74
181.61
181.67
181.7
181.74
181.61
181.72
181.51
181.8
181.9
181.85
181.57
181.67
181.84
181.91
181.93
181.98
182.16
182.17
182.4
182.14
182.38
182.37
182.34
182.34
182.35
182.42
182.37
182.37
182.11
182.1
182.39
182.5
182.41
182.39
182.15
182.29
182.41
182.24
182.22
182.35
182.15
182.16
