2024.78
2026.38
2028.06
2028.55
2028.29
2026.83
2025.08
2023.57
2020.4
2020.69
2019.06
2019.94
2020.27
2021.6
2018.57
2017.66
2015.43
2014
2012.92
2012.76
2010.99
2013.52
2012.41
2012.15
2010.79
2012.06
2013.1
2012.88
2013.37
2010.9
2012.25
2011.62
2012.91
2012.56
2013.86
2015.23
2015.58
2016.09
2015.32
2015.65
2015.57
2015.94
2014.71
2012.13
2012.14
2012.54
2014.83
2015.04
2016.22
2017.14
2016.9
2017.03
2016.42
2017.2
2016.89
2016.2
2015.53
2015.22
2013.69
2012.78
2012.39
2012.57
2014.03
2013.3
2011.55
2010.44
2008.51
2009.11
2009.78
2009.64
2009.65
2011.28
2011.32
2011.99
2012.62
2010.33
2010.28
2011.1
2009.4
2009.54
2009.71
2009.73
2010.54
2008.77
2009.61
2009.34
2008.54
2009.8
2009.25
2011.97
2011.87
2012.25
2012.19
2011.76
2011.36
2011.06
2010.38
2011.36
2010.84
2010.57
2010.49
2011.41
2011.71
2012.19
2012.64
2012.41
2012.66
2012.24
2011.05
2011.5
2010.98
2011.33
2011.94
2011.69
2012.58
2012.75
2012.27
2011.88
2011.94
2012.33
2011.09
2010.78
2011.04
2009.25
2009.28
2008.62
2008.67
2009.07
2006.68
2005.98
2004.61
2005.1
2005.45
2006.02
2005.31
2005.06
2004.9
2006.01
2006.62
2006.81
2006.56
2006.47
2007.17
2007.15
2007.48
2007.25
2007.17
2006.46
2006.46
2008.95
2008.73
2009.47
2008.83
2009.12
2008.73
2008.31
2008.84
2009.3
2008.87
2008.76
2009.2
2008.63
2010.02
2010.03
2010.19
2010.26
2009.94
2010.3
2010.27
2009.93
2014.33
2014.34
2014.22
2014.96
2014.96
2016.16
2017.23
2017.08
2017.07
2016.77
2016.71
2016.71
2016.59
2016.6
2016.3
2016.16
2016.48
2015.82
2016.07
2015.38
2015.69
2015.9
2015.92
2016.36
2015.47
2015.35
2015.69
2015.77
2014.59
2014.98
2015.4
2015.53
2016.95
2018.63
2018.67
2018.68
2019.31
2019.94
2020.17
2020.38
2020.54
2020.43
2021.27
2021.23
2022.37
2023.09
2022.27
2022.38
2022.6
2022.96
2022.86
2023.39
2023.26
2023.26
2022.73
2022.22
2022.56
2022.44
2022.92
2022.76
2024.14
2024.19
2022.89
2022.53
2022.79
2023.12
2023.14
2023.47
2023.72
2024.45
2024.62
2023.78
2024.18
2024.15
2023.82
2023.85
2025.27
2025.37
2025.35
2024.96
2024.11
2023.77
2023.81
2024.35
2024.34
2024.54
2024.24
2024.07
2021.43
2021.11
2021.65
2021.69
2021.8
2022.02
2022.65
2022.43
2022.2
2022.36
2023.13
2023.87
2023.44
2023.67
2023.47
2023.87
2023.19
2023.22
2022.76
2022.31
2021.67
2022
2021.34
2021.27
2022.01
2021.56
2021.83
2022.31
2022.33
2023.99
2028.49
2024.32
2024.09
2023.79
2022.73
2021.29
2021.18
2020.79
2021.63
2022.76
2024.42
2024.07
2022.86
2024.48
2024.33
2023.26
2022.51
2023.96
2026.21
2024.27
2024
2025.8
2026
2025.81
2024.93
2022.09
2020.76
2021.41
2021.73
2022.09
2023.82
2024.09
2025
2025.13
2026.24
2027.39
2027.09
2026.21
2025.21
2025.81
2026.83
2027.72
2027.66
2025.92
2027.19
2027.46
2028.09
2028.06
2027.55
2028.29
2027.92
2027.02
2026.92
2026.33
2026.04
2025.83
2026.09
2026.93
2026.95
2027.19
2028.45
2028.17
2029.55
2029.35
2029.48
2032.18
2034.08
2033.7
2032.82
2035.26
2036.65
2036.29
2036.02
2035.37
2035.96
2036.24
2036.98
2037.85
2037.13
2036.17
2035.67
2036.06
2035.97
2035.91
2034.48
2034.47
2034.4
2033.88
2034.53
2035.15
2035.59
2035.25
2034.01
2033.64
2033.59
2033.76
2032.59
2031.62
2031.97
2032.41
2032.73
2032.39
2032.76
2032.18
2031.91
2032.69
2033.39
2034.11
2033.75
2033.74
2034.19
2034.39
2034.45
2033.92
2033.31
2032.32
2032.51
2032.76
2032.69
2031.97
2032.49
2033.16
2033.37
2034
2034.25
2035.16
2035.44
2034.8
2035.11
2035.17
2035.23
2036.25
2036.18
2035.17
2035.01
2034.96
2034.96
2035.41
2035.54
2035.42
2035.39
2035.25
2034.79
2034.21
2033.5
2033.55
2033.94
2034.94
2035.03
2035.64
2035.56
2035.76
2035.24
2035.57
2035.09
2035.19
2035.46
2035.72
2035.04
2034.89
2034.93
2035
2035.1
2035.45
2035.84
2036.39
2034.65
2034.82
2034.83
2033.96
2034.01
2033.82
2033.64
2032.94
2033.25
2033.45
2033.51
2033.19
2033.82
2033.54
2033.82
2034.47
2034.38
2034.61
2034.04
2034.1
2032.58
2030.04
2029.47
2029.91
2030.39
2030.76
2031.07
2031.08
2030.96
2030.55
2030.77
2031.72
2032.16
2031.98
2031.88
2031.63
2031.06
2031.65
2032.46
2032.09
2032.06
2031.22
2030.89
2031.72
2032.27
2032.25
2031.67
2031.96
2032.52
2032.55
2032.15
2031.52
2031.78
2031.96
2031.81
2030.02
2028.37
2028.66
2027.66
2027.34
2027.09
2027.12
2026.84
2026.8
2026.22
2027.05
2027.41
2027.37
2027.54
2027.27
2027.4
2027.66
2027.98
2028.21
2027.98
2027.67
2027.57
2027.54
2027.36
2027.34
2027.43
2026.83
2026.78
2025.73
2024.74
2024.69
2024.32
2023.33
2023.11
2022.88
2024.23
2024.74
2024.19
2023.9
2024.24
2024.8
2024.28
2022.97
2023.89
2024.07
2024.79
2026.17
2026.56
2026.51
2026.34
2026.05
2026.04
2026.48
2026.9
2026.92
2027.76
2027.17
2027.67
2027.61
2026.69
2026.94
2027.01
2027.42
2026.98
2027.13
2027.39
2026.9
2026.41
2026.39
2025.63
2024.86
2025.65
2026.01
2027.41
2028.07
2028.97
2028.76
2028.82
2029.59
2030.83
2030.32
2029.68
2029.98
2030
2029.73
2031.02
2030.76
2030.74
2030.05
2030.59
2030.59
2030.29
2029.97
2029.69
2027.72
2028.49
2029.56
2029.42
2030.02
2030.33
2030.79
2032.14
2031.58
2031.79
2032.05
2031.48
2031.79
2032
2031.95
2031.65
2031.08
2032.69
2032.55
2033.38
2032.64
2032.57
2033.21
2033.48
2033.54
2032.49
2032.78
2033.02
2032.62
2032.99
2033
2032.78
2032.99
2033.13
2033.26
2032.49
2032.73
2032.74
2033.08
2032.74
2033.05
2033.23
2033.25
2032.85
2035.75
2037.4
2037.51
2037.48
2038.88
2041.16
2041.7
2041.66
2042.65
2042.07
2042.24
2041.57
2041.86
2043.5
2043.76
2042.64
2042.42
2042.97
2043.53
2043.47
2043.9
2045.83
2045.63
2046.39
2047.26
2046.64
2046.99
2047.1
2046.95
2047.18
2047.67
2050.02
2050.51
2050.51
2048.21
2048.26
2047.3
2046.74
2046.7
2045.99
2046.43
2045.03
2044.32
2045.39
2045.3
2045.87
2045.36
2045.96
2046.63
2047.18
2047.08
2047.81
2048.82
2049.21
2049.33
2049.25
2048.61
2048.32
2048.65
2046.99
2046.62
2047.11
2047.23
2046.57
2046.46
2047.13
2045.74
2046.18
2046.32
2046.89
2046.52
2045.42
2045.48
2045.33
2045.57
2045.26
2044.86
2044.45
2043.2
2042.91
2043.18
2043.38
2043.39
2044.04
2044.65
2044.44
2044.53
2045.65
2045.25
2044.43
2044.66
2044.59
2044.45
2043.65
2043.78
2043.29
2044.17
2044.76
2045.54
2045.01
2045.11
2045.09
2045.14
2045.29
2045.16
2045.56
2046.35
2046.85
2046.86
2047.07
2047.69
2047.16
2047.24
2047.22
2047.46
2047.05
2045.65
2045.67
2045.95
2045.89
2046.08
2045.33
2045.99
2045.64
2045.14
2045.27
2044.76
2045.51
2046
2046.26
2046.57
2045.95
2046.12
2046.59
2046.96
2046.63
2046.37
2046.26
2045.15
2044.76
2044.76
2044.76
2044.76
2044.76
2044.76
2044.76
2044.76
2044.76
2044.76
2044.76
2044.76
2044.76
2044.76
2044.76
2044.76
2044.76
2044.76
2044.76
2044.76
2044.32
2044.44
2045.06
2045.24
2045.24
2045.07
2045.11
2044.25
2044.38
2044.66
2045.71
2046.24
2045.57
2046.06
2045.93
2046.59
2047.21
2047.31
2048.56
2048.36
2048.48
2048.14
2048.4
2048.2
2048.57
2048.66
2048.45
2048.7
2049.05
2048.83
2048.5
2047.71
2048.15
2048.2
2048.59
2049.26
2050.26
2050
2049.14
2048.51
2048.01
2048.35
2048.75
2048.6
2049.08
2049.51
2051.3
2051.22
2051.67
2051.4
2051.03
2051.39
2051.54
2053.34
2055.13
2055.22
2055.14
2055.65
2056.03
2055.3
2055.06
2057.74
2057.77
2057.66
2058.15
2059.23
2060.02
2060.84
2061.18
2062.3
2062.97
2062.56
2062.56
2064.02
2063.87
2064.57
2063.07
2062.01
2061.26
2062.03
2063.12
2063.36
2063.73
2062.52
2062.7
2062.28
2062.17
2062.14
2062.33
2062.09
2062.23
