63.63
63.63
63.64
63.7
63.56
63.54
63.41
63.13
63.12
63.19
63.2
63.26
63.42
63.4
63.35
63.38
63.32
63.24
63.21
63.39
63.05
63.13
63.11
63.1
63.33
63.1
63.3
63.06
63.26
62.91
62.96
62.92
62.92
62.96
62.9
63.03
63.12
63.12
63.16
63.15
63.15
63.17
63.06
63
62.99
62.89
62.92
62.91
62.93
62.94
62.95
62.99
62.97
62.95
62.94
62.89
62.94
62.91
62.98
62.82
62.71
62.66
62.7
62.68
62.64
62.55
62.56
62.61
62.65
62.63
62.74
62.76
62.83
62.86
62.87
62.83
62.85
62.81
62.79
62.76
62.82
62.76
62.74
62.68
62.81
62.78
62.66
62.77
62.65
62.73
62.78
62.7
62.76
62.75
62.73
62.76
62.7
62.63
62.59
62.59
62.64
62.76
62.65
62.66
62.66
62.61
62.64
62.63
62.58
62.59
62.6
62.57
62.62
62.59
62.6
62.59
62.6
62.55
62.57
62.61
62.62
62.63
62.64
62.57
62.54
62.54
62.55
62.53
62.47
62.5
62.41
62.4
62.45
62.43
62.42
62.39
62.43
62.47
62.42
62.5
62.46
62.46
62.44
62.51
62.55
62.54
62.48
62.51
62.51
62.64
62.57
62.6
62.58
62.61
62.63
62.6
62.61
62.57
62.55
62.57
62.56
62.56
62.54
62.59
62.58
62.57
62.55
62.57
62.58
62.56
62.86
62.81
62.86
62.89
62.89
62.95
62.94
62.95
62.86
62.93
62.94
62.94
62.94
62.93
62.9
62.93
62.94
62.88
62.88
62.93
62.87
62.9
62.89
62.9
62.89
62.9
62.89
62.9
62.88
62.88
62.89
62.9
62.93
62.88
62.89
62.98
63.01
62.9
62.89
62.9
62.91
63.04
63.09
63.09
63.12
63.13
63.12
63.09
63.08
63.14
63.14
63.14
63.13
63.13
63.08
63.09
63.07
63.06
63.07
63.07
63.08
63.13
63.08
63.13
63.08
63.12
63.08
63.12
63.16
63.09
63.16
63.17
63.18
63.18
63.18
63.21
63.23
63.22
63.22
63.21
63.17
63.21
63.14
63.19
63.22
63.19
63.23
63.18
63.13
63.12
63.15
63.14
63.16
63.16
63.19
63.2
63.16
63.2
63.24
63.16
63.26
63.28
63.27
63.3
63.29
63.29
63.25
63.24
63.23
63.25
63.22
63.23
63.26
63.23
63.27
63.31
63.93
63.97
64.07
63.91
63.78
63.79
63.99
63.93
63.93
63.91
64.05
64.06
63.94
63.83
63.8
64.06
63.99
63.71
63.81
63.78
63.79
63.85
63.83
63.93
63.93
63.88
63.84
63.84
63.84
63.89
63.98
63.87
63.85
63.96
63.83
63.82
63.81
63.99
63.92
63.86
63.89
63.93
63.95
63.89
63.96
63.91
63.97
63.95
63.87
63.92
63.83
63.88
63.83
63.83
63.84
63.84
63.9
63.92
63.9
63.94
63.87
63.83
63.88
63.9
63.94
63.92
63.91
63.87
63.84
64.01
64.02
63.89
64.16
64.16
64.18
64.15
64.15
64.14
64.18
64.21
64.17
64.2
64.19
64.15
64.13
64.15
64.13
64.06
64.09
64.08
64.12
64.12
64.11
64.09
64.12
64.01
63.98
63.97
63.97
63.96
64.02
63.96
63.98
63.97
63.98
63.98
63.94
64
63.99
64.03
64.04
64.05
64.04
64.01
64
64
63.95
63.92
64.01
64.02
64.04
63.91
63.95
63.96
63.98
64.02
64
64.01
64.06
64.03
64.02
64.04
64.02
64.07
64.05
64
63.97
64.03
64.02
64.02
64.06
64.01
64.07
64.02
64.01
64
64
64.01
64.01
64.05
64.01
64.05
64.06
64.06
64.06
64.06
64.07
64.05
64.09
64.09
64.08
64.08
64.1
64.09
64.07
64.14
64.06
64.07
64.12
64.14
64.12
64.19
64.15
64.12
64.11
64.12
64.12
64.11
64.12
64.12
64.16
64.16
64.15
64.17
64.18
64.17
64.15
64.15
64.09
64.02
64
64.02
64.04
64.09
64.1
64.06
64.02
64.06
64.04
64.11
64.03
64.1
64.1
64.08
64.1
64.11
64.14
64.11
64.09
64.09
64.08
64.09
64.11
64.1
64.05
64.08
64.06
64.06
64.08
64.05
64.06
64.06
64.05
63.99
64.04
64.01
63.92
63.93
63.96
63.9
63.91
63.95
63.94
63.96
63.95
63.94
63.9
63.92
63.9
63.91
63.91
63.95
63.92
63.91
63.93
63.92
63.95
63.97
63.97
63.97
64
63.96
63.9
63.9
63.91
63.85
63.91
63.8
63.83
63.9
63.84
63.9
63.88
63.86
63.85
63.82
63.85
63.85
63.88
63.97
63.9
63.94
64
63.95
64.01
63.97
63.99
64
64.02
63.97
64.04
64.04
64.07
63.99
64.07
64.1
64.11
64.11
64.03
64.08
64.03
63.99
63.96
63.97
63.97
63.96
64.02
64.01
64.06
64.05
64.04
64.09
64.05
64.07
64.07
64.04
64.08
64.07
64.07
64.1
64.12
64.11
64.13
64.09
64.08
64.06
64.1
64.03
64.06
63.99
64.08
64.14
64.14
63.99
64.18
64.17
64.17
64.16
64.18
64.17
64.19
64.18
64.17
64.21
64.24
64.21
64.22
64.17
64.19
64.2
64.18
64.25
64.2
64.18
64.18
64.24
64.19
64.24
64.21
64.25
64.24
64.25
64.19
64.23
64.25
64.25
64.25
64.25
64.23
64.25
64.22
64.95
64.99
64.99
64.97
65
64.94
65.01
65.01
65.08
65.08
65.12
65.08
65.11
65.15
65.14
65.11
65.07
65.06
65.13
65.01
65.05
65.06
65.08
65.1
65.18
65.01
65.21
65.22
65.25
65.24
65.22
65.25
65.26
65.26
65.34
65.3
65.2
65.17
65.17
65.24
65.1
65.03
65.1
65.12
65.04
65.08
65.1
65.09
65.08
65.09
65.06
65.08
65.12
65.15
65.11
65.07
65.1
65.14
65.13
65.13
65.09
65.11
65.07
65.07
65.07
65.06
65.04
65.05
65.04
65.04
65.08
64.99
64.99
65.01
65.04
65.05
65.07
65.08
65.03
65.02
65.04
65.08
65.08
65.07
65.04
65.11
65.16
65.21
65.14
65.14
65.17
65.18
65.16
65.15
65.18
65.19
65.22
65.23
65.13
65.18
65.14
65.16
65.17
65.17
65.14
65.18
65.18
65.19
65.14
65.18
65.22
65.24
65.14
65.2
65.16
65.19
65.1
65.11
65.11
65.13
65.16
65.13
65.14
65.14
65.07
65.13
65.05
65.1
65.08
65.15
65.07
65.16
65.17
65.17
65.16
65.19
65.18
65.18
65.19
65.19
65.19
65.15
65.17
65.16
65.11
65.18
65.18
65.08
65.1
65.26
65.23
65.2
65.19
65.17
65.15
65.19
65.14
65.16
65.1
65.14
65.11
65.13
65.16
65.13
65.11
65.12
65.08
65.08
65.1
65.11
65.14
65.11
65.16
65.18
65.19
65.23
65.24
65.26
65.22
65.26
65.26
65.26
65.26
65.24
65.22
65.19
65.19
65.19
65.18
65.16
65.17
65.16
65.14
65.13
65.18
65.18
65.15
65.16
65.16
65.16
65.18
65.19
65.18
65.21
65.22
65.29
65.29
65.3
65.25
65.27
65.29
65.28
65.33
65.28
65.29
65.42
65.44
64.34
65.38
65.41
65.46
65.46
65.44
65.46
65.47
65.54
65.53
65.51
65.52
65.6
65.58
65.58
65.58
65.59
65.58
65.56
65.59
65.51
65.59
65.51
65.49
65.53
65.48
65.55
65.51
65.53
65.51
65.5
65.47
65.47
