90.85
90.87
91.09
91.03
91.13
90.98
90.83
91
90.56
90.61
90.58
90.55
90.61
90.63
90.48
90.52
90.39
90.33
90.55
90.41
90.33
90.41
90.45
90.17
90.08
90.08

90.24
90.2
90.18
90.19
90.21
90.29
90.26
90.45
90.45
90.51
90.57
90.54
90.28
90.58
90.59
90.51
90.22
90.32
90.32
90.38
90.55
90.56
90.67
90.64
90.45
90.56
90.62
90.55
90.6
90.55
90.45
90.61
90.22
90.11
90.1
90.25
90.22
90.1
89.89
89.87
89.95
89.9
90.12
90.13
90.13
90.01
90.05
90.05
89.98
89.96
90.01
89.94
90
89.96
89.98
89.96
89.92
89.99
89.95
89.9
89.9
89.95
89.99
90.15
90.16
90.13
90.13
90.15
90.06
90.16
90.04
90.11
90.08
90.13
90.12
90.14
90.15
90.23
90.07
90.19
90.18
90.16
90.1
90.14
90.14
90.14
90.06
90.09
90.16
90.14
90.11
90.03
90.07
90.14
90.03
90.04
89.98
89.98
89.96
89.91
89.95
89.88
89.86
89.75
89.9
89.88
89.83
89.82
89.82
89.8
89.85
89.93
89.98
89.99
89.96
89.99
89.96
89.95
89.98
89.96
89.99
89.99
90
90.01
90
90.03
90.05
90.04
90.03
89.98
90
89.96
89.99
90.01
89.99
90.14
90.11
90.1
90.1
90.12
90.11
90.05
90.04
89.68
89.73
89.73
89.69
89.69
89.75
89.84
89.68
89.68
89.68
89.75
89.75
89.83
89.86
89.85
89.85
89.77
90.39
91.21
90.89
91.12
90.9
90.54
90.96
90.43
90.6
90.66
90.39
90.38
90.28
90.56
90.38
90.35
90.61
90.3
90.51
90.5
90.5
90.54
90.49
90.46
90.45
90.47
90.49
90.66
90.63
90.55
90.55
90.57
90.58
90.56
90.6
90.53
90.53
90.62
90.55
90.58
90.57
90.63
90.56
90.56
90.58
90.46
90.36
90.35
90.36
90.43
90.55
90.53
90.45
90.46
90.36
90.4
90.39
90.39
90.42
90.5
90.43
90.35
90.38
90.38
90.48
90.46
90.78
90.27
90.89
90.9
90.35
90.96
90.95
90.96
91.05
91.05
91.07
91.06
91
90.87
90.87
90.93
90.96
90.96
90.93
91.05
91.05
90.94
90.93
90.95
90.9
90.82
90.82
90.95
90.83
90.87
90.88
90.92
91.03
90.3
90.42
90.79
90.21
90.33
90.46
90.46
90.46
90.38
90.48
90.41
90.56
90.53
90.47
90.44
90.56
90.48
90.26
90.37
90.46
90.47
90.5
90.49
90.56
90.5
90.5
90.5
90.38
90.5
90.33
90.37
90.29
90.35
90.34
90.38
90.41
90.45
90.37
90.5
90.5
90.45
90.49
90.49
90.6
90.65
90.49
90.62
90.56
90.64
90.6
90.67
90.71
90.65
90.6
90.56
90.56
90.55
90.5
90.5
90.48
90.48
90.48
90.48
90.48
90.53
90.68
90.68
90.99
90.56
90.92
90.77
90.93
90.93
91.06
91.07
91.09
91.02
91.1
91.15
91.09
91.15
91.15
91.1
91.1
90.96
90.9
90.9
91.1
90.78
90.74
90.72
90.78
90.77
90.76
90.82
90.86
90.89
90.77
90.86
90.76
90.7
90.69
90.77
90.82
90.77
90.72
90.71
90.7
90.73
90.75
90.74
90.76
90.74
90.73
90.71
90.63
90.61
90.69
90.48
90.5
90.44
90.39
90.4
90.4
90.5
90.5
90.54
90.58
90.65
90.6
90.62
90.61
90.54
90.53
90.62
90.6
90.61
90.6
90.57
90.57
90.56
90.57
90.54
90.57
90.56
90.54
90.42
90.53
90.5
90.5
90.5
90.54
90.56
90.58
90.67
90.66
90.61
90.59
90.54
90.53
90.5
90.5
90.5
90.46
90.46
90.48
90.46
90.49
90.49
90.43
90.46
90.46
90.5
90.53
90.5
90.47
90.47
90.48
90.48
90.47
90.5
90.47
90.47
90.58
90.5
90.5
90.51
90.56
90.46
90.42
90.46
90.32
90.32
90.31
90.4
90.39
90.39
90.29
90.36
90.31
90.27
90.41
90.37
90.41
90.41
90.39
90.41
90.46
90.37
90.36
90.33
90.39
90.43
90.43
90.42
90.42
90.35
90.34
90.4
90.36
90.42
90.48
90.49
90.4
90.42
90.4
90.4
90.39
90.4
90.31
90.31
90.08
90.07
90.14
90.2
90.14
90.18
90.15
90.16
90.16
90.16
90.19
90.2
90.18
90.19
90.19
90.21
90.23
90.21
90.25
90.28
90.21
90.22
90.21
90.2
90.21
90.23
90.25
90.25
90.3
90.28
90.36
90.45
90.46
90.37
90.36
90.19
90.48
90.51
90.54
90.51
90.52
90.51
90.55
90.52
90.53
90.52
90.52
90.51
90.52
90.53
90.5
90.52
90.51
90.54
90.56
90.52
90.55
90.52
90.55
90.54
90.52
90.42
90.49
90.52
90.53
90.55
90.57
90.6
90.67
90.68
90.69
90.74
90.7
90.68
90.76
90.68
90.72
90.72
90.72
90.78
90.71
90.77
90.7
90.71
90.68
90.66
90.55
90.64
90.68
90.66
90.76
90.76
90.81
90.89
90.82
90.81
90.81
90.81
90.82
90.86
90.81
90.79
90.82
90.97
90.86
90.95
90.94
90.92
90.97
90.93
90.96
90.95
90.92
90.98
91.03
90.83
90.83
90.87
91.01
90.81
90.81
90.79
90.78
90.79
90.79
90.75
90.77
90.74
90.74
90.7
91.08
91.28
91.31
91.3
91.65
91.04
91.82
91.71
91.71
91.78
91.78
91.78
91.69
91.93
91.96
91.96
91.92
91.94
91.96
91.98
92.07
92.14
92.04
92.03
92.23
92.04
92.22
92.04
92.34
92.26
92.29
92.34
92.34
92.34
92.22
91.96
91.86
91.87
91.87
91.75
91.73
91.64
91.66
91.66
91.62
91.62
91.6
91.65
91.68
91.63
91.59
91.66
91.66
91.72
91.72
91.73
91.72
91.75
91.81
91.67
91.63
91.75
91.77
91.86
91.8
91.75
91.73
91.81
91.92
91.91
91.87
91.85
91.76
91.78
91.84
91.83
91.84
91.82
91.87
91.84
91.8
91.89
91.87
91.8
91.76
91.75
91.78
91.78
91.81
91.81
91.78
91.84
91.82
91.84
91.81
91.81
91.71
91.78
91.74
91.83
91.75
91.84
91.83
91.73
91.73
91.76
91.76
91.76
91.76
91.76
91.75
91.75
91.71
91.75
91.72
91.74
91.71
91.71
91.69
91.66
91.71
91.7
91.74
91.72
91.68
91.57
91.61
91.54
91.54
91.58
91.52
91.52
91.47
91.51
91.46
91.47
91.43
91.44
91.3
91.44
91.44
91.24
91.42
91.25
91.3
91.28
91.26
91.28
91.36
91.41
91.37
91.37
91.39
91.37
91.37
91.37
91.35
91.25
91.3
91.08
91.1
91.2
91.19
91.21
91.15
91.15
91.1
91.16
91.13
91.17
91.08
91.18
91.19
91.21
91.21
91.27
91.28
91.43
91.36
91.38
91.34
91.3
91.25
91.25
91.3
91.39
91.3
91.33
91.36
91.29
91.25
91.27
91.28
91.29
91.33
91.32
91.29
91.3
91.2
91.26
91.34
91.34
91.21
91.21
91.32
91.34
91.37
91.32
91.31
91.37
91.28
91.38
91.42
91.57
91.54
91.56
91.5
91.49
91.52
91.54
91.64
91.63
91.65
91.67
91.61
91.68
91.77
91.75
91.85
91.77
91.89
91.89
91.93
91.95
91.95
91.86
91.78
91.7
91.9
91.76
91.76
91.78
91.71
91.75
91.69
91.75
91.73
91.73
91.58
91.65
