34.28
34.55
34.5
34.52
34.53
34.42
34.35
34.26
34.15
34.22
34.16
34.21
34.15
34.21
34.24
34.19
34.23
34.13
34.16
34.17
34.2
34.21
34.16
34.18
34.06
34.11
34.28
34.28
34.32
34.21
34.25
34.23
34.41
34.24
34.4
34.44
34.44
34.4
34.36
34.36
34.33
34.36
34.32
34.26
34.3
34.3
34.4
34.4
34.4
34.49
34.48
34.54
34.51
34.4
34.5
34.47
34.45
34.42
34.44
34.35
34.32
34.33
34.33
34.34
34.31
34.31
34.3
34.38
34.32
34.34
34.35
34.37
34.37
34.39
34.32
34.3
34.32
34.36
34.33
34.32
34.34
34.33
34.34
34.34
34.31
34.34
34.3
34.29
34.27
34.35
34.35
34.34
34.33
34.29
34.29
34.27
34.26
34.3
34.3
34.31
34.35
34.34
34.39
34.29
34.44
34.42
34.42
34.39
34.34
34.35
34.31
34.35
34.35
34.34
34.38
34.4
34.37
34.4
34.4
34.38
34.35
34.42
34.42
34.39
34.37
34.34
34.34
34.35
34.36
34.36
34.32
34.33
34.35
34.39
34.35
34.35
34.36
34.34
34.34
34.38
34.38
34.37
34.41
34.38
34.38
34.34
34.39
34.39
34.39
34.33
34.34
34.37
34.38
34.38
34.38
34.36
34.36
34.36
34.33
34.34
34.35
34.36
34.48
34.34
34.49
34.49
34.47
34.46
34.46
34.47
34.49
34.49
34.49
34.5
34.5
34.49
34.52
34.49
34.51
34.49
34.45
34.45
34.47
34.47
34.46
34.46
34.49
34.46
34.5
34.49
34.53
34.51
34.51
34.51
34.48
34.48
34.51
34.49
34.51
34.53
34.54
34.51
34.57
34.59
34.58
34.58
34.6
34.65
34.67
34.64
34.63
34.63
34.68
34.69
34.71
34.73
34.69
34.7
34.74
34.75
34.72
34.71
34.72
34.72
34.7
34.75
34.71
34.71
34.73
34.72
34.74
34.73
34.67
34.67
34.66
34.67
34.64
34.63
34.72
34.68
34.68
34.74
34.73
34.72
34.72
34.72
34.79
34.78
34.81
34.72
34.67
34.67
34.64
34.65
34.6
34.61
34.62
34.6
34.56
34.56
34.63
34.6
34.6
34.6
34.62
34.6
34.6
34.63
34.63
34.65
34.65
34.59
34.7
34.74
34.72
34.71
34.69
34.69
34.67
34.69
34.67
34.72
34.72
34.69
34.72
34.72
34.43
34.49
34.51
34.36
34.36
34.34
34.33
34.32
34.26
34.31
34.33
34.32
34.32
34.36
34.31
34.41
34.4
34.29
34.42
34.32
34.56
34.54
34.33
34.51
34.46
34.42
34.44
34.42
34.45
34.32
34.35
34.37
34.42
34.44
34.47
34.52
34.55
34.35
34.53
34.48
34.48
34.54
34.51
34.58
34.56
34.51
34.52
34.53
34.53
34.56
34.56
34.54
34.67
34.57
34.6
34.6
34.58
34.6
34.56
34.58
34.61
34.6
34.55
34.63
34.67
34.65
34.66
34.76
34.76
34.74
34.71
34.63
34.82
34.8
34.81
34.79
34.81
34.87
34.83
34.81
34.78
34.79
34.79
34.79
34.86
34.78
34.78
34.82
34.79
34.75
34.78
34.79
34.83
34.81
34.78
34.77
34.78
34.77
34.76
34.73
34.74
34.73
34.75
34.78
34.71
34.74
34.68
34.71
34.69
34.72
34.68
34.71
34.73
34.74
34.71
34.71
34.69
34.68
34.69
34.72
34.72
34.73
34.74
34.78
34.76
34.81
34.88
34.91
34.86
34.85
34.79
34.81
34.88
34.88
34.85
34.8
34.9
34.83
34.78
34.77
34.77
34.77
34.76
34.76
34.76
34.76
34.69
34.75
34.7
34.71
34.7
34.74
34.74
34.75
34.7
34.72
34.71
34.71
34.72
34.77
34.76
34.77
34.77
34.79
34.83
34.79
34.9
34.82
34.85
34.86
34.81
34.81
34.81
34.81
34.78
34.76
34.75
34.74
34.75
34.74
34.76
34.74
34.75
34.73
34.75
34.72
34.72
34.72
34.67
34.53
34.58
34.59
34.63
34.65
34.63
34.63
34.57
34.58
34.56
34.57
34.59
34.57
34.58
34.56
34.54
34.58
34.62
34.63
34.62
34.62
34.62
34.62
34.67
34.66
34.67
34.65
34.65
34.63
34.62
34.59
34.63
34.63
34.63
34.57
34.53
34.53
34.46
34.44
34.44
34.44
34.44
34.44
34.43
34.48
34.5
34.49
34.45
34.49
34.49
34.46
34.55
34.56
34.54
34.47
34.53
34.55
34.54
34.48
34.46
34.45
34.45
34.4
34.41
34.38
34.37
34.4
34.38
34.36
34.37
34.38
34.35
34.37
34.36
34.35
34.34
34.31
34.36
34.38
34.35
34.4
34.42
34.41
34.38
34.39
34.38
34.42
34.4
34.41
34.42
34.4
34.43
34.41
34.39
34.39
34.38
34.39
34.35
34.38
34.37
34.37
34.4
34.38
34.4
34.39
34.44
34.44
34.39
34.45
34.43
34.46
34.48
34.49
34.54
34.5
34.49
34.52
34.53
34.51
34.53
34.53
34.53
34.49
34.51
34.49
34.47
34.45
34.42
34.44
34.5
34.51
34.5
34.53
34.53
34.42
34.57
34.54
34.55
34.56
34.54
34.56
34.56
34.56
34.6
34.58
34.59
34.6
34.63
34.62
34.62
34.62
34.61
34.63
34.59
34.62
34.63
34.67
34.68
34.67
34.7
34.67
34.63
34.7
34.69
34.71
34.72
34.71
34.68
34.68
34.68
34.69
34.7
34.43
34.5
34.53
34.52
34.56
34.67
34.69
34.71
34.77
34.7
34.79
34.78
34.8
34.9
34.93
34.93
34.93
34.94
34.93
34.9
34.92
34.97
35.01
35.01
34.9
35.06
35.04
35.03
35.03
35
35.03
35.07
35.07
35.07
34.98
34.96
35.06
34.95
34.95
34.94
34.97
34.92
34.88
34.92
34.91
34.96
34.84
34.9
34.9
34.91
34.89
34.93
34.97
34.96
35.03
35.06
35.09
35.12
35.13
35.07
35.03
35.03
34.97
35.05
35.05
35.01
35
35
35.1
35.03
34.97
34.92
34.94
34.93
34.93
34.9
34.92
34.93
34.87
34.9
34.91
34.94
34.99
35
35.02
34.89
35.07
35.14
35.05
35
35
34.99
34.99
34.96
34.99
34.97
35
34.99
35.05
34.96
35.01
34.98
34.96
34.98
34.97
35
35.03
35.01
35.01
35.03
35.02
35
35.01
35
35.02
34.9
34.83
34.86
34.91
34.92
34.94
34.94
34.99
34.97
34.96
34.98
34.99
35.01
34.97
35.01
35.01
34.99
35.02
35.04
35.03
35.05
35.03
35.06
35.05
35.03
35.04
35.02
35.05
35.05
35.08
35.03
35.08
35.04
35.1
35.02
35.11
35.08
35.08
35.08
35.03
35.04
35.08
35.08
35.04
35.08
35.04
35.07
35.05
35.05
35.05
35.05
35.03
35.03
35.04
35.05
35.05
35.03
35.04
35.05
35.06
35.1
35.1
35.09
35.1
35.16
35.14
35.14
35.15
35.15
35.17
35.17
35.17
35.15
35.14
35.15
35.1
35.1
35.1
35.12
35.17
35.1
35.17
35.15
35.12
35.14
35.15
35.15
35.14
35.14
35.14
35.21
35.23
35.25
35.21
35.19
35.24
35.26
35.24
35.27
35.29
35.24
35.38
35.38
35.22
35.38
35.4
35.35
35.34
35.36
35.35
35.41
35.45
35.35
35.47
35.46
35.47
35.47
35.49
35.49
35.5
35.48
35.49
35.42
35.52
35.55
35.53
35.56
35.51
35.51
35.48
35.51
35.46
35.47
35.49
35.53
