34.51
34.51
34.65
34.57
34.57
34.37
34.45
34.39
33.85
33.85
33.91
33.88
33.89
33.83
33.71
33.91
33.81
33.79
33.83
33.56
33.5
33.66
33.66
33.81
33.46
33.29
33.29
33.71
33.6
33.07
33.13
33.14
32.92
33.03
33.04
33.15
33.08
33.05
32.98
33.05
33.05
32.96
32.98
33
33.04
33.09
33.14
33.19
33.22
33.19
33.22
33.3
33.43
33.4
33.42
33.45
33.39
33.22
33.18
33.39
33.32
33.24
33.24
33.24
33.15
33.1
33.08
33
33
33
33.04
33.15
33.05
33.05
33.12
33.12
33.13
33.15
33.26
33.21
33.27
33.27
33.4
33.46
33.15
33.58
33.58
33.58
33.28
33.26
33.67
33.68
33.61
33.68
33.65
33.61
33.68
33.69
33.5
33.53
33.63
33.7
33.76
33.82
33.93
33.92
34.02
34.02
33.76
33.79
33.76
33.93
33.93
33.95
33.95
33.93
33.75
33.81
33.83
33.92
33.94
33.91
33.91
33.89
33.92
33.85
33.82
33.82
33.8
33.8
33.76
33.76
33.77
33.65
33.64
33.64
33.64
33.65
33.64
33.65
33.6
33.51
33.51
33.47
33.57
33.57
33.55
33.52
33.52
33.56
33.5
33.49
33.61
33.62
33.65
33.65
33.65
33.6
33.62
33.61
33.61
33.33
33.39
33.45
33.46
33.48
33.44
33.46
33.46
33.44
33.47
33.5
33.43
33.43
33.43
33.48
33.52
33.52
33.57
33.48
33.47
33.47
33.48
33.47
33.47
33.47
33.47
33.33
33.34
33.34
33.36
33.47
33.41
33.42
33.43
33.43
33.41
33.4
33.4
33.41
33.43
33.4
33.49
33.4
33.41
33.41
33.41
33.55
33.61
33.59
33.5
33.52
33.5
33.52
33.54
33.59
33.59
33.62
33.62
33.62
33.6
33.61
33.61
33.61
33.64
33.59
33.59
33.62
33.62
33.75
33.77
33.86
33.76
33.77
33.77
33.77
33.81
33.81
33.62
33.59
33.8
33.5
33.57
33.63
33.62
33.62
33.62
33.62
33.67
33.67
33.63
33.6
33.63
33.65
33.6
33.6
33.65
33.65
33.61
33.53
33.53
33.55
33.57
33.58
33.62
33.63
33.63
33.61
33.59
33.59
33.63
33.47
33.58
33.49
33.56
33.54
33.48
33.59
33.5
33.53
33.53
33.49
33.58
33.58
33.59
33.65
33.54
33.6
33.75
33.75
33.75
33.54
33.53
33.65
33.66
33.55
33.42
33.42
33.41
33.38
33.31
33.2
33.2
33.19
33.37
33.37
33.38
33.31
33.2
33.2
33.2
33.2
33.2
33.14
33.09
33.08
33.18
33.17
33.19
33.2
33.2
33.14
33.2
33.2
33.15
33.08
33.03
33.14
33.1
33.05
33.05
33.07
33.07
33.06
33.1
33.13
33.13
33.24
33.16
33.2
33.06
33.06
33.25
33.2
33.23
33.24
33.24
33.24
33.2
33.14
33.13
33.13
33.09
33.04
33.1
33.11
33.11
33.18
33.13
33.2
33.24
33.28
33.21
33.2
33.2
33.2
33.2
33.14
33.14
33.16
33.21
33.21
33.28
33.28
33.28
33.32
33.32
33.33
33.33
33.3
33.34
33.31
33.31
33.29
33.24
33.2
33.27
33.34
33.21
33.21
33.22
33.2
33.2
33.2
33.21
33.24
33.31
33.31
33.24
33.28
33.28
33.3
33.3
33.3
33.29
33.29
33.29
33.29
33.29
33.2
33.23
33.2
33.23
33.23
33.16
33.19
33.21
33.13
33.13
33.13
33.13
33.18
33.18
33.11
33.22
33.21
33.21
33.23
33.23
33.23
33.2
33.2
33.2
33.26
33.28
33.28
33.31
33.31
33.4
33.4
33.4
33.4
33.38
33.4
33.38
33.38
33.4
33.37
33.37
33.36
33.4
33.4
33.4
33.38
33.41
33.35
33.31
33.31
33.31
33.28
33.28
33.28
33.27
33.27
33.25
33.27
33.27
33.25
33.2
33.2
33.2
33.2
33.24
33.24
33.18
33.19
33.19
33.19
33.19
33.22
33.2
33.18
33.21
33.21
33.2
33.19
33.19
33.23
33.3
33.47
33.4
33.4
33.47
33.42
33.42
33.46
33.53
33.58
33.53
33.69
33.76
33.76
33.64
33.65
33.65
33.65
33.65
33.65
33.65
33.65
33.65
33.65
33.65
33.6
33.4
33.52
33.52
33.52
33.52
33.52
33.4
33.35
33.35
33.27
33.37
33.31
33.31
33.31
33.31
33.31
33.31
33.22
33.22
33.23
33.22
33.21
33.22
33.1
33.06
33.06
33.05
33.03
33.05
33.03
33.08
33.05
33.05
33.12
33.12
33.01
33.01
33.24
33.2
33.2
33.24
33.29
33.3
33.3
33.3
33.3
33.31
33.31
33.31
33.3
33.27
33.27
33.31
33.29
33.42
33.44
33.44
33.44
33.47
33.5
33.52
33.49
33.5
33.49
33.49
33.49
33.49
33.49
33.51
33.56
33.5
33.51
33.56
33.56
33.6
33.6
33.58
33.58
33.49
33.54
33.54
33.54
33.55
33.54
33.53
33.5
33.48
33.5
33.51
33.49
33.49
33.52
33.52
33.51
33.5
33.52
33.54
33.55
33.56
33.56
33.62
33.6
33.59
33.53
33.57
33.55
33.58
33.57
33.54
33.58
33.59
33.56
33.56
33.58
33.58
33.54
33.54
33.57
33.57
33.57
33.59
33.55
33.55
33.58
33.72
33.69
33.65
33.68
33.68
33.7
33.71
33.71
33.69
32.95
32.95
32.9
33.28
33.25
32.92
33.05
33.03
32.9
32.97
32.93
32.94
32.93
33
33.03
33.03
33.06
32.96
32.96
32.96
32.91
32.82
32.92
32.88
32.88
32.87
32.86
32.92
32.81
32.75
32.74
32.72
32.72
32.72
32.72
32.81
32.61
32.58
32.58
32.67
32.65
32.66
32.68
32.68
32.72
32.6
32.6
32.62
32.64
32.63
32.66
32.6
32.64
32.67
32.72
32.63
32.68
32.72
32.8
32.72
32.69
32.7
32.77
32.66
32.66
32.69
32.6
32.59
32.59
32.67
32.63
32.63
32.62
32.6
32.63
32.69
32.74
32.68
32.71
32.67
32.73
32.71
32.67
32.71
32.71
32.71
32.72
32.67
32.69
32.72
32.74
32.74
32.74
32.73
32.75
32.73
32.76
32.75
32.75
32.78
32.81
32.79
32.79
32.84
32.86
32.9
32.9
32.94
32.97
32.95
33.1
32.98
32.98
32.98
32.98
33.14
32.81
32.76
32.76
32.72
32.76
32.74
32.74
32.74
32.73
32.73
32.76
32.76
32.76
32.75
32.76
32.61
32.61
32.58
32.57
32.59
32.57
32.59
32.58
32.58
32.57
32.55
32.57
32.55
32.55
32.68
32.56
32.73
32.73
32.71
32.71
32.71
32.73
32.73
32.73
32.73
32.78
32.77
32.96
32.77
32.94
32.9
32.9
32.99
32.99
32.84
32.92
32.89
32.89
32.78
32.77
33
32.97
32.95
32.98
32.98
33
33.03
33
33
33.02
33.07
33.07
33.06
33.05
33.03
33.01
33.04
33.03
32.89
32.92
32.79
32.93
32.9
32.81
32.78
32.75
32.7
32.64
32.63
32.63
32.63
32.58
32.59
32.63
32.75
32.63
32.63
32.67
32.81
32.91
32.98
32.99
33.03
32.99
32.99
33
32.98
33.13
33.15
33.34
33.3
33.27
33.37
33.51
33.31
33.53
33.56
33.59
33.54
33.53
33.53
33.45
33.45
33.48
33.44
33.46
33.46
33.46
33.46
33.49
33.49
33.49
33.51
33.51
33.53
33.52
33.5
33.56
33.51
