37.55
37.42
37.35
37.56
37.41
37.27
37.26
37.13
36.95
37.43
37.05
37.24
37.2
37.11
37
36.94
36.84
36.85
36.84
36.86
36.83
36.87
36.79
36.81
36.59
36.57
36.7
36.66
36.73
36.68
36.71
36.71
36.87
36.89
36.95
36.98
37.01
36.98
36.9
37
36.91
36.95
36.92
36.88
36.93
36.99
37.04
36.99
37.02
37.06
37.03
37.04
37.05
36.99
37.08
37.08
37.06
37.09
37.03
37.01
37.05
37.03
37.05
37.01
36.95
36.97
36.96
37.01
36.97
36.94
36.94
37.02
36.99
36.97
36.9
36.85
36.86
36.89
36.84
36.86
36.83
36.8
36.85
36.88
36.85
36.78
36.8
36.81
36.82
36.9
36.87
36.9
36.87
36.84
36.85
36.85
36.82
36.83
36.83
36.83
36.86
36.92
36.95
37
37.07
37.07
37.11
37.08
37.03
37.03
37.04
37.05
37.03
37.1
37.12
37.06
37.03
37.04
36.96
37
36.99
36.95
36.88
36.85
36.81
36.83
36.82
36.82
36.79
36.78
36.81
36.83
36.86
36.95
36.8
36.93
36.9
36.81
37.01
37.01
37.06
37.07
37.04
37.11
37.15
37.16
37.07
37.01
37.01
37.07
37.08
37.12
37.08
37.13
37.13
37.18
37.25
37.25
37.28
37.24
37.25
37.27
37.33
37.27
37.28
37.24
37.22
37.22
37.23
37.19
37.9
37.93
37.91
37.95
37.95
37.96
38.01
38.03
37.9
38.04
38.07
38.07
38.05
38.08
38.1
38.05
38.01
38.02
38.01
38.11
37.97
37.97
37.98
38.01
37.99
37.97
37.99
38
37.94
37.9
37.91
37.91
37.99
38.03
38.03
38.02
38.04
38.04
38.04
38.01
37.99
38
37.99
38
38.03
38.04
38.03
37.99
37.97
37.97
37.96
37.96
37.97
37.97
37.88
37.83
37.84
37.82
37.84
37.87
37.92
37.95
37.89
37.86
37.87
37.87
37.85
37.87
37.87
37.9
37.93
37.89
37.88
37.87
37.82
37.82
37.87
37.85
37.83
37.82
37.81
37.77
37.76
37.77
37.81
37.77
37.8
37.76
37.68
37.65
37.67
37.65
37.65
37.65
37.69
37.63
37.61
37.63
37.66
37.67
37.65
37.64
37.64
37.65
37.63
37.6
37.6
37.57
37.55
37.54
37.51
37.53
37.55
37.53
37.58
37.55
37.86
37.85
37.89
37.92
37.92
37.9
37.86
37.82
37.78
37.87
37.91
37.92
37.83
37.84
37.88
37.92
37.92
37.87
37.91
37.92
38
37.93
37.86
37.93
37.96
37.95
37.99
37.97
37.94
37.93
37.9
38.03
38.08
38.21
38.16
38.24
38.18
38.15
38.07
38.01
38
37.98
37.99
38.01
37.98
37.91
38.01
37.98
37.94
37.95
37.85
38
37.88
37.81
38
37.72
37.72
37.66
37.65
37.74
37.73
37.67
37.82
37.79
37.81
37.86
37.82
37.93
37.9
37.89
37.78
38
38.03
38.01
38
37.9
37.94
37.98
38
38.03
37.98
37.88
37.88
37.85
37.87
37.92
37.85
37.92
37.96
37.96
38.02
38.03
38.1
38.03
38.06
37.95
37.96
38
37.93
37.9
37.91
37.89
37.85
37.86
37.77
37.78
37.82
37.89
37.94
37.92
37.9
37.95
37.96
37.98
37.96
37.96
37.92
37.84
37.78
37.76
37.76
37.75
37.75
37.73
37.73
37.76
37.76
37.75
37.75
37.7
37.75
37.75
37.71
37.74
37.77
37.72
37.72
37.75
37.72
37.75
37.75
37.74
37.77
37.78
37.77
37.81
37.85
37.83
37.92
37.92
37.97
38
37.99
38
37.97
37.97
37.92
37.91
37.92
37.92
37.87
37.87
37.88
37.87
37.88
37.9
37.88
37.92
37.86
37.87
37.86
37.82
37.82
37.83
37.81
37.77
37.78
37.83
37.83
37.78
37.81
37.83
37.87
37.91
37.87
37.93
37.92
37.88
37.84
37.72
37.73
37.82
37.78
37.83
37.84
37.78
37.79
37.75
37.72
37.78
37.79
37.74
37.76
37.79
37.77
37.74
37.75
37.74
37.76
37.75
37.74
37.83
37.8
37.81
37.77
37.78
37.81
37.79
37.8
37.78
37.75
37.77
37.76
37.71
37.72
37.66
37.7
37.57
37.57
37.63
37.64
37.61
37.54
37.58
37.62
37.5
37.52
37.53
37.54
37.57
37.58
37.55
37.58
37.57
37.57
37.58
37.54
37.6
37.52
37.47
37.43
37.39
37.39
37.41
37.4
37.37
37.36
37.33
37.43
37.42
37.44
37.44
37.47
37.38
37.53
37.44
37.5
37.53
37.54
37.59
37.67
37.62
37.64
37.6
37.59
37.65
37.62
37.66
37.65
37.63
37.6
37.58
37.6
37.55
37.52
37.52
37.53
37.58
37.53
37.54
37.56
37.59
37.59
37.49
37.53
37.58
37.61
37.63
37.55
37.63
37.63
37.65
37.71
37.72
37.69
37.69
37.7
37.7
37.7
37.77
37.72
37.66
37.71
37.67
37.67
37.65
37.66
37.62
37.7
37.72
37.75
37.79
37.82
37.86
37.89
37.9
37.9
37.9
37.87
37.88
37.91
37.9
37.85
37.87
37.9
37.88
37.91
37.85
37.82
37.86
37.83
37.81
37.79
37.82
37.81
37.81
37.82
37.82
37.82
37.85
37.85
37.84
37.85
37.86
37.89
37.89
37.87
37.9
37.89
37.87
37.83
37.71
37.75
37.76
37.81
37.85
37.69
37.85
37.81
37.9
37.92
38.52
38.51
38.5
38.72
38.68
38.81
38.66
38.58
38.51
38.47
38.58
38.6
38.61
38.6
38.61
38.6
38.63
38.63
38.65
38.7
38.75
38.79
38.8
38.8
38.61
38.57
38.46
38.53
38.53
38.57
38.6
38.45
38.44
38.45
38.41
38.38
38.48
38.38
38.41
38.48
38.44
38.47
38.44
38.57
38.51
38.5
38.47
38.47
38.48
38.38
38.41
38.46
38.5
38.52
38.57
38.64
38.68
38.67
38.66
38.68
38.7
38.67
38.7
38.69
38.69
38.72
38.71
38.76
38.74
38.74
38.74
38.73
38.76
38.89
38.9
38.88
38.8
38.89
39.07
39.12
39.14
39.01
39.06
39.17
39.03
38.98
38.95
38.9
39.21
39.15
38.83
38.83
38.81
38.84
38.81
38.84
38.83
38.96
39.02
38.93
39.12
39.09
39.02
38.94
39.01
39.02
38.94
38.98
38.97
39.07
39.1
39.05
39.1
39.13
39.12
39.16
39.1
39.19
39.2
39.13
39.14
39.09
39.18
39.14
39.06
39.07
39.09
39.03
39
39.02
39.05
39.02
39.16
39.03
39
39.2
39.15
39.14
39.06
39.11
39.08
39.08
39.02
39.07
39.03
39.05
39.07
39.08
39.04
39.02
39.05
39.06
39.07
39.03
38.95
38.88
38.92
38.96
38.94
38.84
38.85
38.73
38.84
38.83
38.85
38.87
38.85
38.97
38.99
38.98
38.9
38.95
38.91
38.91
38.89
38.89
38.93
38.91
38.92
38.88
38.83
38.84
38.88
38.96
38.96
39.01
39.02
38.99
38.98
38.95
38.99
39.02
39
39.03
39.04
39.08
39.07
39.07
39.06
39.02
38.99
39.05
39.09
39.2
39.15
39.14
39.19
39.21
39.21
39.13
39.11
39.13
39.18
39.11
39.17
39.19
39.23
39.2
39.14
39.18
39.12
39.12
39.15
39.19
39.16
39.13
39.08
39.07
39.1
39.05
39.04
39.04
39.02
39.11
39.03
39.1
39.07
39.08
39.06
39.06
