54.8
54.8
54.69
54.77
54.76
54.77
54.81
54.88
54.87
54.9
54.86
54.81
54.85
54.83
54.83
54.84
54.83
54.85
54.83
54.81
54.82
54.82
54.83
54.82
54.83
54.83
54.83
54.85
54.85
54.85
54.85
54.92
54.86
54.89
54.88
54.9
54.9
54.9
54.89
54.88
54.91
54.89
54.89
54.87
54.91
54.91
54.88
54.92
54.9
54.9
54.9
54.92
54.9
54.91
54.91
54.9
54.91
54.9
54.89
54.87
54.79
54.81
54.9
54.89
54.88
54.87
54.73
54.74
54.71
54.68
54.7
54.71
54.7
54.7
54.7
54.7
54.69
54.72
54.78
54.8
54.8
54.81
54.8
54.79
54.79
54.81
54.84
54.8
54.8
54.8
54.82
54.81
54.83
54.85
54.86
54.86
54.86
54.86
54.86
54.85
54.86
54.86
54.85
54.9
54.9
54.96
54.86
54.95
54.94
54.94
54.99
54.99
54.96
54.99
54.99
54.97
54.98
54.99
54.96
54.99
54.99
54.99
54.99
54.99
54.99
54.99
54.99
55
54.99
55.07
55.08
55.07
55.08
55.07
55.08
55.08
55.07
55.06
55.07
55.07
55.07
55.07
55.07
55.08
55.07
55.07
55.08
55.08
55.08
55.08
55.09
55.12
55.26
55.19
55.22
55.2
55.2
55.17
55.19
55.23
55.29
55.25
55.25
55.24
55.27
55.22
55.21
55.22
55.21
55.21
55.19
55.21
55.2
55.2
55.22
55.26
55.27
55.26
55.23
55.24
55.25
55.22
55.2
55.21
55.22
55.21
55.22
55.25
55.22
55.27
55.27
55.27
55.26
55.29
55.29
55.29
55.28
55.28
55.26
55.25
55.26
55.26
55.25
55.25
55.23
55.26
55.22
55.24
55.26
55.22
55.26
55.27
55.26
55.27
55.25
55.3
55.3
55.31
55.3
55.3
55.28
55.26
55.27
55.24
55.23
55.22
55.24
55.22
55.23
55.23
55.22
55.22
55.23
55.23
55.24
55.24
55.25
55.23
55.24
55.23
55.24
55.22
55.22
55.22
55.23
55.22
55.23
55.22
55.22
55.22
55.21
55.22
55.22
55.15
55.21
55.19
55.15
55.14
55.15
55.16
55.14
55.16
55.13
55.12
55.15
55.11
55.13
55.1
55.1
55.11
55.1
55.11
55.12
55.14
55.13
55.11
55.12
55.13
55.13
55.1
55.11
55.1
55.09
55.09
55.1
55.08
55.08
55.07
55.07
55.06
55.05
55.04
55
54.96
54.96
54.96
54.97
54.99
54.99
54.98
54.98
54.99
55.03
55.05
55.08
55.06
55.07
55.07
55.06
55.07
55.08
55.09
55.08
55.08
55.11
55.1
55.12
55.09
55.11
55.12
55.1
55.12
55.12
55.11
55.13
55.12
55.12
55.12
55.13
55.43
55.43
55.42
55.39
55.42
55.39
55.42
55.43
55.45
55.44
55.4
55.43
55.43
55.42
55.48
55.48
55.51
55.51
55.47
55.52
55.52
55.53
55.51
55.51
55.45
55.47
55.49
55.49
55.48
55.49
55.53
55.51
55.55
55.56
55.49
55.62
55.6
55.64
55.61
55.65
55.68
55.63
55.64
55.63
55.64
55.68
55.66
55.66
55.66
55.68
55.68
55.69
55.69
55.74
55.74
55.72
55.73
55.7
55.72
55.74
55.74
55.74
55.72
55.72
55.67
55.68
55.71
55.72
55.73
55.75
55.74
55.74
55.74
55.74
55.72
55.74
55.69
55.67
55.72
55.71
55.69
55.72
55.72
55.74
55.76
55.74
55.74
55.79
55.72
55.71
55.71
55.69
55.71
55.68
55.66
55.67
55.67
55.67
55.67
55.66
55.66
55.65
55.67
55.69
55.69
55.71
55.7
55.7
55.71
55.72
55.74
55.7
55.7
55.7
55.71
55.7
55.69
55.68
55.68
55.69
55.7
55.7
55.71
55.69
55.68
55.71
55.7
55.7
55.7
55.7
55.72
55.71
55.75
55.75
55.77
55.8
55.81
55.79
55.84
55.86
55.86
55.86
55.86
55.86
55.86
55.84
55.85
55.85
55.83
55.81
55.8
55.85
55.86
55.8
55.85
55.86
55.86
55.85
55.86
55.85
55.85
55.85
55.85
55.85
55.85
55.84
55.85
55.83
55.85
55.85
55.82
55.86
55.85
55.85
55.85
55.85
55.84
55.86
55.85
55.85
55.86
55.85
55.85
55.85
55.85
55.85
55.85
55.86
55.85
55.85
55.85
55.86
55.85
55.85
55.83
55.85
55.85
55.84
55.85
55.83
55.84
55.84
55.84
55.82
55.78
55.8
55.8
55.79
55.78
55.78
55.79
55.77
55.78
55.78
55.76
55.73
55.71
55.7
55.7
55.72
55.71
55.68
55.66
55.66
55.66
55.66
55.67
55.68
55.67
55.66
55.66
55.65
55.64
55.64
55.64
55.63
55.62
55.62
55.63
55.62
55.63
55.64
55.62
55.62
55.63
55.63
55.62
55.61
55.65
55.64
55.63
55.62
55.63
55.63
55.63
55.64
55.63
55.63
55.64
55.63
55.63
55.63
55.63
55.63
55.63
55.6
55.6
55.58
55.58
55.6
55.61
55.59
55.59
55.58
55.58
55.57
55.55
55.54
55.58
55.54
55.55
55.55
55.54
55.55
55.55
55.52
55.52
55.52
55.52
55.51
55.52
55.51
55.51
55.51
55.51
55.45
55.46
55.46
55.44
55.43
55.42
55.41
55.4
55.41
55.44
55.45
55.44
55.43
55.41
55.44
55.45
55.44
55.44
55.43
55.44
55.43
55.42
55.42
55.43
55.43
55.42
55.43
55.43
55.42
55.43
55.44
55.43
55.43
55.42
55.43
55.42
55.4
55.4
55.37
55.36
55.33
55.37
55.35
55.34
55.32
55.38
55.33
55.33
55.22
55.24
55.25
55.25
55.24
55.3
55.3
55.29
55.33
55.38
55.32
55.32
55.33
55.34
55.31
55.45
55.54
55.49
55.52
55.54
55.61
55.52
55.47
55.47
55.46
55.42
55.44
55.44
55.47
55.47
55.5
55.49
55.49
55.48
55.46
55.45
55.45
55.48
55.45
55.44
55.41
55.42
55.42
55.45
55.45
55.45
55.45
55.47
55.47
55.49
55.48
55.48
55.5
55.47
55.49
55.47
55.47
55.5
55.52
55.52
55.58
55.6
55.59
55.61
55.57
55.59
55.58
55.58
55.57
55.54
55.55
55.54
55.55
55.53
55.53
55.52
55.53
55.51
55.52
55.49
55.52
55.5
55.52
55.55
55.55
55.54
55.52
55.55
55.55
55.55
55.54
55.55
55.54
55.53
55.54
55.56
55.53
55.57
55.6
55.66
55.76
55.84
55.88
55.83
55.86
55.9
55.94
55.96
55.84
55.84
55.75
55.86
55.74
55.7
55.71
55.71
55.72
55.73
55.7
55.67
55.67
55.64
55.71
55.62
55.6
55.67
55.66
55.66
55.65
55.69
55.7
55.72
55.75
55.78
55.76
55.75
55.76
55.76
55.77
55.78
55.78
55.79
55.77
55.75
55.77
55.78
55.7
55.69
55.65
55.6
55.59
55.58
55.55
55.58
55.58
55.67
55.66
55.69
55.69
55.66
55.68
55.65
55.67
55.69
55.67
55.63
55.68
55.64
55.65
55.58
55.58
55.61
55.6
55.57
55.55
55.56
55.58
55.58
55.58
55.58
55.58
55.56
55.55
55.55
55.54
55.57
55.55
55.54
55.54
55.53
55.53
55.53
55.53
55.52
55.51
55.52
55.55
55.55
55.54
55.55
55.54
55.58
55.54
55.54
55.63
55.58
55.61
55.6
55.57
55.59
55.56
55.55
55.55
55.49
55.49
55.49
55.49
55.51
55.5
55.53
55.52
55.52
55.5
55.5
55.47
55.45
55.47
55.38
55.39
55.4
55.47
55.41
55.41
55.46
55.45
55.44
55.43
55.46
55.46
55.47
55.47
55.5
55.5
55.5
55.47
55.44
55.45
55.43
55.43
55.42
55.4
55.36
55.4
55.4
55.38
55.37
55.39
55.42
55.46
55.47
55.49
55.45
55.45
55.43
55.44
55.43
55.44
55.45
55.47
55.51
55.51
55.49
55.51
55.51
55.55
55.51
55.58
55.63
55.62
55.6
55.63
55.62
55.62
55.63
55.65
55.63
55.65
55.6
55.68
55.67
55.69
55.67
55.7
55.73
55.75
55.73
55.72
55.73
55.77
55.74
55.77
55.76
55.76
55.77
55.73
55.76
55.72
55.72
55.67
55.64
55.67
55.68
55.72
55.71
55.66
55.66
55.65
55.62
55.65
55.65
55.66
55.69
55.67
55.65
55.66
55.61
55.65
55.64
55.74
55.72
55.72
55.6
55.76
55.77
55.74
55.74
55.7
55.76
55.68
55.67
55.66
55.66
55.73
55.65
55.6
55.7
55.62
55.65
55.66
55.68
55.63
55.58
55.58
55.59
55.59
55.61
55.65
55.68
55.66
55.67
55.67
55.69
55.69
55.03
55.01
55
54.97
54.99
55.07
55.1
55.13
55.18
55.17
55.21
55.15
55.2
55.22
55.15
55.19
55.22
55.17
55.17
55.17
55.18
55.19
55.21
55.26
55.31
55.33
55.32
55.29
55.24
55.25
55.25
55.24
55.21
55.17
55.15
55.16
55.19
55.19
55.16
55.12
55.14
55.16
55.17
55.03
55.2
55.18
55
54.93
54.94
54.91
54.87
54.87
54.86
54.87
54.81
54.82
54.83
54.84
54.8
54.91
54.91
54.94
54.97
54.99
54.96
54.95
54.92
54.96
54.99
54.98
55.04
55.08
55
55.03
55.11
55.12
55.17
55.15
55.11
55.13
55.14
55.15
55.13
55.1
55.08
55.11
55.13
55.13
55.08
55.11
55.08
55.08
55.1
55.12
55.1
55.13
55.22
55.19
55.2
55.21
55.19
55.19
55.18
55.15
55.14
55.15
55.13
55.09
55.11
55.09
55.09
55.09
55.09
55.05
55.06
55.05
55.07
55.11
55.14
55.12
55.13
55.13
55.16
55.16
55.12
55.19
55.12
55.09
55.12
55.14
55.16
55.17
55.19
55.22
55.22
55.22
55.22
55.22
55.17
55.22
55.22
55.16
55.15
55.13
55.13
55.17
55.11
55.11
55.13
55.13
55.31
55.34
55.37
55.4
55.36
55.37
55.36
55.41
55.42
55.48
55.45
55.42
55.44
55.44
55.47
55.42
55.42
55.43
55.42
55.44
55.42
55.41
55.4
55.43
55.44
55.43
55.42
55.43
55.42
55.47
55.49
55.49
55.5
55.49
55.5
55.53
55.58
55.57
55.56
55.53
55.53
55.53
55.52
55.45
55.49
55.42
55.36
55.4
55.41
55.42
55.41
55.44
55.43
55.46
55.47
55.45
55.47
55.46
55.44
55.46
55.49
55.51
55.5
55.46
55.51
55.49
55.49
55.46
55.42
55.5
55.42
55.44
55.43
55.43
55.45
55.46
55.44
55.45
55.49
55.45
55.51
55.51
55.52
55.51
55.47
55.46
55.45
55.36
55.32
55.35
55.31
55.35
55.32
55.34
55.31
55.38
55.39
55.34
55.38
55.38
55.42
55.35
55.35
55.42
55.42
55.38
55.38
55.39
55.37
55.37
55.38
55.37
55.39
55.39
55.39
55.44
55.42
55.42
55.43
55.4
55.45
55.43
55.39
55.4
55.42
55.4
55.41
55.43
55.42
55.44
55.43
55.4
55.41
55.43
55.41
55.44
55.43
55.42
55.44
55.44
55.45
55.48
55.44
55.45
55.45
55.4
55.45
55.48
55.48
55.45
55.47
55.46
55.5
55.49
55.48
55.51
55.5
55.49
55.49
55.51
55.5
55.51
55.53
55.54
55.5
55.56
55.56
55.57
55.56
55.58
54.49
54.45
54.57
54.4
54.36
54.4
54.37
54.46
54.38
54.34
54.34
54.36
54.4
54.35
54.33
54.27
54.28
54.26
54.2
54.2
54.29
54.39
54.14
54.19
54.23
54.22
54.24
54.26
54.31
54.29
54.19
54.28
54.01
53.95
53.87
54.28
53.96
53.98
53.97
53.96
53.94
53.96
53.97
53.93
53.89
53.96
53.95
53.89
53.97
53.81
53.83
53.84
53.79
53.73
53.93
53.68
53.71
53.75
53.77
53.7
53.71
53.83
53.85
53.83
53.84
53.76
53.75
53.85
53.78
53.7
53.73
53.73
53.73
53.67
53.67
53.64
53.73
53.67
53.76
53.69
53.72
53.68
53.68
53.71
53.64
53.54
53.69
53.62
53.63
53.59
53.6
53.62
53.53
53.6
53.44
53.43
53.47
53.65
53.62
53.49
53.44
53.43
53.38
53.39
53.38
53.45
53.38
53.38
53.26
53.31
53.37
53.36
53.41
53.31
53.31
53.47
53.21
53.28
53.24
53.22
53.19
53.14
53.11
53.09
53.14
53.17
53.24
53.22
53.19
53.32
53.38
53.17
53.15
53.45
53.44
53.46
53.43
53.43
53.44
53.5
53.49
53.41
53.43
53.38
53.43
53.48
53.45
53.36
53.47
53.49
53.51
53.53
53.47
53.53
53.48
53.49
53.5
53.47
53.43
53.5
53.47
53.54
53.51
53.57
53.57
53.57
53.56
53.48
53.44
53.43
53.57
53.52
53.52
53.55
53.51
53.56
53.59
53.47
53.59
53.46
53.52
53.67
53.74
53.71
53.62
53.73
53.67
53.72
53.72
53.63
53.59
53.67
53.64
53.63
53.63
53.63
53.62
53.5
53.49
53.42
53.47
53.47
53.45
53.47
53.45
53.52
53.55
53.58
53.43
53.46
53.47
53.45
53.41
53.48
53.42
53.49
53.46
53.42
53.45
53.45
53.5
53.49
53.51
53.54
53.49
53.49
53.49
53.47
53.52
53.48
53.46
53.43
53.44
53.46
53.43
53.44
53.44
53.47
53.44
53.5
53.45
53.54
53.46
53.49
53.4
53.41
53.43
53.54
53.55
53.51
53.48
53.52
53.52
53.52
53.53
53.48
53.54
53.43
53.51
53.43
53.47
53.46
53.46
53.45
53.45
53.48
53.6
53.61
53.61
53.48
53.51
53.68
53.64
53.64
53.56
53.61
53.55
53.58
53.61
53.64
53.76
53.66
53.59
53.59
53.57
53.52
53.46
53.67
53.42
53.53
53.46
53.6
53.49
53.51
53.49
53.55
53.49
53.53
53.56
53.57
53.59
53.6
53.53
53.58
53.56
53.62
53.64
53.61
53.64
53.65
53.68
53.65
53.6
53.66
53.64
53.61
53.66
53.6
53.65
53.62
53.66
53.64
53.6
53.62
53.6
53.63
53.6
53.49
53.47
53.51
53.51
53.53
53.54
53.58
53.68
53.67
53.66
53.59
53.57
53.62
53.62
53.61
53.62
53.57
53.62
53.63
53.6
53.63
53.61
53.58
53.52
53.61
53.58
53.54
53.58
53.53
53.02
53.03
53.01
53
53.1
52.99
53.1
53.06
52.98
52.98
52.86
52.9
52.89
53
52.99
53.04
53
53
53.01
52.98
53.01
52.97
53
52.91
52.97
52.97
52.96
53.15
53.14
53.08
53.09
52.98
53.17
52.92
52.94
53.13
52.89
53.01
53.05
53.08
53.24
53.17
53.15
53.15
53.22
53.32
53.33
53.36
53.24
53.43
53.26
53.42
53.31
53.24
53.22
53.27
53.24
53.44
53.23
53.27
53.2
53.24
53.27
53.3
53.17
53.16
53.2
53.28
53.26
53.28
53.3
53.24
53.25
53.35
53.37
53.38
53.42
53.51
53.45
53.55
53.53
53.51
53.51
53.5
53.49
53.47
53.5
53.5
53.5
53.51
53.61
53.57
53.52
53.67
53.53
53.55
53.78
53.58
53.86
53.84
53.81
53.77
53.81
53.85
53.89
53.9
53.91
53.97
53.92
53.9
53.89
53.88
54.02
53.96
53.97
53.99
53.91
54.04
53.94
53.93
53.97
53.98
53.93
53.98
53.97
53.94
53.94
53.95
53.95
53.91
53.97
53.88
53.85
53.98
53.97
53.97
53.85
53.85
53.87
53.88
53.8
53.83
53.88
53.86
53.81
53.88
53.86
53.84
53.87
53.82
53.85
53.77
53.83
53.83
53.82
53.81
53.81
53.84
53.82
53.74
53.73
53.71
53.78
53.67
53.71
53.73
53.75
53.7
53.66
53.65
53.65
53.66
53.6
53.51
53.67
53.47
53.49
53.45
53.51
53.51
53.49
53.57
53.46
53.43
53.45
53.42
53.4
53.36
53.4
53.4
53.36
53.41
53.39
53.36
53.34
53.35
53.38
53.4
53.41
53.39
53.43
53.44
53.43
53.48
53.55
53.45
53.54
53.51
53.48
53.54
53.58
53.58
53.55
53.59
53.56
53.56
53.51
53.58
53.58
53.59
53.56
53.56
53.54
53.54
53.53
53.54
53.53
53.53
53.49
53.54
53.56
53.56
53.52
53.62
53.63
53.59
53.6
53.62
53.56
53.55
53.56
53.57
53.6
53.6
53.57
53.57
53.56
53.54
53.56
53.6
53.56
53.56
53.57
53.59
53.59
53.55
53.58
53.53
53.54
53.54
53.63
53.57
53.56
53.55
53.57
53.62
53.56
53.55
53.58
53.57
53.55
53.53
53.43
53.44
53.44
53.42
53.42
53.43
53.44
53.43
53.42
53.54
53.49
53.47
53.47
53.45
53.44
53.43
53.4
53.43
53.43
53.43
53.39
53.38
53.4
53.4
53.41
53.42
53.41
53.39
53.42
53.38
53.41
53.33
53.41
53.41
53.33
53.34
53.28
53.31
53.34
53.36
53.37
53.35
53.31
53.28
53.23
53.19
53.19
53.14
53.09
53.06
53.04
53.34
53.15
53.1
53.1
53.21
53.12
53.04
53.04
53.01
52.97
52.96
52.89
53.29
53.31
53.33
53.33
53.4
53.34
53.37
53.32
53.25
53.28
53.24
53.2
53.22
53.26
53.26
53.19
53.2
53.2
53.2
53.2
53.21
53.2
53.2
53.2
53.12
53.13
53.12
53.09
53.12
53.11
53.08
53.11
53.07
53
53.01
53.11
53.04
53.04
53.04
53.06
53.05
53.04
53.08
53.06
53.05
53.04
53.04
53.05
53.05
53.08
53.08
53.09
53.11
53.11
53.15
53.06
53.12
53.17
53.17
53.15
53.15
53.17
53.16
53.13
53.12
53.14
53.15
53.16
53.15
53.15
53.14
53.13
53.15
53.15
53.16
53.19
53.21
53.22
53.15
53.22
53.2
53.22
53.21
53.22
53.24
53.26
53.24
53.26
53.25
53.28
53.3
53.31
53.31
53.33
53.35
53.4
53.4
53.43
53.44
53.45
53.43
53.42
53.45
53.4
53.64
53.64
53.62
53.63
53.7
53.67
53.67
53.63
53.64
53.67
53.68
53.73
53.64
53.64
53.64
53.77
53.64
53.64
53.78
53.79
53.78
53.75
53.78
53.7
53.74
53.72
53.66
53.66
53.68
53.68
53.68
53.71
53.65
53.63
53.64
53.6
53.6
53.53
53.58
53.57
53.56
53.54
53.53
53.52
53.52
53.6
53.54
53.56
53.56
53.5
53.52
53.56
53.56
53.56
53.56
53.54
53.55
53.58
53.57
53.58
53.6
53.59
53.64
53.63
53.56
53.65
53.64
53.59
53.62
53.63
53.64
53.64
53.58
53.61
53.63
53.62
53.64
53.58
53.63
53.64
53.63
53.64
53.63
53.6
53.6
53.61
53.61
53.58
53.66
53.62
53.64
53.61
53.67
53.68
53.66
53.65
53.61
53.58
53.61
53.61
53.58
53.61
53.63
53.59
53.6
53.6
53.61
53.57
53.58
53.6
53.62
53.6
53.58
53.58
53.58
53.59
53.57
53.54
53.54
53.48
53.52
53.54
53.54
53.85
53.91
53.91
53.9
53.92
53.85
53.88
53.84
53.81
53.81
53.69
53.72
53.71
53.73
53.75
53.82
53.7
53.81
53.75
53.72
53.64
53.64
53.59
53.62
53.49
53.54
53.58
53.6
53.56
53.56
53.65
53.63
53.54
53.7
53.68
53.68
53.72
53.59
53.57
53.48
53.46
53.47
53.51
53.49
53.57
53.59
53.57
53.6
53.58
53.6
53.62
53.67
53.65
53.73
53.74
53.7
53.8
53.85
53.83
53.79
53.77
53.76
53.8
53.78
53.75
53.76
53.94
53.98
53.94
53.78
54.04
53.95
53.92
53.79
53.88
53.88
53.96
53.95
54.01
54.04
54.05
54.05
54.01
54.05
54.12
54.13
54.03
54.1
54.05
54.03
54.04
54
54.02
53.96
53.99
53.99
54.01
54.66
54.59
54.6
54.58
54.51
54.51
54.56
54.55
54.52
54.55
54.54
54.54
54.54
54.49
54.42
54.42
54.48
54.47
54.47
54.47
54.45
54.46
54.49
54.49
54.47
54.51
54.51
54.56
54.63
54.65
54.65
54.65
54.69
54.69
54.69
54.67
54.62
54.64
54.63
54.63
54.62
54.64
54.6
54.66
54.59
54.61
54.63
54.61
54.61
54.57
54.56
54.61
54.56
54.6
54.61
54.61
54.6
54.61
54.61
54.63
54.64
54.66
54.66
54.66
54.68
54.69
54.7
54.7
54.66
54.73
54.74
54.74
54.76
54.7
54.69
54.69
54.69
54.67
54.61
54.6
54.6
54.61
54.62
54.66
54.66
54.63
54.56
54.61
54.61
54.47
54.51
54.49
54.49
54.57
54.62
54.64
54.51
54.68
54.7
54.73
54.73
54.75
54.75
54.73
54.68
54.67
54.67
54.65
54.66
54.67
54.7
54.68
54.68
54.69
54.65
54.69
54.7
54.72
54.7
54.7
54.7
54.72
54.71
54.71
54.71
54.72
54.77
54.77
54.83
54.81
54.73
54.72
54.75
54.74
54.77
54.78
54.79
54.78
54.78
54.8
54.77
54.8
54.8
54.8
54.8
54.79
54.8
54.81
54.78
54.81
54.77
54.76
54.8
54.78
54.83
54.8
54.8
54.8
54.8
54.83
54.79
54.81
54.83
54.83
54.82
54.83
54.86
54.93
54.91
54.91
54.92
54.91
54.93
54.9
54.9
54.9
54.9
54.88
54.88
54.87
54.86
54.87
54.87
54.86
54.88
54.85
54.87
54.88
54.85
54.89
54.86
54.88
54.88
54.87
54.87
54.87
54.86
54.89
54.88
54.86
54.85
54.88
54.86
54.93
54.91
54.9
54.89
54.86
54.9
54.89
54.92
54.91
54.91
54.9
54.92
54.9
54.9
54.9
54.9
54.88
54.89
54.91
54.92
54.91
54.91
54.9
54.88
54.88
54.87
54.87
54.83
54.83
54.81
54.79
54.8
54.79
54.84
54.8
54.83
54.8
54.76
54.79
54.79
54.78
54.79
54.79
54.83
54.81
54.81
54.78
54.81
54.81
54.76
54.81
54.79
54.78
54.81
54.71
54.67
54.66
54.72
54.72
54.74
54.74
54.72
54.75
54.76
54.77
54.76
54.79
54.78
54.76
54.74
54.81
54.78
54.74
54.74
54.76
54.72
54.76
54.76
54.75
54.75
54.74
54.74
54.74
54.76
54.79
54.77
54.8
54.79
54.81
54.9
54.86
54.84
54.81
54.82
54.79
54.79
54.85
54.87
54.91
54.96
54.99
54.99
54.99
55
54.98
54.97
55
54.92
55.01
54.97
54.92
54.92
54.92
54.99
54.99
55
55.12
55.12
55.13
55.18
55.17
55.18
55.17
55.21
55.2
55.18
55.16
55.11
55.13
55.13
55.15
55.14
55.12
55.16
55.12
55.12
55.22
55.22
55.23
55.22
55.21
55.2
55.21
55.2
55.15
55.26
55.25
55.26
55.25
55.22
55.22
55.2
55.17
55.17
55.21
55.22
55.22
55.22
55.29
55.3
55.26
55.25
55.28
55.27
55.28
55.26
55.29
55.3
55.28
55.3
55.29
55.27
55.28
55.29
55.3
55.29
55.3
55.25
55.26
55.25
55.22
55.19
55.22
55.18
55.17
55.19
55.2
55.18
55.23
55.19
55.19
55.19
55.22
55.18
55.26
55.27
55.29
55.26
55.26
55.27
55.25
55.27
55.24
55.29
55.24
55.24
55.22
55.24
55.23
55.23
55.22
55.22
55.23
55.24
55.22
55.17
55.18
55.2
55.24
55.19
55.2
55.22
55.22
55.25
55.24
55.24
55.24
55.21
55.21
55.24
55.17
55.14
55.14
55.16
55.15
55.18
55.18
55.05
55.05
55.06
55.06
55.08
55.08
55.08
55.1
55.12
55.09
55.09
55.19
55.19
55.21
55.11
55.23
55.23
55.26
55.23
55.23
55.26
55.23
55.25
55.28
55.28
55.27
55.28
55.27
55.26
55.28
55.29
55.29
55.28
55.26
55.29
55.26
55.27
55.26
55.26
55.28
55.25
55.27
55.25
55.24
55.26
55.28
55.26
55.26
55.28
55.27
55.29
55.28
55.29
55.29
55.29
55.29
55.28
55.29
55.3
55.3
55.32
55.31
55.33
55.34
55.35
55.36
55.36
55.34
55.32
55.31
55.33
55.31
55.33
55.33
55.31
55.36
55.36
55.36
55.38
55.37
55.37
55.37
55.38
55.37
55.38
55.4
55.37
55.39
55.38
55.39
55.38
55.4
55.4
55.4
55.39
55.38
55.4
55.42
55.44
55.47
55.5
55.51
55.52
55.54
55.51
55.51
55.51
55.51
55.51
55.51
55.52
55.49
55.48
55.47
55.47
55.45
55.45
55.46
55.46
55.44
55.5
55.5
55.52
55.54
55.53
55.53
55.53
55.53
55.53
55.52
55.52
55.52
55.54
55.54
55.53
55.54
55.58
55.61
55.54
55.65
55.66
55.66
55.67
55.71
55.74
55.74
55.76
55.72
55.74
55.74
55.76
55.74
55.72
55.76
55.75
55.75
55.74
55.73
55.73
55.72
55.69
55.67
55.64
55.66
55.76
55.76
55.76
55.72
55.72
55.69
55.63
55.68
55.68
55.7
55.67
55.7
55.7
55.71
55.72
55.74
55.74
55.78
55.72
55.73
55.74
55.78
55.77
55.78
55.74
55.72
55.74
55.74
55.74
55.72
55.72
55.71
55.69
55.69
55.7
55.68
55.69
55.7
55.69
55.71
55.77
55.72
55.75
55.77
55.74