191
191.11
190.78
190.7
190.54
190.19
190.26
190.15
190.19
190.29
190.34
190.55
190.79
190.52
190.55
190.59
190.48
190.49
190.36
190.44
190.41
190.44
190.51
190.34
190.4
190.48
190.38
190.5
190.32
190.39
190.37
190.5
190.51
190.43
190.35
190.35
190.43
190.39
190.35
190.35
190.43
190.45
190.42
190.43
190.41
190.36
190.42
190.28
190.27
190.28
190.41
190.2
190.13
190.37
190.25
190.26
190.39
190.31
190.34
190.36
190.08
190.3
190.22
190.2
190.06
190.07
190.25
190.14
190.09
190.15
190.17
190.19
190.07
190.15
190.14
190.18
190.18
190.17
190.23
190.13
190.14
190.26
190.22
190.02
190.15
190.14
190.25
190.24
190.27
190.19
190.29
190.28
190.23
190.33
190.37
190.48
190.42
190.44
190.45
190.46
190.52
190.5
190.4
190.48
190.68
190.86
190.93
191
190.98
191.02
191.27
191.2
191.09
191.13
191.14
191.25
191.24
191.44
191.63
191.89
191.54
191.52
191.51
191.36
191.51
191.32
191.47
191.43
191.41
191.47
191.32
191.35
191.31
191.39
191.38
191.32
191.39
191.27
191.36
191.36
191.31
191.33
191.26
191.28
191.29
191.26
191.28
191.3
191.53
191.48
191.49
191.41
192.09
192.16
192.17
191.98
191.75
192.07
191.8
191.87
191.74
191.59
191.97
191.4
191.64
191.41
191.32
191.25
191.67
191.28
191.25
191.3
191.31
191.26
191.3
191.49
191.67
191.65
191.81
191.74
191.82
191.87
191.86
191.87
191.83
191.74
191.74
191.74
191.76
191.78
191.8
191.7
191.79
191.78
191.78
191.74
191.74
191.8
191.8
191.78
191.77
191.7
191.71
191.72
191.72
191.75
191.75
191.75
191.74
191.74
191.77
191.74
191.75
191.73
191.79
191.78
191.74
191.77
191.77
191.75
191.72
191.74
191.74
191.69
191.69
191.71
191.77
191.75
191.73
191.76
191.76
191.77
191.77
191.73
191.91
191.96
191.99
191.93
192.1
192.12
192.14
192.14
192.09
192.1
192.13
192.13
192.21
192.23
192.18
192.01
192.05
192
191.83
191.76
191.78
191.93
191.75
191.82
191.9
191.93
192.01
191.94
191.99
191.99
191.9
191.94
191.91
191.93
191.96
192
191.98
191.95
191.99
192.03
192
191.97
191.91
191.9
191.94
191.98
191.98
191.91
191.91
191.9
191.89
191.89
191.89
191.84
191.83
191.78
191.85
191.68
191.42
191.4
191.41
191.5
191.43
191.78
191.39
191.77
191.38
191.41
191.5
191.54
191.58
191.64
191.71
191.66
191.49
191.56
191.52
191.63
191.54
191.58
191.5
191.56
191.69
191.64
191.67
191.71
191.73
191.83
191.88
191.92
191.97
191.94
191.94
191.99
191.85
193.79
194.21
194.46
194.4
194.6
194.04
192.63
194.29
194.21
194.12
193.93
193.93
193.88
194.14
194.59
194.69
194.45
194.74
194.4
194.91
195
195.09
195.19
195.26
195.37
195.45
195.64
195.59
195.46
195.27
195.11
195.18
195.23
195.27
195.39
195.41
195.38
195.44
195.34
195.25
195.2
194.9
195.01
195
195.02
194.96
195.06
195.15
195.13
195.26
195.18
195.14
194.83
194.83
194.94
195.05
195.09
195.11
195.05
195.39
195.16
195.65
195.48
195.57
195.57
195.6
195.77
195.68
195.45
195.62
195.66
195.5
195.39
195.45
195.38
195.46
195.34
195.18
195.25
195.29
195.34
195.43
195.49
195.41
195.46
195.51
195.51
195.46
195.44
195.39
195.31
195.28
195.25
195.22
195.2
195.24
195.27
195.31
195.36
195.42
195.41
195.37
195.42
195.55
195.65
195.88
195.86
195.86
195.91
195.85
195.81
195.87
195.98
195.94
195.94
195.94
195.98
196.04
196.09
196.05
196.09
195.96
195.95
195.99
196
195.98
195.99
196
196
196.11
196.36
196.17
196.35
196.44
196.48
196.5
196.56
196.49
196.46
196.49
196.53
196.41
196.41
196.28
196.31
196.28
196.3
196.3
196.45
196.36
196.36
196.43
196.36
196.39
196.44
196.39
196.64
196.59
196.62
196.65
196.67
196.61
196.48
196.49
196.47
196.56
196.66
196.65
196.76
196.75
196.77
196.77
196.76
196.67
196.71
196.76
196.71
196.71
196.83
196.77
196.77
196.75
196.7
196.62
196.64
196.74
196.7
196.56
196.53
196.5
196.55
196.58
196.66
196.71
196.74
196.71
196.78
196.78
196.84
196.81
196.81
196.74
196.77
196.88
196.81
196.84
196.76
196.74
196.72
196.66
196.6
196.59
196.63
196.58
196.53
196.55
196.53
196.52
196.48
196.44
196.4
196.4
196.36
196.41
196.48
196.6
196.6
196.69
196.8
196.81
196.73
196.83
196.84
196.89
196.9
196.87
196.84
196.76
196.76
196.77
196.85
196.92
196.9
196.83
196.79
196.84
196.84
196.79
196.75
196.67
196.65
196.67
196.65
196.66
196.65
196.73
196.71
196.7
196.73
196.72
196.64
196.71
196.6
196.55
196.51
196.32
196.4
196.38
196.45
196.56
196.48
196.57
196.55
196.43
196.45
196.4
196.29
196.55
196.43
196.33
196.3
196.28
196.27
196.28
196.34
196.44
196.35
196.32
196.34
196.37
196.32
196.43
196.46
196.4
196.4
196.02
196.03
196
195.95
195.9
195.8
195.75
195.77
195.9
195.96
196
196.01
195.99
195.9
195.86
195.91
195.95
195.92
195.87
195.85
195.77
195.85
195.84
195.78
195.89
195.88
195.82
195.79
195.64
195.72
195.74
195.71
195.71
195.7
195.71
195.66
195.71
195.6
195.55
195.48
195.47
195.52
195.38
195.36
195.29
195.36
195.27
195.27
195.29
195.34
195.34
195.26
195.28
195.43
195.45
195.34
195.3
195.45
195.39
195.67
195.74
195.65
195.11
195.47
195.85
195.92
196
196
195.84
195.87
195.65
195.65
195.88
195.82
195.96
196.22
196.45
196.6
196.5
196.44
196.45
196.65
197.05
196.64
197.04
197.32
197.03
197.08
196.86
196.76
196.66
196.7
197.06
197.18
197.11
197.06
197.06
197.16
197.3
197.43
197.38
197.36
197.52
197.52
197.66
197.83
197.78
197.6
197.63
197.53
197.63
197.53
197.65
197.63
197.56
197.5
197.56
197.55
197.45
197.57
197.36
197.44
197.44
197.44
197.52
197.29
197.3
197.16
197.29
197.27
197.45
197.39
197.4
197.33
197.27
197.5
197.45
197.32
197.49
197.58
197.54
197.59
197.65
197.65
197.71
197.71
197.76
197.73
197.71
197.8
197.93
198.02
197.97
197.71
197.5
197.52
198.05
197.45
197.98
197.36
197.81
197.41
197.48
197.45
197.43
197.45
197.44
197.32
197.32
197.2
197.19
197.21
197.2
197.28
197.3
197.13
197.09
197.2
197.26
197.37
197.37
197.38
197.39
197.29
197.36
197.26
197.35
197.37
197.28
197.47
197.43
197.42
197.46
197.4
197.17
197.11
196.88
196.96
196.65
196.68
196.4
196.48
196.68
196.48
196.41
196.71
196.38
196.41
196.42
196.48
196.48
196.45
196.46
196.43
196.32
196.5
196.49
196.45
196.42
196.31
196.25
196.31
196.32
196.36
196.53
196.55
196.49
196.61
196.59
196.6
196.59
196.77
196.77
196.63
196.65
196.63
196.7
196.75
196.63
196.65
196.63
196.62
196.59
196.57
196.63
196.69
196.52
196.56
196.65
196.63
196.6
196.59
196.56
196.24
196.26
196.23
196.17
196.18
196.29
196.31
196.31
196.31
196.11
196.13
196.1
196.09
196.13
196.12
196.07
196.19
196.1
196.01
195.95
197.95
195.85
195.76
195.86
195.69
195.87
195.79
195.64
195.8
195.6
195.79
195.45
195.61
195.64
195.66
195.5
195.54
195.5
195.54
195.66
195.66
195.56
195.71
195.74
195.42
195.48
195.29
195.44
195.37
195.58
195.32
195.35
195.45
195.56
195.51
195.66
195.61
195.57
195.57
195.7
195.72
195.73
195.81
195.61
196.08
195.55
196.15
196.11
196.07
196.22
196.32
196.13
196.33
196.2
196.2
196.23
196.38
196.49
196.32
196.24
196.44
196.24
196.28
196.74
196.69
196.74
196.71
196.69
196.79
196.7
196.71
196.73
196.72
196.85
196.77
196.85
196.77
196.77
196.95
196.9
196.9
196.81
196.98
196.59
196.58
196.55
196.63
196.86
196.72
196.27
196.28
196.37
196.31
196.49
196.51
196.56
196.54
196.58
196.59
196.41
196.3
196.53
196.47
196.75
196.67
196.7
196.35
196.82
196.96
196.65
196.95
196.92
196.56
196.71
196.76
196.87
196.69
196.59
196.71
196.59
196.69
196.62
196.65
196.74
196.67
196.62
196.45
196.5
196.52
196.71
196.65
196.59
196.74
196.66
196.62
196.79
196.79
196.74
194.02
194.03
193.72
193.32
193.54
193.7
193.93
193.96
194.13
193.97
194
194.24
194.17
194.62
194.06
194.73
194.63
194.52
194.49
194.27
194.1
194.13
194.05
194.5
194.63
194.76
194.85
194.83
194.84
194.67
194.42
194.27
194.15
193.84
193.79
193.69
193.57
193.84
193.63
193.61
193.59
193.59
193.32
193.4
193.56
193.49
193.3
193.03
193.26
193.18
193.07
193.13
193.09
193.06
193
192.99
192.95
192.99
193.24
193.03
193.4
193.47
193.59
193.44
193.53
193.48
193.47
193.63
193.68
193.91
193.92
194
194.02
194.02
194.04
194
194.21
194.12
193.98
193.97
193.99
194.06
193.97
193.98
193.98
194.04
193.99
194.14
194.13
193.97
193.91
193.99
193.94
194.39
194.08
194.04
194.34
194.35
194.3
194.17
194.35
194.33
194.16
194.12
194.18
194.2
194.27
194.14
194.24
194.38
194.38
194.29
194.21
194.05
194.05
193.96
194.02
194.02
194.06
194.2
194.24
194.19
194.26
194.2
194.27
194.23
194.36
194.2
194.12
194.19
194.49
194.51
194.55
194.57
194.57
194.36
194.37
194.35
194.24
194.36
194.37
194.38
194.1
194.32
194.02
194.27
194.03
194.09
194.11
194.11
194.64
194.71
194.78
194.94
194.95
194.99
195
195.11
195.14
195.32
195.13
195.18
195.17
195.2
195.24
195.38
195.32
195.18
195.46
195.45
195.49
195.24
195.3
195.3
195.21
195.18
195.2
195.21
195.2
195.29
195.27
195.26
195.43
195.44
195.41
195.37
195.76
195.46
195.75
195.77
195.76
195.71
195.79
195.53
195.55
195.52
195.54
195.52
195.67
195.47
195.48
195.61
195.73
195.64
195.67
195.6
195.66
195.67
195.66
195.73
195.96
195.99
195.98
195.91
196.01
195.77
196.03
195.98
195.77
195.8
195.81
195.65
195.67
195.75
195.74
195.75
195.8
195.77
195.83
195.92
195.9
195.93
195.99
196.08
196.06
195.99
195.96
195.81
195.48
195.7
195.6
195.65
195.52
195.5
195.26
195.53
196
195.71
195.71
195.68
195.7
195.49
195.48
196.02
196.1
196.19
196.12
196.19
196.19
196.17
196.15
196.17
196.23
196.22
196.23
196.47
196.32
196.32
196.23
196.25
196.27
196.25
196.16
196.18
196.18
196.21
196.08
195.99
196.21
196.25
196.16
196.19
196.17
196.09
196.09
196.24
196.24
196.28
196.26
196.28
196.34
196.6
196.41
196.41
196.3
196.2
196.26
196.31
196.4
196.29
196.13
196.12
196.16
196.42
196.45
196.4
196.39
196.51
196.31
196.7
196.72
196.62
196.72
196.82
196.94
196.91
196.88
197.04
197.08
197.06
189.82
189.27
188.79
189.07
188.86
188.85
188.77
188.86
188.82
188.51
188.61
188.49
188.65
188.87
188.49
188.4
188.5
188.49
188.44
188.48
188.87
188.68
188.5
188.75
188.67
188.47
188.47
188.57
188.48
188.49
188.3
188.48
188.67
188.1
187.95
187.94
187.93
188.06
187.96
187.81
187.76
188.11
187.93
187.86
187.74
187.66
187.69
187.91
187.63
188.1
187.84
187.97
187.99
187.9
187.96
187.71
187.93
187.96
188.04
187.88
187.91
188.46
188.39
187.97
188.35
188.03
188.27
187.84
188.12
187.9
187.98
187.91
187.91
187.94
187.94
187.54
187.72
187.66
187.96
187.93
187.88
187.88
187.81
187.75
187.81
187.45
187.67
187.73
187.67
187.6
187.58
187.65
187.49
187.55
187.27
187.17
187.13
187.16
187.24
187.38
187.21
187.04
186.89
186.85
186.73
186.84
186.86
186.82
186.49
186.79
186.66
186.36
186.85
186.62
186.59
186.65
186.51
186.62
186.55
186.5
186.52
186.38
186.24
186.55
186.22
186.41
186.15
186.48
186.47
186.37
186.51
186.5
186.32
186.74
186.75
186.58
186.58
186.59
186.6
186.55
186.63
186.5
186.57
186.55
186.41
186.42
186.53
186.44
186.46
186.64
186.72
186.8
186.93
186.46
186.98
186.71
186.72
186.7
186.67
186.69
186.93
186.99
187.14
186.8
187.41
187.47
187.3
187.35
187.29
187.27
187.32
187.33
187.33
187.33
187.35
187.27
187.18
187.21
187.48
187.33
187.35
187.51
187.51
187.52
187.35
187.66
187.65
187.56
187.28
187.12
187.52
187.27
187.13
187.41
187.37
187.38
187.33
186.9
186.79
186.72
186.81
186.72
186.74
186.84
186.82
186.75
186.99
186.72
187.08
187.09
186.88
186.87
186.8
186.77
186.72
186.66
186.62
186.7
186.65
186.69
186.63
186.7
186.72
186.71
186.49
186.49
186.53
186.49
186.55
186.22
186.05
186.03
186.03
186.06
186.01
186.12
186.21
186.31
186.06
186.09
186.37
186.04
186.21
186.19
186.41
186.46
186.32
186.19
186.23
186.35
186.28
186.35
186.39
186.19
186.3
186.08
186.24
186.15
186.18
186.21
186.11
186.06
186.03
186.01
186.13
186.29
186.07
186.35
186.24
186.54
186.36
186.51
186.58
186.48
186.31
186.32
186.27
186.51
186.51
186.42
186.48
186.33
186.38
186.53
186.37
186.22
186.04
186.35
185.96
186.12
185.89
185.88
186.05
186.06
186.1
186.26
186.28
186.16
186.32
186.38
186.43
186.42
186.52
186.14
186.43
186.47
186.57
186.37
186.44
186.49
186.42
186.15
186.4
186.43
186.05
185.86
185.99
185.92
185.97
186.14
186.41
186.37
186.18
186.26
186.46
186.21
186.27
185.66
185.41
185.49
185.53
185.59
185.69
186.28
185.88
185.82
185.78
185.73
185.64
185.78
185.9
185.75
185.82
185.62
185.81
185.81
185.76
185.91
185.94
185.76
185.84
185.77
185.87
185.77
185.59
185.59
183.16
183.04
183.09
182.85
183.36
183.04
183.41
183.1
183.36
183.54
182.69
182.64
182.62
182.65
182.71
182.7
182.68
182.54
182.78
183.3
183.65
183.75
183.98
183.57
183.75
183.78
182.8
183.79
183.72
183.7
183.68
183.79
183.74
183.78
183.54
183.76
183.74
183.71
184.13
184.41
184.7
183.92
184.22
184.26
184.39
184.32
184.14
184.11
184.08
184.27
184.28
184.01
183.99
184.32
184.25
184
184.11
184.21
183.96
183.9
183.96
183.95
183.85
183.97
183.7
183.73
183.79
183.85
183.88
183.86
183.89
183.81
183.6
183.86
183.9
183.79
183.89
184
184.14
184.04
183.91
184.07
184.02
183.97
184.06
184.02
184.41
184.05
184.05
184.6
184.83
184.74
184.63
184.98
184.7
185.15
185.4
185.52
185.88
185.96
185.9
185.85
184.74
185.77
186.31
186.28
186.49
186.41
186.35
186.49
186.48
186.3
186.24
186.34
186
186.11
186.4
186.1
186.27
186.17
186.22
186.18
186.15
185.95
186.24
186.16
186.14
186.07
186.01
185.99
186.02
186.18
186.09
186.2
185.82
185.82
185.7
185.71
185.68
185.81
185.86
185.96
185.89
186.01
185.88
186.24
186.42
186.41
186.59
186.2
185.88
186.22
186.3
186.49
186.36
186.3
186.47
186.24
186.41
185.84
186.3
186.27
186.1
185.65
185.9
185.85
185.81
185.82
185.75
185.69
185.62
185.82
185.53
185.3
185.35
185.07
185.8
185.23
185.4
185.38
185.57
185.51
184.85
185.46
184.88
184.98
184.95
184.88
185.01
184.98
184.8
184.83
185.11
184.85
184.87
184.82
185.26
185.21
185.4
184.98
185.13
185.13
185.31
185.33
185.6
185.51
185.75
185.64
185.51
185.54
185.63
185.63
185.5
185.71
185.7
185.67
185.52
185.58
185.57
185.68
185.69
185.82
185.87
185.71
185.76
185.8
185.82
185.8
185.69
185.69
185.9
185.81
185.86
186.02
186.04
186.06
185.97
186.1
185.91
185.94
185.88
185.95
186.02
186.01
186.07
186.15
186.25
185.93
186.21
186.1
186
185.93
186
186.03
185.96
186.04
185.88
185.7
185.74
185.74
186.06
185.96
185.93
185.95
186.08
185.97
185.91
185.87
185.87
185.82
185.75
185.31
185.71
185.63
185.65
185.22
185.66
185.51
185.19
185.52
185.61
185.49
185.22
185.16
185.25
185.16
184.82
185.09
184.79
184.99
184.97
184.85
184.71
184.73
184.85
184.89
184.92
184.9
184.92
185
184.95
185
184.96
184.67
184.92
184.6
184.7
184.72
184.6
184.76
184.85
184.66
185
185.01
184.74
184.75
184.79
184.91
184.53
184.4
184.89
184.1
184.08
184.03
184.86
184.17
184.17
184.49
184.27
184.02
183.99
183.9
183.81
183.56
183.3
185.16
184.93
185.1
185.64
186.09
185.7
185
185.65
185.71
185.82
185.76
185.79
185.72
185.81
185.87
185.79
185.74
185.74
185.76
185.8
185.84
185.83
185.83
185.75
185.65
185.55
185.65
185.77
185.73
185.13
185.18
185.36
185.13
185.24
185.19
185.39
185.06
185.06
184.94
185.02
185.04
185.09
185.13
185.12
185.14
185.05
184.97
185.06
185.06
185.19
185.17
185.32
185.43
185.46
185.36
185.41
185.21
185.46
185.38
185.53
185.44
185.65
185.77
185.45
185.44
185.47
185.41
185.46
185.57
185.37
185.41
185.52
185.52
185.49
185.24
185.38
185.52
185.46
185.45
185.29
185.15
185.31
185.36
185.29
185.26
185.39
185.28
185.18
185.21
185.32
185.36
185.21
185.16
185.41
185.5
185.52
185.29
185.66
185.81
185.85
185.89
185.93
185.93
185.84
185.79
185.79
185.67
185.69
185.79
185.52
185.49
185.61
185.35
185.45
185.5
185.6
185.4
185.4
185.34
185.37
185.8
185.8
185.79
185.8
185.74
185.78
185.8
185.9
185.85
185.79
185.86
185.81
185.84
185.74
185.82
185.87
185.85
185.8
185.82
185.76
185.77
185.62
185.51
185.62
185.65
185.62
185.59
185.53
185.73
185.85
185.91
185.86
185.73
185.47
185.49
185.52
185.32
185.13
185.34
185.39
185.41
185.61
185.26
185.79
186.11
186.02
186.02
186.01
186.02
186.02
185.96
186
185.99
186.02
186
185.94
185.99
185.85
185.86
185.93
186.02
186
185.86
185.95
185.84
185.84
185.88
185.73
185.78
185.73
185.75
185.87
185.87
185.82
185.86
185.93
185.93
185.91
185.87
185.7
185.65
185.67
185.67
185.63
185.57
185.59
185.55
185.62
185.68
185.71
185.67
185.73
185.62
185.78
185.59
185.62
185.66
185.61
185.55
185.62
185.63
185.52
185.52
185.32
185.4
185.34
185.34
185.84
185.61
185.57
185.78
185.73
185.72
185.69
185.53
185.63
185.6
185.29
185.51
185.44
185.6
185.37
185.83
185.89
185.8
185.52
185.31
185.24
185.57
185.19
185.41
184.99
185.56
185.57
185.1
185.1
185.04
185.28
185.03
185.09
185.15
185.22
185.22
185.41
185.13
185.05
184.64
185.26
184.81
185.18
184.81
185.04
185.13
185.04
185.02
184.98
184.99
185.01
185
185.05
185.31
185.44
185.21
185.38
185.44
185.35
184.92
185.24
185.23
185.34
185.36
185.3
185.35
185.38
185.3
185.3
185.34
185.27
185.28
185.26
185.2
185.23
185.23
185.3
185.26
185.27
185.29
185.27
185.27
185.33
185.43
185.39
185.4
185.3
185.35
185.41
185.3
185.49
185.41
185.3
185.27
185.27
185.32
185.07
188.29
188.27
188.52
188.5
188.5
188.5
189.1
189.38
188.56
189.48
189.51
189.49
189.49
189.89
188.43
190.07
190.5
190.5
190.5
190.5
190.5
190.5
190.79
190.83
190.45
190.42
190.42
190.42
190.62
190.13
190.13
190.04
190
190.02
189.72
189.65
190.01
189.7
189.73
189.81
189.85
190
189.8
189.45
189.27
189.01
189.28
188.9
188.9
189.02
188.98
188.97
188.91
189.17
189.4
189.4
189.33
189.27
189.27
189.22
189.27
189.34
189.34
189.34
189.31
189.4
189.37
189.45
189.5
189.31
189.7
189.62
189.5
189.63
189.37
189.65
189.65
189.51
189.54
189.41
189.51
189.18
189.21
189.58
189.52
189.14
188.76
188.8
188.8
188.97
188.93
188.93
188.93
189.23
189.33
188.84
189.32
189.37
189.37
189.36
189.29
189.41
189.41
189.23
188.98
189.1
188.91
188.74
188.83
188.83
188.77
188.71
188.76
188.98
188.83
188.83
188.85
188.79
188.79
188.8
188.8
188.76
188.68
188.81
188.81
188.74
189.16
189.16
189.36
189.35
188.78
188.68
189.4
189.36
189.38
189.41
189.34
189.28
189.33
189.48
189.35
189.37
189.4
189.47
189.44
189.44
189.55
189.57
189.65
189.51
189.44
189.29
189.27
189.31
189.53
189.49
189.33
189.43
189.58
189.53
189.5
189.5
189.66
189.66
189.91
189.67
189.67
190.03
190.03
190.03
190.13
190.12
189.96
189.99
189.99
189.99
190.19
190.07
190.1
190.12
190.12
190.12
190.1
190.03
189.89
190.06
190.09
190.09
190.05
190.01
189.95
190.07
190.04
190.06
190.05
190.05
190.01
190.07
190
190
190.02
190
189.97
190.08
190
190
189.94
189.97
189.97
190.08
190.05
190.11
190.11
190.05
190.14
190.19
190.21
190.07
190.07
190.06
190.02
190.09
190
190
190.01
190.01
190.01
189.99
190.01
190.01
189.97
189.97
190.02
190
189.99
189.88
189.89
189.88
189.9
189.95
189.97
190.01
190.04
189.99
190.02
190.02
190.01
189.99
189.87
189.97
189.99
189.99
189.68
189.99
189.98
189.68
189.77
189.45
189.46
189.39
189.51
189.58
189.45
189.39
189.42
189.43
189.43
189.98
189.84
189.9
189.84
189.6
189.83
189.9
189.8
189.81
189.79
189.91
189.71
190.74
190.74
190.63
190.63
190.8
190.66
190.66
190.6
190.51
190.66
190.58
190.68
190.79
190.74
190.74
190.78
190.73
190.66
190.75
190.75
190.81
190.91
190.95
191.09
191.2
191.52
191.44
193.16
193.2
193.2
193.17
193.19
193.46
193.5
193.28
193.5
193.68
193.63
193.63
193.84
194.07
193.47
194.05
193.5
193.25
193.92
193.84
193.89
193.91
193.71
193.63
193.72
193.24
193.27
193.54
193.48
193.29
193.24
193.28
193.24
193.45
193.35
193.5
193.49
193.53
193.6
193.63
193.49
193.46
194.06
194.08
193.51
194.07
194.07
194.12
194.04
194.02
194.03
194.16
194.12
194.16
194.16
194.12
194.17
194.01
194.03
194.09
194.07
193.97
193.98
193.97
193.9
193.92
193.91
193.9
193.91
193.93
193.92
193.94
193.78
193.89
193.9
193.57
193.63
193.65
193.57
193.61
193.65
193.67
193.64
193.6
193.56
193.64
193.62
193.59
193.62
193.65
193.65
193.42
193.35
193.37
193.37
193.35
193.33
193.32
193.32
193.37
193.37
193.27
193.27
193.21
193.22
193.21
193.18
193.18
193.23
193.23
193.2
193.22
192.88
193.25
193.23
193.22
193.2
192.92
192.81
193.16
193.08
193.08
192.81
192.72
192.8
192.73
192.79
192.62
192.64
192.63
192.55
192.71
192.54
192.54
192.51
192.49
192.53
192.72
192.76
192.64
192.73
192.74
192.82
192.79
192.83
192.79
192.92
192.96
192.91
193.04
192.84
193.07
193.08
193.06
193.15
193.1
193.2
193.03
193.15
193.15
193.2
193.24
193.22
193.33
193.1
193.26
193.19
193.2
193.21
193.19
193.17
193.1
193.18
193.16
193.09
193
193.03
192.94
192.94
193.02
193.05
193
193.03
193.05
193.13
193.12
193.12
193.08
193.03
193.03
193.1
193.12
193.15
193.14
193.01
193
193.05
193.1
193.25
193.25
193.17
193.12
193.04
193.09
193.04
193.03
193.08
193.05
193.01
193.07
193.05
192.96
193.09
193.08
193.07
193.12
193.2
193.2
193.19
193.37
193.25
193.3
193.31
193.47
193.58
193.41
193.58
193.57
193.54
193.42
193.55
193.61
193.65
193.59
193.63
193.64
193.78
193.72
193.73
193.7
193.83
193.8
193.82
193.81
193.79
193.77
193.78
193.77
193.82
193.8
193.79
193.89
193.89
193.96
193.82
193.84
194.14
194.18
193.88
194.21
194.21
194.22
194.27
194.35
194.35
194.35
194.46
194.51
194.63
194.47
194.69
194.73
194.7
194.9
194.64
194.87
194.96
194.66
194.97
194.89
194.89
194.93
194.9
194.84
194.65
194.91
194.69
194.63
194.7
194.87
194.65
194.69
194.79
194.79
194.71
194.6
194.65
194.6
194.62
194.53
194.41
194.31
194.3
194.33
194.43
194.33
194.33
194.4
194.23
194.17
194.28
194.29
194.4
194.53
194.4
194.72
194.73
194.73
194.62
194.62
194.6
194.65
194.6
194.58
194.59
194.43
194.52
194.13
193.97
193.88
194.01
193.78
193.75
193.77
193.72
193.79
193.75
193.69
193.7
193.8
193.75
193.66
193.54