163.78
163.82
163.92
164.4
164.2
164.03
164.29
164.29
164.48
164.42
164.39
164.29
164.3
164.37
164.26
164.17
164.07
164.09
164.19
164.23
164.07
164.16
164.07
164.03
164.07
164.01
163.84
163.83
163.66
163.69
163.62
163.55
163.53
163.39
163.36
163.47
163.6
163.56
163.46
163.48
163.48
163.29
163.31
163.23
163.31
163.37
163.54
163.5
163.51
163.5
163.37
163.31
163.44
163.33
163.52
163.11
163.16
163.24
163.35
163.25
163.27
163.22
163.18
163.26
163.4
163.11
163.08
163.18
163.1
163.03
163.04
163.07
163.12
163.23
163.23
163.24
163.3
163.38
163.43
163.49
163.44
163.42
163.45
163.38
163.37
163.3
163.32
163.32
163.36
163.43
163.21
163.4
163.13
163.09
163.14
163.12
163.1
163.29
163.13
163.17
163.16
163.11
163.16
163.29
163.22
163.32
163.27
163.26
163.22
163.27
163.27
163.29
163.34
163.41
163.26
163.46
163.5
163.26
163.48
163.7
163.64
163.67
163.75
163.77
163.88
163.76
163.69
163.78
163.9
163.97
163.7
163.69
163.9
163.97
164.07
164.02
164
164.01
164.05
164.1
164.1
164.15
164.06
164.19
164.14
164.14
164.12
164.17
164.18
164.2
164.17
164.16
164.41
164.28
164.31
164.36
164.33
164.45
164.48
164.5
164.43
164.46
164.18
164.24
164.3
164.21
164.15
164.15
164.14
164.14
164.24
164.14
164.13
164.19
164.18
164.19
164.24
164.24
164.24
164.18
164.24
164.3
164.27
164.24
164.27
164.29
164.3
164.3
164.27
164.31
164.31
164.31
164.31
164.3
164.29
164.31
164.24
164.21
164.23
164.16
164.06
164.12
164.17
164.16
164.15
164.11
164.09
164.07
164.16
164.1
164.09
164.09
164.05
164.04
164.07
164.07
164.07
164.09
164.13
164.13
164.13
164.09
164.08
164.09
164.1
164.11
164.14
164.09
164.11
164.12
164.17
164.21
164.24
164.2
164.16
164.16
164.13
164.15
164.15
164.18
164.22
164.09
164.12
164.15
164.16
164.22
164.25
164.24
164.25
164.3
164.31
164.31
164.27
164.25
164.26
164.21
164.2
164.23
164.28
164.29
164.22
164.19
164.26
164.2
164.23
164.19
164.2
164.16
164.22
164.25
164.19
164.2
164.18
164.22
164.18
164.12
164.11
164.07
164.07
164.19
164.19
164.16
164.15
164.03
164
164.02
164.03
164
164.02
163.93
163.92
163.86
163.77
163.69
163.66
164.01
163.64
164
163.62
163.94
163.6
163.58
163.65
163.54
163.79
163.76
163.84
163.8
163.64
163.76
163.66
163.74
163.74
163.71
163.64
163.64
163.78
163.71
163.74
163.77
163.79
163.78
163.84
163.78
163.81
163.84
163.83
163.84
163.85
163.65
163.98
164.03
163.9
163.79
163.72
163.81
164.01
163.35
163.25
163.09
163.06
163.13
163.06
163.1
163.08
163.27
163.29
163.38
163.45
163.47
163.43
163.38
163.38
163.36
163.28
163.37
163.36
163.33
163.35
163.34
163.32
163.34
163.44
163.32
163.33
163.39
163.35
163.35
163.33
163.31
163.29
163.31
163.25
163.26
163.29
163.44
163.35
163.43
163.41
163.48
163.54
163.5
163.53
163.53
163.53
163.55
163.53
163.55
163.6
163.55
163.54
163.43
163.38
163.52
163.36
163.41
163.32
163.34
163.55
163.32
163.4
163.35
163.32
163.34
163.38
163.35
163.31
163.34
163.34
163.34
163.28
163.2
163.18
163.34
163.18
163.32
163.13
163.1
163.13
163.11
163.09
163.1
163.12
163.12
163.05
163.1
163.12
163.17
163.23
163.24
163.21
163.24
163.22
163.1
163.12
163.1
163.07
163.09
163.11
163.14
163.05
163.08
163.1
163.15
163.09
163.12
163.11
163.11
163.16
163.05
163.09
163.15
163.05
163.06
163.05
163.05
163.05
163.07
163.07
163.15
163.04
163.18
163.24
163.32
163.35
163.36
163.32
163.25
163.27
163.26
163.23
163.27
163.35
163.39
163.3
163.35
163.42
163.39
163.41
163.44
163.48
163.58
163.52
163.62
163.59
163.69
163.72
163.74
163.74
163.72
163.72
163.69
163.7
163.69
163.68
163.65
163.69
163.67
163.57
163.54
163.63
163.57
163.58
163.58
163.62
163.6
163.65
163.6
163.6
163.56
163.58
163.55
163.59
163.58
163.59
163.54
163.55
163.51
163.54
163.55
163.54
163.54
163.51
163.58
163.57
163.49
163.45
163.43
163.36
163.49
163.38
163.3
163.24
163.2
163.19
163.15
163.14
163.15
163.14
163.15
163.13
163.14
163.14
163.15
163.17
163.12
163.06
163.11
163.13
163.08
163.06
163.06
163.07
163.09
163.08
163.07
163.08
163.12
163.16
163.12
163.13
163.17
163.09
163.11
163.15
163.18
163.16
163.16
163.17
163.21
163.21
163.2
163.2
163.23
163.23
163.21
163.23
163.18
163.2
163.2
163.2
163.19
163.17
163.21
163.18
163.16
163.14
163.13
163.11
163.18
163.11
163.15
163.16
163.15
163.1
163.16
163.1
163.13
163.18
163.17
163.18
163.22
163.19
163.22
163.19
163.17
163.21
163.14
163.12
163.05
163.05
163.09
163.1
163.09
163.07
163.01
162.99
162.98
162.94
162.93
163.07
163.04
163.02
163.01
162.94
162.98
162.99
163.03
163
163.03
163.05
163.01
163.05
163.1
163.09
163.14
163.05
163.13
163.1
163.2
163.22
163.21
163.2
163.25
163.25
163.24
163.3
163.26
163.28
163.27
163.23
163.21
163.2
163.23
163.21
163.2
163.17
163.19
163.22
163.19
163.15
163.18
163.11
163.1
163.05
163.13
163.08
163.11
163.06
163.15
163.15
163.11
163.11
163.2
163.22
163.24
163.16
163.26
162.45
162.22
162.27
162.33
162.36
162.31
162.52
162.74
162.68
162.66
162.73
162.74
162.66
162.64
162.62
162.54
162.61
162.68
162.57
162.61
162.52
162.63
162.85
162.94
162.9
162.88
162.86
162.87
162.84
162.83
162.84
162.78
162.67
162.68
162.71
162.65
162.56
162.66
162.56
162.58
162.57
162.7
162.71
162.84
162.83
162.83
162.84
162.93
162.88
162.83
162.8
162.86
162.91
162.88
162.79
162.86
162.83
162.84
162.83
162.57
162.56
162.59
162.72
162.62
162.68
162.64
162.61
162.56
162.53
162.54
162.55
162.55
162.59
162.58
162.58
162.69
162.78
162.76
162.77
162.76
162.61
162.68
162.69
162.71
162.67
162.68
162.69
162.59
162.69
162.74
162.67
162.73
162.69
162.72
162.71
162.63
162.68
162.64
162.53
162.43
162.37
162.33
162.39
162.37
162.51
162.36
162.4
162.46
162.48
162.51
162.49
162.46
162.43
162.44
162.46
162.47
162.46
162.48
162.46
162.48
162.41
162.43
162.39
162.55
162.57
162.58
162.61
162.62
162.66
162.61
162.68
162.76
162.76
162.79
162.83
162.71
162.86
162.85
162.74
162.79
162.84
162.81
162.69
162.6
162.66
162.56
162.44
162.44
162.37
162.38
162.32
162.58
162.49
162.45
162.38
162.45
162.39
162.38
162.43
162.42
162.37
162.43
162.39
162.37
162.27
162.33
162.32
162.34
162.35
162.19
162.27
162.26
162.28
162.27
162.22
162.22
162.22
162.18
162.19
162.23
162.16
162.17
162.2
162.21
162.22
162.2
162.11
162.13
162.13
162.13
162.1
162.11
162.08
162.11
162.1
162.09
162.13
162.14
162.14
162.06
162.08
162.05
162.02
162.07
162.04
162.06
161.96
161.97
162
161.96
162.01
162.04
161.99
162.06
161.96
161.98
161.95
162.01
161.95
161.93
161.97
161.88
161.8
161.83
161.94
161.96
161.71
161.74
161.91
161.66
161.69
161.66
161.8
161.61
161.56
161.55
161.61
161.62
161.66
161.62
161.7
161.61
161.78
161.74
161.77
161.65
161.8
161.75
161.81
161.75
161.81
161.85
161.87
161.88
161.85
161.75
161.84
161.75
161.82
161.74
161.83
161.77
161.77
161.77
161.75
161.74
161.78
161.77
161.84
161.82
161.77
161.78
161.77
161.75
161.85
161.77
161.79
161.84
161.75
161.74
161.75
161.77
161.84
161.8
161.76
161.78
161.79
161.74
161.75
161.77
161.75
161.85
161.93
161.91
161.98
161.83
161.93
162
161.95
162.03
161.96
162.03
161.88
161.85
161.93
161.93
161.97
161.88
161.78
161.77
161.83
161.81
161.79
161.78
161.82
161.85
161.93
161.86
161.92
161.87
161.88
161.92
161.96
161.95
161.95
161.99
162
162
161.93
161.93
161.89
161.95
161.92
161.95
161.94
161.91
161.93
161.94
161.9
161.91
161.92
161.86
161.95
162.01
162.01
161.93
161.91
161.9
161.92
161.89
161.96
161.91
162.02
161.99
162
161.98
161.83
162.1
162.08
161.97
161.68
161.98
162.2
162.42
162.33
162.15
162.26
162.22
162.37
162.4
162.44
162.43
162.32
162.66
162.71
162.69
162.81
162.88
162.6
162.52
162.48
162.47
162.48
162.45
162.42
162.29
162.3
162.31
162.33
162.02
161.87
161.9
161.91
161.86
161.89
161.89
162.09
162.09
162.17
162.16
162.04
162.02
161.87
161.89
161.88
161.83
161.85
161.85
161.7
161.73
161.74
161.68
161.52
161.67
161.68
161.66
161.73
161.69
161.75
161.79
161.96
161.91
161.79
161.73
161.81
161.82
161.92
161.91
161.89
161.91
161.88
161.92
161.92
161.72
161.56
161.95
161.53
161.55
161.54
161.6
161.56
161.54
161.57
161.6
161.53
161.56
161.57
161.39
161.44
161.41
161.62
161.61
161.72
161.57
161.74
161.66
161.76
161.65
161.64
161.61
161.55
161.53
161.62
161.6
161.47
161.43
161.39
161.42
161.34
161.36
161.32
161.32
161.27
161.32
161.34
161.4
161.28
161.4
161.31
161.31
161.28
161.27
161.33
161.3
161.17
161.34
161.21
161.22
161.3
161.28
161.3
161.3
161.33
161.32
161.26
161.23
161.29
161.2
161.18
161.13
161.08
161.07
161.26
161.06
161.06
161.13
161.08
161.39
161.23
161.29
161.47
161.26
161.52
161.29
161.61
161.59
161.68
161.64
161.66
161.69
161.68
161.74
161.78
161.76
161.85
161.87
161.93
161.9
161.92
161.65
161.95
161.97
162.05
162.02
162.12
162.12
162.23
162.24
162.32
162.31
162.28
162.28
162.28
162.36
162.3
162.29
162.28
162.32
162.38
162.34
162.34
162.34
162.36
162.33
162.3
162.33
162.31
162.28
162.31
162.26
162.26
162.25
162.24
162.25
162.24
162.22
162.25
162.32
162.38
162.39
162.24
162.24
162.29
162.29
162.29
162.16
162.33
162.4
162.13
162.13
162.18
162.17
162.2
162.21
162.23
162.16
162.32
162.33
162.34
162.37
162.39
162.36
162.38
162.36
162.29
162.27
162.24
162.19
162.2
162.27
162.28
162.17
162.19
162.21
162.21
162.26
162.25
162.27
162.22
162.26
162.25
162.28
162.24
162.25
162.21
162.19
162.22
162.2
162.23
162.24
162.32
162.35
162.19
162.13
162.42
162.19
162.2
162.45
162.48
162.44
162.55
162.56
162.47
162.53
162.51
162.52
162.48
162.5
162.44
162.5
162.47
162.41
162.46
162.48
162.46
162.5
162.47
162.49
162.5
162.42
162.41
162.35
162.35
162.44
162.47
162.61
162.64
162.64
162.66
162.7
162.81
162.67
162.69
162.76
162.75
162.73
162.78
162.89
162.79
162.8
162.83
162.85
162.82
162.92
162.99
162.9
162.95
156.5
156.19
155.95
156.05
155.94
156.66
155.7
155.62
155.91
155.04
154.81
154.96
154.9
154.76
154.96
154.9
154.78
154.78
154.69
154.65
154.94
154.88
154.88
155.03
155.01
154.94
155.03
155.09
155.17
155.04
154.97
154.88
154.61
154.66
154.47
154.47
155.13
154.45
154.37
154.13
154.13
154.21
154.33
154.44
154.39
154.06
154.07
154.26
154.31
154.17
154.2
154.19
154.13
154.06
154.08
154.01
153.99
154.13
154.13
154.27
154.21
154.55
154.8
154.73
154.82
154.3
154.61
154.63
154.68
154.59
154.52
154.5
154.55
154.43
154.46
154.32
154.39
154.25
154.42
154.48
154.43
154.31
154.25
154.35
154.2
154.13
154.19
154.2
154.03
154.01
154.04
154.15
154.02
153.84
153.85
153.79
153.71
154.16
153.76
153.78
153.73
153.62
153.51
153.5
153.43
153.57
153.35
153.18
153.29
153.56
153.55
153.69
153.84
153.43
153.84
153.52
153.83
153.87
153.85
153.78
153.87
153.73
153.67
153.85
153.69
153.8
153.78
153.82
153.98
153.97
153.75
154.2
153.73
154.32
154.39
154.38
154.36
154.32
154.35
154.43
154.29
154.25
154.36
154.32
154.32
154.35
154.36
154.07
154.29
154.34
154.46
154.57
154.74
154.75
154.74
154.7
154.7
154.73
154.46
154.38
154.32
154.4
154.43
154.76
154.81
154.77
154.68
154.53
154.46
154.74
154.48
154.44
154.41
154.57
154.59
154.55
154.46
154.53
154.47
154.48
154.49
154.67
154.78
154.8
154.76
154.82
154.86
154.91
154.99
154.92
154.83
154.86
154.74
154.76
154.73
154.78
154.63
154.66
154.52
154.49
154.43
154.48
154.41
154.57
154.4
154.53
154.58
154.54
154.56
154.54
154.47
154.47
154.4
154.37
154.28
154.31
154.35
154.26
154.24
154.28
154.37
154.25
154.25
154.42
154.33
154.32
154.33
154.31
154.46
154.33
154.37
154.4
154.41
154.35
154.37
154.24
154.4
154.34
154.43
154.48
154.43
154.38
154.46
154.45
154.56
154.57
154.41
154.52
154.47
154.35
154.48
154.33
154.35
154.32
154.24
154.12
154.31
154.03
154.08
154.19
154.03
154.01
153.96
153.9
153.9
153.91
154.11
154.18
154.16
153.94
153.98
154.41
154.27
154.3
154.17
154.27
154.17
154.13
154.19
154.22
154.38
154.27
154.23
154.21
154.14
154.09
153.98
153.92
153.84
153.95
153.9
153.85
153.85
153.85
153.77
153.8
153.88
153.87
153.84
153.89
153.84
153.88
153.84
153.8
153.71
153.83
153.89
153.85
153.86
153.86
153.95
153.84
153.85
153.74
153.88
153.88
153.89
153.78
153.71
153.7
153.92
153.74
153.66
153.68
153.72
153.71
153.6
153.44
153.29
153.74
153.74
153.76
153.27
153.23
153.7
153.58
153.54
153.4
153.53
153.32
153.3
153.21
153.25
153.11
153.04
153.07
153.09
153.06
153.22
153.19
153.05
153.05
153.19
153.12
153.07
153.16
151.31
151.4
151.15
151.1
151.1
151.53
151.91
151.01
150.92
152.02
151.84
152.21
152.38
152.59
152.61
152.89
152.66
153
153.08
153.09
153.18
153.24
153.22
153.32
153.38
152.84
152.75
154.03
153.82
153.8
153.5
153.52
153.42
153.43
153.42
153.84
153.83
153.26
153.3
153.41
153.34
153.55
153.09
153.01
152.98
153.12
153.06
152.87
152.83
152.98
152.99
152.9
152.79
153.11
152.83
153
153.01
152.84
152.76
152.75
152.87
152.85
152.79
152.73
152.78
152.63
152.66
152.68
152.86
152.76
152.81
152.74
152.75
152.79
152.79
153.02
153.06
153.05
153.04
153.09
153.03
153.07
153.41
153.39
153.55
153.58
153.54
153.49
153.44
153.51
153.49
153.4
153.45
153.59
153.58
153.55
153.62
153.63
153.62
153.67
153.66
153.6
153.59
153.51
153.64
153.7
153.73
154.18
153.75
153.74
154.82
154.75
154.73
154.65
154.66
154.52
154.22
154.17
154.46
154.32
154.41
154.4
154.41
154.46
154.44
154.45
154.47
154.41
154.16
154.1
154.06
154.03
153.95
153.82
153.82
153.82
153.84
153.83
153.91
153.92
153.83
153.75
153.92
153.9
153.79
153.98
153.92
153.7
153.76
153.59
153.85
153.83
153.53
153.71
153.54
153.49
153.62
153.74
153.7
153.45
153.39
153.28
153.2
153.35
153.43
153.59
153.58
153.5
153.45
153.36
153.35
153.36
153.05
152.99
153.04
152.85
153.32
152.85
152.93
152.97
152.8
152.56
152.54
152.89
152.64
152.66
152.65
152.46
152.46
152.53
152.58
152.32
152.53
152.41
152.47
152.47
152.42
152.44
152.51
152.49
152.57
152.57
152.66
152.68
152.71
152.68
152.64
152.69
152.71
152.71
152.76
152.29
152.67
152.36
152.5
152.68
152.4
152.39
152.53
152.54
152.47
152.5
152.53
152.51
152.65
152.59
152.62
152.54
152.63
152.54
152.65
152.63
152.66
152.63
152.78
152.77
152.58
152.71
152.62
152.71
152.72
152.68
152.83
152.91
152.82
152.71
152.86
152.6
152.43
152.73
152.54
152.53
152.51
152.55
152.52
152.54
152.5
152.41
152.32
152.27
152.21
152.58
152.39
152.4
152.43
152.64
152.59
152.41
152.42
152.38
152.36
152.26
152.16
152.1
152.04
152.12
152.12
152.2
152.15
152.27
152.33
152.4
152.17
152.41
152.45
152.49
152.41
152.37
152.22
152.44
152.34
152.34
152.3
152.31
152.4
152.55
152.55
152.49
152.51
152.54
152.5
152.57
152.53
152.42
152.24
152.22
152.48
152.3
152.27
152.21
152.51
152.28
152.35
152.2
152.18
152.08
152.07
151.97
151.94
151.88
151.78
151.74
151.79
151.8
151.97
152.16
151.78
152.11
151.96
151.77
151.67
151.74
151.61
151.6
151.52
151.77
151.46
151.16
151.24
151.54
151.33
151.33
151.48
151.5
151.78
151.24
151.69
151.72
151.79
151.75
151.94
151.68
151.62
151.7
151.66
151.74
151.69
151.69
151.44
151.48
151.48
151.46
151.46
151.48
151.55
151.47
151.58
151.44
151.44
151.54
151.66
151.68
151.49
151.44
151.56
151.58
151.55
151.5
151.32
151.29
151.25
151.19
151.33
151.51
151.17
151.36
151.33
151.32
151.41
151.27
151.26
151.25
151.45
151.41
151.55
151.44
151.63
151.77
151.76
151.8
151.5
151.62
151.59
151.57
151.5
151.53
151.52
151.52
151.42
151.45
151.32
151.34
151.35
151.38
151.39
151.38
151.52
151.57
151.55
151.33
151.46
151.38
151.37
151.43
151.45
151.38
151.69
151.7
151.44
151.8
151.78
151.76
151.74
151.78
151.85
151.7
151.76
151.74
151.84
151.8
151.74
151.68
151.71
151.72
151.69
151.63
151.57
151.57
151.63
151.66
151.67
151.9
151.88
151.58
151.76
151.7
151.71
151.71
151.75
151.67
151.65
151.66
151.65
151.71
151.68
151.72
151.69
151.73
151.74
151.72
151.68
151.68
151.73
151.58
151.62
151.63
151.66
151.54
151.64
151.61
151.68
151.52
151.56
151.76
151.55
151.82
151.84
151.82
151.68
151.83
151.91
151.79
151.81
151.85
151.87
151.77
151.88
151.88
151.78
151.79
151.72
151.88
151.91
151.82
151.88
151.87
151.88
151.89
151.87
151.88
151.86
151.8
151.77
151.89
151.89
151.88
151.76
151.9
151.91
151.97
151.87
151.88
151.9
151.87
151.88
151.89
151.89
151.91
151.83
151.86
151.89
151.97
151.99
151.91
151.93
151.92
151.95
151.93
151.97
151.94
152.05
152.04
152.05
152.11
152.09
152.23
152.07
152.22
152.16
152.21
152.18
152.24
152.24
152.14
152.15
152.14
152.06
152.03
151.98
151.99
152
152.03
152.63
152.6
152.89
152.85
152.93
152.82
152.81
152.87
152.84
152.73
152.65
152.47
152.62
152.68
152.81
152.87
152.82
152.88
152.84
152.49
152.28
152.71
152.42
152.45
152.14
152.09
152.15
152.49
151.85
151.9
152.01
151.84
152.21
151.92
152.11
151.89
152.09
151.95
152
152.08
151.48
151.44
151.65
151.52
151.58
151.55
151.52
151.52
151.55
151.4
151.33
151.31
151.46
151.53
151.6
151.59
151.69
151.8
151.8
151.82
151.77
151.73
151.68
151.73
151.73
151.7
151.83
151.98
151.9
151.68
151.99
151.89
151.83
151.85
151.79
151.75
151.77
151.84
151.99
151.94
151.89
151.94
151.79
151.83
151.95
152.07
151.99
151.84
151.9
151.84
151.92
151.96
151.69
151.81
151.77
151.87
151.85
153.42
153.87
153.67
153.64
153.62
153.81
153.85
153.96
154.04
154.37
154.5
154.43
153.84
154.59
154.56
154.75
154.79
154.87
154.96
155.35
155.27
155.42
155.57
155.66
155.67
155.63
154.99
155.58
155.41
155.6
155.23
155.16
155
155
155.25
155.06
155.08
155.12
154.59
154.78
154.71
155.07
155.06
154.65
154.62
154.54
154.58
154.45
154.46
154.42
154.41
154.41
154.37
154.43
154.48
154.53
154.49
154.46
154.72
154.9
154.77
154.77
154.89
155.07
155.14
155.1
155.13
154.65
154.69
155.14
154.95
154.96
155.12
155.03
155.03
154.93
155.11
155.19
155.26
155.27
154.97
154.78
154.89
155.23
154.91
155.15
154.92
154.7
155.12
155.08
154.79
154.69
154.79
154.87
154.76
154.78
154.89
154.92
154.86
154.91
154.98
154.82
154.76
154.87
154.88
154.83
154.9
154.98
155
154.99
154.97
154.83
154.88
154.89
154.89
154.95
154.94
154.89
154.96
154.81
154.83
154.84
154.85
154.85
154.87
154.89
154.88
154.96
154.95
155.23
155.32
155.38
155.38
155.37
155.38
155.52
155.54
155.36
155.53
155.52
155.48
155.55
155.53
155.58
155.58
155.54
155.55
155.53
155.53
155.55
155.38
155.45
155.47
155.49
155.53
155.49
155.52
155.49
155.49
155.54
155.57
155.49
155.6
155.62
155.69
155.7
155.73
155.88
155.84
155.86
155.92
155.87
155.9
155.85
155.86
155.87
155.72
155.75
155.71
155.87
155.74
155.8
155.73
155.67
155.55
155.75
155.73
155.54
155.6
155.66
155.59
155.58
155.59
155.81
155.62
155.82
155.77
155.76
155.8
155.8
155.8
155.79
155.8
155.88
155.87
155.87
155.82
155.81
155.87
155.82
155.99
155.96
156.04
156.02
155.96
155.98
155.97
156.03
156.11
156.15
156.12
155.96
155.94
156.31
156.34
156.34
156.34
156.37
156.31
156.37
156.2
156.33
156.19
156.03
156.02
155.92
156.2
156.2
156.08
156.22
156.04
156.1
156.15
156.09
156.28
156.15
156.17
156.22
156.19
156.16
156.16
156.21
156.25
156.25
156.21
156.23
156.21
156.18
156.17
156.15
156.14
156.12
156.26
156.23
156.25
156.18
156.24
156.15
156.23
156.24
156.25
156.21
156.15
156.27
156.12
156
156
156.01
155.98
156.7
156.64
156.68
156.71
156.74
156.76
156.69
156.65
156.73
156.72
156.7
156.74
156.72
156.93
156.91
156.9
156.86
156.77
156.87
156.76
156.88
157
157.11
157.15
157.32
157.46
157.58
159.2
159.31
159.43
159.36
159.3
159.75
159.69
159.65
159.66
159.71
159.69
159.8
159.8
160.22
160.25
159.7
159.66
159.58
160.07
160.06
159.8
159.8
159.95
160.01
159.9
159.74
159.75
159.81
159.73
159.84
159.68
159.75
159.85
159.64
159.62
159.65
159.63
159.66
159.5
159.53
159.48
159.54
159.6
159.64
159.6
159.55
159.41
159.43
159.27
159.16
159.17
159.22
159.23
159.31
159.32
159.33
159.48
159.46
159.43
159.32
159.46
159.44
159.4
159.47
159.47
159.44
159.41
159.53
159.6
159.6
159.61
159.5
159.48
159.59
159.65
159.65
159.6
159.54
159.62
159.56
159.57
159.58
159.65
159.59
159.66
159.6
159.62
159.58
159.49
159.47
159.58
159.68
159.62
159.57
159.49
159.43
159.4
159.4
159.38
159.57
159.33
159.31
159.53
159.07
159.06
159.01
159.02
159.04
159.01
159.03
158.98
159.02
158.83
158.85
158.73
158.7
158.6
158.59
158.62
158.55
158.64
158.52
158.48
158.49
158.5
158.52
158.43
158.52
158.49
158.69
158.65
158.43
158.45
158.45
158.48
158.48
158.49
158.52
158.54
158.5
158.56
158.54
158.53
158.39
158.4
158.53
158.56
158.42
158.41
158.36
158.57
158.31
158.34
158.36
158.34
158.56
158.55
158.5
158.46
158.44
158.51
158.6
158.59
158.49
158.69
158.65
158.56
158.48
158.53
158.52
158.49
158.47
158.44
158.48
158.45
158.55
158.48
158.58
158.62
158.61
158.63
158.62
158.63
158.67
158.7
158.72
158.7
158.79
158.76
158.84
158.71
158.82
158.81
158.85
158.82
158.81
158.85
158.81
158.9
158.91
158.89
158.8
158.77
158.72
158.81
158.64
158.62
158.61
158.63
158.62
158.65
158.68
158.69
158.64
158.57
158.48
158.45
158.46
158.46
158.41
158.36
158.34
158.3
158.22
158.42
158.23
158.37
158.29
158.34
158.33
158.34
158.34
158.37
158.47
158.56
158.49
158.45
158.51
158.55
158.49
158.54
158.46
158.43
158.46
158.47
158.41
158.46
158.43
158.43
158.47
158.54
158.51
158.56
158.57
158.53
158.53
158.55
158.58
158.55
158.57
158.57
158.51
158.58
158.59
158.59
158.58
158.67
158.74
158.76
158.76
158.82
158.84
158.82
158.84
158.88
158.75
159.01
159.01
159.05
159.1
159.05
159.05
159.04
159.05
159.06
159.15
159.19
159.13
159.06
158.95
158.88
158.87
158.81
158.81
158.74
158.69
158.74
158.7
158.8
158.87
158.65
158.7
158.67
158.75
158.91
158.74
158.91
158.74
158.86
158.8
158.8
158.75
158.76
158.78
158.76
158.83
158.77
158.83
158.77
158.83
158.84
158.83
158.75
158.77
158.8
158.79
158.77
158.68
158.69
158.7
158.69
158.75
158.74
158.73
158.7
158.72
158.66
158.66
158.62
158.71
158.72
158.73
158.67