36.47
36.47
36.39
36.4
36.38
36.34
36.38
36.41
36.42
36.39
36.38
36.41
36.43
36.39
36.37
36.42
36.4
36.39
36.37
36.37
36.39
36.4
36.41
36.41
36.4
36.38
36.38
36.4
36.38
36.39
36.39
36.38
36.4
36.39
36.37
36.37
36.38
36.36
36.32
36.29
36.31
36.3
36.3
36.28
36.31
36.33
36.33
36.31
36.31
36.31
36.31
36.33
36.24
36.27
36.29
36.31
36.31
36.3
36.3
36.31
36.27
36.3
36.31
36.32
36.32
36.33
36.33
36.29
36.32
36.28
36.32
36.33
36.34
36.35
36.35
36.36
36.37
36.37
36.38
36.35
36.35
36.35
36.36
36.34
36.37
36.35
36.38
36.38
36.4
36.38
36.39
36.42
36.41
36.41
36.42
36.43
36.4
36.39
36.41
36.39
36.39
36.4
36.39
36.42
36.39
36.47
36.49
36.5
36.49
36.49
36.53
36.53
36.53
36.54
36.55
36.6
36.53
36.61
36.64
36.72
36.68
36.66
36.67
36.67
36.7
36.69
36.67
36.69
36.69
36.7
36.67
36.67
36.67
36.7
36.71
36.72
36.73
36.72
36.71
36.72
36.71
36.72
36.72
36.69
36.67
36.67
36.67
36.67
36.67
36.67
36.7
36.72
36.85
36.81
36.84
36.83
36.83
36.82
36.8
36.77
36.87
36.77
36.81
36.78
36.79
36.75
36.76
36.74
36.75
36.75
36.74
36.74
36.74
36.75
36.77
36.81
36.81
36.83
36.82
36.83
36.83
36.83
36.85
36.85
36.85
36.85
36.85
36.84
36.85
36.85
36.86
36.85
36.85
36.85
36.87
36.86
36.85
36.86
36.86
36.84
36.85
36.83
36.83
36.85
36.83
36.83
36.83
36.85
36.84
36.83
36.85
36.84
36.83
36.83
36.85
36.86
36.85
36.86
36.85
36.88
36.87
36.87
36.87
36.85
36.85
36.86
36.87
36.85
36.87
36.86
36.87
36.86
36.86
36.87
36.88
36.88
36.88
36.88
36.89
36.9
36.9
36.9
36.9
36.9
36.9
36.91
36.91
36.91
36.9
36.89
36.89
36.9
36.86
36.85
36.84
36.85
36.85
36.8
36.81
36.82
36.82
36.81
36.81
36.81
36.81
36.81
36.81
36.84
36.84
36.85
36.85
36.85
36.85
36.85
36.85
36.85
36.83
36.83
36.84
36.83
36.85
36.84
36.83
36.84
36.83
36.83
36.83
36.83
36.83
36.83
36.81
36.8
36.76
36.73
36.74
36.83
36.72
36.82
36.72
36.71
36.71
36.72
36.73
36.74
36.77
36.78
36.78
36.78
36.77
36.77
36.78
36.8
36.8
36.79
36.81
36.8
36.83
36.84
36.83
36.83
36.83
36.82
36.83
36.81
36.79
36.8
36.8
36.79
36.79
37.27
37.28
37.3
37.28
37.32
37.26
37.25
37.23
37.22
37.15
37.12
37.14
37.13
37.16
37.18
37.21
37.24
37.27
37.22
37.32
37.28
37.28
37.28
37.3
37.31
37.37
37.4
37.36
37.37
37.35
37.37
37.37
37.38
37.38
37.44
37.49
37.5
37.51
37.51
37.52
37.51
37.48
37.48
37.5
37.49
37.5
37.52
37.54
37.53
37.57
37.55
37.53
37.5
37.5
37.49
37.51
37.51
37.51
37.51
37.51
37.52
37.56
37.52
37.53
37.53
37.54
37.55
37.55
37.54
37.54
37.58
37.55
37.53
37.54
37.53
37.54
37.52
37.5
37.5
37.51
37.51
37.53
37.56
37.56
37.57
37.57
37.57
37.55
37.56
37.53
37.51
37.52
37.52
37.48
37.47
37.45
37.52
37.47
37.49
37.51
37.49
37.49
37.49
37.52
37.54
37.51
37.51
37.51
37.49
37.47
37.49
37.46
37.5
37.52
37.52
37.51
37.49
37.46
37.47
37.46
37.46
37.46
37.46
37.46
37.45
37.45
37.45
37.45
37.46
37.46
37.5
37.49
37.53
37.54
37.56
37.59
37.65
37.64
37.63
37.64
37.65
37.65
37.65
37.63
37.61
37.6
37.6
37.63
37.64
37.64
37.64
37.64
37.64
37.65
37.63
37.65
37.64
37.64
37.63
37.64
37.64
37.62
37.62
37.62
37.63
37.65
37.65
37.64
37.69
37.67
37.67
37.67
37.67
37.63
37.63
37.63
37.64
37.69
37.72
37.69
37.72
37.71
37.71
37.71
37.72
37.72
37.71
37.7
37.7
37.72
37.71
37.72
37.72
37.72
37.72
37.73
37.72
37.72
37.72
37.72
37.73
37.73
37.72
37.71
37.69
37.69
37.7
37.68
37.66
37.63
37.66
37.62
37.6
37.59
37.59
37.58
37.58
37.57
37.58
37.59
37.58
37.57
37.55
37.53
37.54
37.53
37.53
37.54
37.53
37.53
37.53
37.52
37.52
37.52
37.52
37.52
37.51
37.5
37.51
37.51
37.52
37.52
37.51
37.51
37.49
37.5
37.51
37.48
37.49
37.48
37.48
37.5
37.51
37.49
37.47
37.47
37.45
37.48
37.45
37.48
37.44
37.44
37.45
37.4
37.38
37.33
37.33
37.34
37.35
37.39
37.41
37.35
37.38
37.37
37.36
37.34
37.33
37.33
37.32
37.32
37.31
37.3
37.3
37.29
37.29
37.25
37.24
37.27
37.25
37.23
37.26
37.22
37.21
37.18
37.18
37.16
37.2
37.21
37.21
37.21
37.19
37.16
37.18
37.23
37.24
37.26
37.26
37.2
37.26
37.25
37.24
37.26
37.27
37.26
37.28
37.26
37.26
37.26
37.29
37.29
37.29
37.29
37.28
37.28
37.28
37.29
37.29
37.29
37.29
37.28
37.24
37.28
37.22
37.21
37.22
37.18
37.18
37.17
37.15
37.16
37.15
37.15
37.15
37.13
37.17
37.19
37.2
37.2
37.24
37.21
37.21
37.21
37.3
37.37
37.22
37.39
37.39
37.38
37.44
37.42
37.51
37.55
37.55
37.53
37.51
37.53
37.51
37.54
37.56
37.55
37.63
37.7
37.71
37.71
37.71
37.71
37.74
37.79
37.79
37.74
37.83
37.84
37.8
37.8
37.79
37.8
37.81
37.88
37.87
37.86
37.85
37.88
37.89
37.97
37.98
37.98
37.9
37.92
38.05
38.09
38.11
38.08
37.98
37.99
37.95
37.96
37.88
37.85
37.87
37.86
37.88
37.86
37.83
37.83
37.89
37.84
37.85
37.83
37.83
37.87
37.81
37.8
37.78
37.79
37.78
37.79
37.77
37.77
37.76
37.74
37.78
37.78
37.8
37.8
37.8
37.79
37.75
37.76
37.75
37.76
37.76
37.78
37.79
37.81
37.87
37.88
37.9
37.88
37.88
37.86
37.9
37.9
37.92
37.9
37.88
37.9
37.89
37.91
37.9
37.91
37.9
37.88
37.88
37.87
37.86
37.86
37.88
37.88
37.87
37.86
37.83
37.84
37.87
37.87
37.89
37.88
37.88
37.86
37.85
37.86
37.85
37.85
37.88
37.88
37.88
37.88
37.88
37.88
37.88
37.81
37.81
37.79
37.78
37.76
37.77
37.71
37.71
37.77
37.72
37.72
37.72
37.76
37.73
37.73
37.72
37.73
37.75
37.75
37.75
37.75
37.76
37.76
37.75
37.75
37.75
37.75
37.78
37.78
37.78
37.83
37.83
37.83
37.84
37.85
37.84
37.86
37.88
37.9
37.85
37.93
37.93
37.92
37.86
37.9
37.9
37.9
37.85
37.84
37.91
37.92
37.95
37.91
37.93
37.94
37.95
37.93
37.95
37.93
37.88
37.94
37.89
37.88
37.89
37.9
37.9
37.9
37.86
37.83
37.83
37.81
37.82
37.83
37.83
37.84
37.85
37.83
37.83
37.8
37.8
37.83
37.81
37.79
37.8
37.83
37.82
37.79
37.81
37.8
37.8
37.76
37.78
37.77
37.78
37.78
37.78
37.8
37.8
37.79
37.76
37.76
37.76
37.74
37.74
37.75
37.77
37.74
37.73
37.72
37.74
37.75
37.76
37.78
37.8
37.8
37.76
37.78
37.76
37.75
37.82
37.74
37.76
37.78
37.81
37.78
37.76
37.76
37.76
37.81
37.81
37.76
37.8
37.81
37.83
37.8
37.83
37.86
37.88
37.88
37.88
37.92
37.96
37.99
37.97
37.97
37.99
38
38.02
37.99
38.01
38.02
38.02
38.06
38.01
38.03
38.04
38.04
38.07
38.08
38.05
38.06
38.05
38.02
38
38.03
38.04
38.09
38.03
37.95
37.91
37.95
37.93
37.97
37.97
37.97
37.98
37.99
37.97
37.94
37.92
37.97
38
38.01
38.01
38.01
37.91
38.01
38.04
38.01
37.99
37.97
37.97
37.98
37.99
37.97
37.98
37.95
37.96
37.92
37.94
37.91
37.95
37.96
37.97
37.96
37.94
37.92
37.92
37.92
37.91
37.97
38
37.99
37.97
37.99
37.97
37.99
37.35
37.26
37.32
37.33
37.4
37.4
37.39
37.41
37.45
37.45
37.47
37.54
37.62
37.66
37.46
37.68
37.72
37.49
37.52
37.64
37.58
37.55
37.56
37.67
37.71
37.76
37.79
37.76
37.71
37.7
37.71
37.71
37.62
37.58
37.57
37.57
37.61
37.62
37.59
37.51
37.53
37.58
37.51
37.53
37.6
37.58
37.6
37.52
37.52
37.46
37.38
37.38
37.39
37.4
37.46
37.42
37.43
37.42
37.47
37.39
37.4
37.42
37.44
37.39
37.37
37.35
37.33
37.36
37.35
37.4
37.41
37.41
37.47
37.47
37.51
37.5
37.53
37.46
37.5
37.49
37.47
37.51
37.48
37.47
37.47
37.53
37.55
37.47
37.48
37.46
37.47
37.46
37.45
37.45
37.46
37.47
37.54
37.54
37.53
37.53
37.53
37.48
37.57
37.54
37.56
37.58
37.56
37.56
37.59
37.61
37.61
37.6
37.6
37.58
37.56
37.55
37.59
37.6
37.61
37.63
37.65
37.68
37.71
37.63
37.76
37.74
37.66
37.64
37.71
37.65
37.67
37.66
37.63
37.62
37.63
37.62
37.62
37.63
37.63
37.63
37.61
37.57
37.57
37.55
37.55
37.6
37.6
37.61
37.62
37.62
37.81
37.85
37.91
37.89
37.89
37.91
37.93
37.95
37.94
37.97
37.92
37.91
37.91
37.9
37.97
37.89
37.89
37.88
37.91
37.9
37.87
37.87
37.88
37.88
37.85
37.86
37.84
37.85
37.87
37.92
37.92
37.93
37.94
37.93
37.93
37.95
38.02
37.97
37.94
37.95
37.94
37.92
37.92
37.87
37.88
37.87
37.85
37.88
37.86
37.92
37.93
37.85
37.94
37.96
37.96
37.95
37.92
37.92
37.9
37.94
37.97
37.99
37.98
37.96
37.97
37.94
37.96
37.94
37.92
37.98
37.91
37.89
37.9
37.9
37.9
37.9
37.89
37.89
37.91
37.92
37.91
37.92
37.93
37.96
37.91
37.9
37.9
37.84
37.76
37.82
37.81
37.82
37.83
37.83
37.8
37.85
37.81
37.81
37.81
37.81
37.83
37.82
37.83
37.84
37.87
37.87
37.88
37.86
37.88
37.89
37.88
37.89
37.88
37.9
37.9
37.89
37.91
37.91
37.92
37.9
37.92
37.9
37.87
37.89
37.89
37.88
37.88
37.9
37.91
37.94
37.93
37.9
37.87
37.92
37.91
37.93
37.94
37.94
37.96
37.95
37.97
37.99
37.95
37.96
37.95
37.93
37.96
37.96
37.96
37.96
37.96
37.95
37.97
37.99
38
37.99
37.97
37.97
37.97
37.98
38
38
37.99
37.99
38.06
38.05
38.06
38.07
38.07
38.09
36.67
36.62
36.57
36.64
36.57
36.61
36.56
36.54
36.52
36.41
36.45
36.5
36.42
36.57
36.52
36.49
36.51
36.49
36.48
36.51
36.6
36.53
36.53
36.57
36.52
36.53
36.53
36.55
36.58
36.56
36.55
36.53
36.42
36.42
36.35
36.33
36.56
36.26
36.24
36.22
36.21
36.3
36.32
36.27
36.25
36.24
36.25
36.24
36.23
36.21
36.21
36.23
36.2
36.29
36.16
36.11
36.1
36.12
36.14
36.1
36.16
36.29
36.26
36.24
36.26
36.15
36.13
36.1
36.19
36.1
36.15
36.12
36.11
36.09
36.08
36.12
36.05
36.02
36.11
36.1
36.08
36.07
36.09
36.06
36.02
35.99
36.03
36.03
36.03
35.98
35.98
35.98
35.94
35.92
35.98
35.91
35.88
36.01
35.98
35.96
35.94
35.9
35.82
35.78
35.77
35.8
35.77
35.71
35.72
35.75
35.77
35.71
35.74
35.72
35.73
35.82
35.71
35.75
35.74
35.74
35.74
35.68
35.74
35.74
35.7
35.73
35.74
35.73
35.77
35.72
35.71
35.85
35.69
35.91
35.89
35.85
35.87
35.85
35.85
35.85
35.89
35.85
35.84
35.84
35.86
35.87
35.84
35.84
35.88
35.9
35.94
35.89
36
35.87
35.88
36.01
35.92
35.94
35.92
35.96
35.95
36
35.95
35.97
36.06
36.06
36.05
36.07
36
36.03
36.07
36.04
36.03
36.05
36.03
36.04
36
36.04
36
36.12
36.03
36.13
36.14
36.15
36.1
36.12
36.13
36.1
36.12
36.08
36.07
36.16
36.13
36.12
36.11
36.11
36.12
36.02
35.99
35.99
35.98
36
35.98
36
36
36.06
35.96
36.09
36.08
35.98
35.98
36.03
36.04
36.03
35.98
36.03
35.98
36.01
36
36.01
36
35.99
36.01
36.03
35.99
35.99
36.02
36.01
35.99
35.94
35.92
35.9
35.91
35.93
35.91
35.94
35.9
35.98
35.96
35.96
35.91
35.91
35.91
35.92
35.97
35.98
35.98
35.98
35.94
35.99
35.97
35.99
36
35.99
36
35.97
35.97
35.96
35.98
35.97
35.94
35.95
35.95
35.93
35.94
35.97
35.94
36.03
36.03
36.08
36.1
36.08
35.98
36.08
36
36.04
36.01
36.03
36.1
36.06
36.12
36.08
36.05
36.03
36.04
36.02
35.97
35.97
35.94
36.06
35.94
35.96
35.97
35.99
35.98
35.99
35.99
35.97
35.99
36.02
36.05
36
36.07
36.03
36.01
36.07
36.08
36.05
36.03
36.06
36.05
36.06
36.06
36
36.02
36.01
36.02
36.01
36.05
36.01
36.04
36.08
36.01
36.02
36.04
36.01
35.99
36.03
35.89
36.06
35.9
35.9
35.9
35.91
35.96
35.94
35.93
35.89
35.9
35.92
35.94
35.91
35.94
35.92
35.97
35.97
35.97
36.01
36
35.99
35.99
36.02
36.03
36.01
36
36
35.59
35.59
35.54
35.55
35.58
35.5
35.53
35.56
35.54
35.57
35.54
35.57
35.56
35.59
35.58
35.6
35.57
35.57
35.63
35.59
35.65
35.67
35.7
35.65
35.69
35.65
35.64
35.67
35.76
35.74
35.69
35.68
35.72
35.64
35.67
35.67
35.74
35.76
35.82
35.85
35.92
35.8
35.83
35.83
35.88
35.91
35.9
35.87
35.84
35.87
35.83
35.81
35.77
35.65
35.9
35.72
35.72
35.84
35.76
35.74
35.74
35.76
35.71
35.65
35.67
35.65
35.67
35.68
35.67
35.66
35.69
35.63
35.64
35.67
35.7
35.68
35.67
35.75
35.75
35.77
35.75
35.75
35.76
35.76
35.79
35.74
35.8
35.75
35.75
35.78
35.84
35.83
35.85
35.9
35.81
35.92
35.85
36.01
35.98
35.84
35.99
35.97
36.01
35.99
36.09
36.08
36.16
36.1
36.12
36.14
36.17
36.12
36.09
36.09
36.07
36.13
36.04
36.17
36.07
36.09
36.12
36.13
36.12
36.11
36.12
36.07
36.08
36.09
36.09
36.06
36.04
36.04
36.12
36.01
36.09
36.09
35.99
36.01
35.99
36.03
36
36.03
36.04
36.05
36.05
36.03
36.02
36.1
36.15
36.08
36.09
36.06
36.08
36.13
36.12
36.1
36.11
36.13
36.14
36.17
36.16
36.16
36.17
36.12
36.14
36.14
36.14
36.11
36.08
36.07
36.07
36.07
36.03
35.97
35.99
35.94
36.08
35.95
35.99
35.99
36.02
35.94
35.92
35.94
35.97
35.94
35.92
35.89
35.94
35.97
35.92
35.92
35.97
35.96
35.91
35.97
35.91
35.99
36.02
35.96
35.98
35.98
35.97
35.95
36.03
36.02
36
35.97
35.97
35.94
36.03
36.03
36
36.02
36.04
36.01
35.96
35.99
36.01
36.01
35.99
36
35.97
36.01
36.01
36.01
36
35.97
35.97
35.98
36.03
36.05
36.08
36.07
36.09
36.08
36.04
36.04
36.03
36.01
36.01
36.01
36.01
36.05
36
36.01
36.04
35.99
36
36.01
35.98
36
36.02
36
36.03
36.01
36.01
35.97
35.97
35.97
36.04
36.03
36.03
36.04
36.03
36.09
36.03
36
36.02
36.05
36.03
35.97
35.88
35.91
35.9
35.92
36.03
35.94
36
35.92
35.92
36.01
35.97
35.94
35.97
35.97
35.92
35.91
35.92
35.95
35.94
35.92
35.89
35.88
35.9
35.9
35.92
35.91
35.93
35.94
35.94
35.92
35.9
35.87
35.83
35.92
35.85
35.85
35.81
35.83
35.91
35.92
35.87
35.85
35.8
35.79
35.76
35.74
35.73
35.7
35.65
35.63
35.6
35.6
35.68
35.63
35.8
35.74
35.66
35.58
35.6
35.58
35.57
35.57
35.53
35.76
35.74
35.77
35.84
35.91
35.85
35.9
35.85
35.76
35.83
35.79
35.77
35.78
35.82
35.8
35.81
35.79
35.8
35.8
35.79
35.79
35.78
35.78
35.78
35.79
35.79
35.71
35.65
35.7
35.65
35.64
35.7
35.65
35.62
35.62
35.68
35.65
35.65
35.63
35.65
35.65
35.65
35.63
35.63
35.61
35.61
35.59
35.6
35.6
35.63
35.63
35.68
35.72
35.74
35.75
35.73
35.7
35.72
35.72
35.74
35.72
35.77
35.76
35.72
35.74
35.76
35.73
35.72
35.72
35.7
35.7
35.7
35.7
35.69
35.67
35.7
35.72
35.67
35.75
35.7
35.67
35.71
35.75
35.75
35.76
35.79
35.78
35.79
35.8
35.81
35.84
35.81
35.85
35.87
35.88
35.91
35.88
35.9
35.89
35.88
35.88
35.87
35.89
35.94
35.92
35.92
35.89
35.9
35.84
35.91
35.88
35.87
35.89
35.9
35.87
35.97
35.88
35.88
35.88
35.88
35.94
35.94
35.94
35.96
35.94
35.94
35.95
35.96
35.95
35.94
35.95
35.94
35.95
35.96
35.94
35.94
35.92
35.93
35.91
35.9
35.91
35.87
35.91
35.87
35.88
35.89
35.85
35.87
35.86
35.9
35.86
35.87
35.87
35.84
35.86
35.85
35.81
35.79
35.83
35.84
35.81
35.83
35.83
35.83
35.85
35.79
35.88
35.87
35.93
35.91
35.89
35.87
35.9
35.9
35.9
35.91
35.92
35.92
35.93
35.93
35.94
35.95
35.96
35.96
35.97
35.98
35.98
35.95
35.98
35.97
35.99
35.97
36
35.99
36.01
36.04
36.04
36.03
36.03
36
35.98
35.98
36
35.99
35.98
35.98
36
36.01
36.04
36.05
35.98
35.98
36
35.99
36
35.99
35.98
35.99
35.96
36
36.01
35.99
35.99
35.94
35.96
35.97
35.97
36.13
36.12
36.12
36.17
36.12
36.18
36.14
36.13
36.15
36.16
36.08
36.08
36.11
36.12
36.14
36.19
36.2
36.21
36.13
36.08
36.04
36.11
36.05
36.08
35.97
36.07
36.06
36.04
36.04
36.02
36.08
36.07
36.01
36.13
36.11
36.11
36.13
36.06
36.06
36.08
35.99
35.99
36.08
35.99
36.04
36.08
36.03
36.09
36.08
36.11
36.1
36.06
36.14
36.21
36.21
36.23
36.08
36.3
36.28
36.13
36.26
36.24
36.26
36.27
36.24
36.33
36.39
36.38
36.42
36.25
36.47
36.41
36.44
36.42
36.42
36.42
36.49
36.5
36.57
36.5
36.58
36.61
36.6
36.62
36.67
36.7
36.7
36.57
36.71
36.71
36.74
36.54
36.59
36.76
36.78
36.77
36.74
37.32
37.35
37.46
37.38
37.38
37.38
37.51
37.53
37.37
37.59
37.55
37.52
37.52
37.53
37.4
37.51
37.64
37.64
37.64
37.64
37.73
37.79
37.88
37.9
37.68
37.81
37.81
37.84
37.7
37.82
37.82
37.8
37.81
37.81
37.83
37.84
37.79
37.8
37.78
37.79
37.79
37.78
37.76
37.82
37.71
37.69
37.69
37.69
37.69
37.7
37.67
37.68
37.69
37.67
37.71
37.71
37.71
37.69
37.69
37.69
37.7
37.73
37.73
37.73
37.71
37.69
37.67
37.68
37.7
37.74
37.72
37.7
37.69
37.68
37.68
37.74
37.74
37.73
37.74
37.72
37.68
37.64
37.65
37.63
37.61
37.58
37.53
37.56
37.56
37.51
37.52
37.5
37.5
37.49
37.52
37.51
37.48
37.56
37.56
37.6
37.6
37.61
37.61
37.64
37.58
37.58
37.59
37.57
37.58
37.58
37.57
37.57
37.58
37.6
37.6
37.61
37.61
37.62
37.6
37.6
37.6
37.58
37.56
37.55
37.53
37.53
37.59
37.59
37.63
37.66
37.66
37.65
37.66
37.65
37.61
37.64
37.66
37.62
37.68
37.7
37.7
37.62
37.7
37.71
37.7
37.65
37.67
37.65
37.62
37.65
37.53
37.53
37.52
37.54
37.55
37.54
37.53
37.52
37.53
37.55
37.52
37.53
37.54
37.54
37.57
37.58
37.58
37.65
37.65
37.63
37.65
37.65
37.64
37.62
37.62
37.62
37.65
37.67
37.66
37.66
37.66
37.67
37.67
37.67
37.67
37.65
37.65
37.67
37.66
37.68
37.66
37.67
37.69
37.68
37.65
37.65
37.63
37.64
37.64
37.65
37.64
37.6
37.6
37.61
37.6
37.64
37.58
37.56
37.56
37.55
37.54
37.56
37.56
37.53
37.53
37.55
37.56
37.54
37.55
37.55
37.55
37.56
37.56
37.54
37.55
37.56
37.58
37.58
37.58
37.58
37.6
37.6
37.6
37.61
37.58
37.61
37.62
37.62
37.62
37.63
37.61
37.63
37.62
37.63
37.64
37.64
37.64
37.62
37.63
37.59
37.63
37.6
37.57
37.59
37.59
37.63
37.6
37.55
37.52
37.53
37.55
37.56
37.64
37.56
37.57
37.58
37.59
37.6
37.6
37.62
37.54
37.55
37.6
37.63
37.59
37.6
37.59
37.61
37.58
37.84
37.84
37.82
37.82
37.81
37.82
37.84
37.83
37.8
37.87
37.87
37.81
37.86
37.85
37.85
37.89
37.88
37.87
37.87
37.87
37.92
37.95
37.96
37.97
37.99
38.07
38.08
38.21
38.21
38.24
38.26
38.25
38.43
38.43
38.38
38.41
38.41
38.44
38.46
38.43
38.48
38.47
38.42
38.5
38.48
38.5
38.47
38.49
38.54
38.49
38.47
38.42
38.42
38.41
38.4
38.4
38.42
38.39
38.43
38.46
38.42
38.44
38.46
38.45
38.45
38.48
38.49
38.51
38.5
38.57
38.57
38.56
38.53
38.53
38.53
38.51
38.51
38.5
38.53
38.53
38.54
38.56
38.58
38.57
38.51
38.51
38.54
38.5
38.52
38.5
38.5
38.5
38.5
38.5
38.51
38.51
38.5
38.49
38.51
38.5
38.51
38.49
38.49
38.51
38.51
38.51
38.5
38.5
38.5
38.52
38.49
38.51
38.49
38.49
38.47
38.47
38.47
38.51
38.44
38.45
38.46
38.46
38.44
38.45
38.46
38.47
38.46
38.46
38.45
38.45
38.48
38.47
38.47
38.47
38.47
38.47
38.51
38.47
38.48
38.46
38.47
38.47
38.46
38.47
38.46
38.45
38.46
38.46
38.46
38.45
38.45
38.45
38.45
38.42
38.4
38.4
38.39
38.38
38.35
38.34
38.34
38.29
38.28
38.26
38.27
38.28
38.27
38.29
38.25
38.25
38.28
38.28
38.32
38.33
38.27
38.25
38.33
38.33
38.33
38.35
38.35
38.38
38.39
38.35
38.43
38.41
38.42
38.4
38.4
38.46
38.46
38.42
38.46
38.45
38.42
38.42
38.4
38.43
38.42
38.42
38.42
38.39
38.37
38.35
38.34
38.35
38.35
38.33
38.32
38.33
38.32
38.34
38.35
38.34
38.33
38.32
38.32
38.31
38.32
38.33
38.32
38.33
38.34
38.34
38.34
38.37
38.37
38.35
38.35
38.35
38.33
38.36
38.37
38.38
38.35
38.35
38.37
38.41
38.37
38.41
38.41
38.4
38.4
38.39
38.4
38.4
38.39
38.4
38.4
38.41
38.41
38.41
38.41
38.4
38.4
38.4
38.4
38.4
38.41
38.42
38.46
38.46
38.47
38.47
38.47
38.46
38.45
38.47
38.44
38.44
38.42
38.42
38.42
38.42
38.4
38.43
38.4
38.44
38.44
38.46
38.45
38.43
38.45
38.46
38.48
38.5
38.46
38.5
38.49
38.49
38.53
38.53
38.52
38.54
38.54
38.57
38.56
38.55
38.58
38.56
38.58
38.6
38.61
38.62
38.61
38.61
38.59
38.58
38.59
38.58
38.6
38.58
38.57
38.56
38.58
38.56
38.5
38.49
38.59
38.51
38.49
38.47
38.46
38.44
38.43
38.5
38.5
38.48
38.47
38.49
38.49
38.51
38.5
38.53
38.51
38.48
38.47
38.49
38.51
38.52
38.53
38.56
38.56
38.57
38.6
38.57
38.58
38.57
38.58
38.58
38.58
38.58
38.58
38.56
38.53
38.54
38.54
38.53
38.54
38.53
38.51
38.52
38.52
38.51
38.49
38.49
38.53
38.56
38.53
38.53