48.31
48.51
48.54
48.66
48.59
48.59
48.58
48.58
48.62
48.61
48.62
48.63
48.8
48.83
48.8
48.89
48.84
48.83
48.73
48.75
48.81
48.83
48.79
48.74
48.8
48.71
48.7
48.74
48.72
48.76
48.72
48.7
48.62
48.64
48.68
48.7
48.7
48.68
48.63
48.66
48.68
48.65
48.68
48.66
48.7
48.79
48.78
48.69
48.71
48.73
48.78
48.73
48.69
48.77
48.7
48.65
48.67
48.66
48.65
48.67
48.67
48.7
48.75
48.74
48.69
48.67
48.71
48.68
48.68
48.65
48.66
48.65
48.67
48.68
48.67
48.64
48.72
48.75
48.74
48.68
48.72
48.69
48.75
48.76
48.79
48.79
48.84
48.89
48.88
48.88
48.88
48.86
48.83
48.82
48.83
48.9
48.85
48.79
48.75
48.74
48.69
48.69
48.64
48.72
48.71
48.75
48.74
48.75
48.74
48.74
48.8
48.8
48.79
48.77
48.8
48.79
48.81
48.79
48.8
48.77
48.79
48.82
48.81
48.83
48.83
48.84
48.84
48.84
48.89
48.91
48.83
48.9
48.89
48.88
48.88
48.9
48.89
48.91
48.9
48.9
48.91
48.92
48.95
48.95
48.95
48.95
48.92
48.95
48.95
48.95
48.91
48.91
48.94
48.95
49
48.97
48.98
48.97
48.99
48.99
48.99
49.01
49.04
48.97
48.98
48.94
48.96
48.97
48.92
48.97
48.94
48.95
48.94
48.93
48.93
48.93
48.96
48.94
48.97
48.97
48.97
48.96
48.94
48.97
48.97
48.97
48.98
48.97
48.97
48.97
48.97
48.97
48.99
49
48.99
48.99
48.99
48.97
48.99
49
49
49
49
49.02
48.99
48.98
49.01
48.96
48.99
49
48.99
48.99
48.95
48.98
49
48.98
48.96
48.96
48.99
48.99
49
48.98
48.99
48.98
48.98
49
49
48.99
48.98
48.98
48.99
48.98
48.98
48.98
48.99
48.99
48.97
48.98
48.98
48.98
48.99
48.99
48.99
48.98
48.99
48.99
48.99
48.99
48.99
48.99
48.99
48.96
48.94
48.94
48.95
48.97
48.93
48.96
48.96
48.95
48.92
48.92
48.93
48.92
48.95
48.97
48.99
48.99
49.01
49.01
49.01
49.02
49
49.02
49.01
49
49.01
49.02
49.01
49.01
49.03
49.02
49.01
49.01
49.02
49.04
49.04
49.03
49.04
49.01
49.02
48.99
48.94
48.98
48.95
49.04
48.97
48.97
48.99
48.96
48.92
48.88
48.88
48.87
48.86
48.89
48.91
48.86
48.92
48.93
48.88
48.9
48.89
48.88
48.87
48.88
48.87
48.86
48.87
48.85
48.85
48.87
48.86
48.86
48.86
48.85
48.83
48.85
48.86
48.94
48.9
48.9
48.88
48.88
48.9
48.85
48.91
48.81
48.8
48.8
48.77
48.68
48.71
48.71
48.69
48.69
48.7
48.74
48.79
48.77
48.72
48.7
48.69
48.7
48.6
48.61
48.58
48.51
48.48
48.47
48.52
48.47
48.43
48.43
48.44
48.47
48.5
48.53
48.43
48.54
48.53
48.55
48.6
48.6
48.59
48.65
48.65
48.65
48.73
48.69
48.64
48.61
48.61
48.62
48.63
48.65
48.64
48.64
48.61
48.62
48.6
48.61
48.63
48.59
48.58
48.6
48.6
48.6
48.61
48.61
48.64
48.65
48.61
48.61
48.64
48.62
48.56
48.61
48.58
48.6
48.61
48.58
48.56
48.65
48.54
48.61
48.67
48.65
48.64
48.65
48.64
48.65
48.64
48.65
48.65
48.63
48.63
48.65
48.64
48.62
48.62
48.64
48.63
48.65
48.65
48.63
48.65
48.65
48.66
48.66
48.64
48.61
48.6
48.6
48.61
48.65
48.62
48.61
48.62
48.6
48.61
48.59
48.58
48.59
48.6
48.58
48.59
48.59
48.6
48.63
48.63
48.61
48.6
48.61
48.62
48.61
48.6
48.58
48.61
48.62
48.62
48.61
48.63
48.61
48.6
48.62
48.62
48.61
48.61
48.62
48.62
48.6
48.62
48.61
48.62
48.63
48.61
48.62
48.62
48.62
48.62
48.61
48.62
48.64
48.65
48.66
48.67
48.67
48.67
48.69
48.69
48.69
48.68
48.68
48.67
48.7
48.7
48.7
48.69
48.7
48.7
48.66
48.64
48.65
48.65
48.67
48.62
48.62
48.63
48.63
48.63
48.61
48.61
48.63
48.6
48.6
48.6
48.59
48.58
48.58
48.58
48.57
48.55
48.51
48.5
48.5
48.51
48.5
48.5
48.5
48.48
48.48
48.51
48.51
48.49
48.49
48.48
48.49
48.51
48.53
48.53
48.53
48.53
48.53
48.51
48.49
48.49
48.49
48.53
48.53
48.51
48.51
48.5
48.5
48.52
48.52
48.51
48.54
48.54
48.54
48.54
48.54
48.53
48.54
48.53
48.54
48.52
48.52
48.5
48.52
48.51
48.51
48.52
48.53
48.53
48.53
48.52
48.51
48.53
48.51
48.5
48.5
48.49
48.5
48.48
48.49
48.48
48.48
48.49
48.51
48.51
48.51
48.49
48.5
48.52
48.53
48.51
48.54
48.54
48.53
48.52
48.53
48.53
48.53
48.53
48.51
48.5
48.51
48.5
48.5
48.53
48.51
48.51
48.5
48.47
48.48
48.48
48.51
48.51
48.51
48.51
48.49
48.51
48.51
48.51
48.51
48.51
48.5
48.51
48.52
48.51
48.51
48.51
48.53
48.51
48.51
48.53
48.54
48.51
48.56
48.57
48.57
48.58
48.6
48.6
48.58
48.58
48.57
48.58
48.57
48.58
48.55
48.52
48.51
48.51
48.5
48.49
48.47
48.45
48.45
48.49
48.53
48.4
48.44
48.42
48.4
48.42
48.41
48.29
48.21
48.26
48.27
48.24
48.26
48.31
48.28
48.29
48.29
48.31
48.31
48.22
48.24
48.22
48.24
48.21
48.24
48.24
48.21
48.22
48.24
48.25
48.24
48.25
48.3
48.29
48.31
48.33
48.32
48.31
48.32
48.29
48.31
48.31
48.28
48.25
48.28
48.24
48.22
48.17
48.15
48.22
48.24
48.26
48.25
48.23
48.26
48.24
48.26
48.24
48.24
48.25
48.24
48.25
48.27
48.25
48.17
48.2
48.23
48.21
48.24
48.24
48.22
48.22
48.22
48.24
48.24
48.23
48.25
48.25
48.26
48.26
48.21
48.23
48.24
48.23
48.23
48.24
48.23
48.18
48.2
48.21
48.2
48.18
48.16
48.15
48.15
48.19
48.15
48.17
48.18
48.15
48.15
48.15
48.14
48.16
48.16
48.14
48.16
48.12
48.1
48.15
48.16
48.15
48.15
48.13
48.1
48.1
48.09
48.11
48.13
48.13
48.15
48.17
48.16
48.2
48.23
48.23
48.24
48.23
48.23
48.19
48.24
48.25
48.23
48.25
48.26
48.25
48.27
48.27
48.25
48.26
48.25
48.25
48.27
48.23
48.26
48.24
48.25
48.25
48.22
48.22
48.19
48.16
48.11
47.97
48.03
48.18
47.96
47.95
47.98
48.07
47.97
47.96
47.93
47.95
47.96
47.95
47.91
47.9
47.94
47.92
47.9
47.9
47.82
47.87
47.91
47.91
47.91
47.94
47.95
47.96
47.98
47.99
47.98
47.96
47.94
47.9
47.93
47.97
47.92
47.94
47.95
47.92
47.93
47.9
47.91
47.88
47.86
47.85
47.88
47.88
47.9
47.88
47.88
47.88
47.86
47.84
47.82
47.82
47.81
47.76
47.76
47.73
47.72
47.65
47.65
47.65
47.68
47.65
47.65
47.63
47.66
47.67
47.67
47.67
47.67
47.67
47.64
47.61
47.54
47.64
47.58
47.61
47.6
47.63
47.55
47.6
47.54
47.55
47.62
47.61
47.61
47.56
47.57
47.58
47.58
47.57
47.58
47.59
47.59
47.58
47.56
47.54
47.52
47.56
47.54
47.47
47.51
47.5
47.52
47.53
47.5
47.52
47.52
47.54
47.54
47.53
47.51
47.51
47.52
47.58
47.59
47.61
47.6
47.59
47.59
47.64
47.68
47.67
47.67
47.62
47.63
47.71
47.7
47.67
47.72
47.68
47.7
47.7
47.68
47.74
47.71
47.71
47.71
47.7
47.71
47.72
47.69
47.69
47.71
47.72
47.72
47.71
47.7
47.7
47.71
47.7
47.71
47.73
47.72
47.68
47.66
47.65
47.65
47.63
47.63
47.63
47.58
47.64
47.6
47.61
47.62
47.63
47.63
47.63
47.61
47.62
47.59
47.6
47.62
47.63
47.6
47.63
47.65
47.66
47.67
47.7
47.67
47.67
47.63
47.7
47.72
47.69
47.69
47.69
47.69
47.69
47.73
47.72
47.68
47.73
47.74
47.73
47.72
47.72
47.73
47.74
47.7
47.72
47.73
47.71
47.72
47.74
47.77
47.72
47.44
47.45
47.42
47.36
47.41
47.5
47.56
47.61
47.57
47.51
47.54
47.54
47.51
47.4
47.42
47.55
47.44
47.53
47.55
47.43
47.37
47.43
47.46
47.5
47.48
47.48
47.42
47.39
47.34
47.35
47.38
47.36
47.33
47.27
47.29
47.33
47.38
47.39
47.39
47.38
47.32
47.44
47.45
47.45
47.37
47.44
47.42
47.42
47.43
47.46
47.4
47.34
47.32
47.29
47.27
47.35
47.33
47.38
47.27
47.38
47.36
47.41
47.28
47.45
47.4
47.37
47.38
47.4
47.41
47.42
47.4
47.4
47.38
47.37
47.37
47.36
47.39
47.38
47.35
47.35
47.35
47.35
47.35
47.33
47.33
47.33
47.37
47.36
47.34
47.33
47.33
47.37
47.36
47.51
47.53
47.46
47.62
47.63
47.53
47.52
47.55
47.58
47.57
47.6
47.6
47.6
47.6
47.61
47.6
47.6
47.61
47.57
47.6
47.57
47.53
47.54
47.58
47.62
47.61
47.58
47.58
47.56
47.58
47.58
47.62
47.62
47.58
47.61
47.59
47.59
47.62
47.64
47.65
47.66
47.64
47.66
47.64
47.62
47.61
47.61
47.6
47.59
47.66
47.53
47.64
47.55
47.52
47.52
47.53
47.52
47.71
47.77
47.78
47.76
47.76
47.76
47.72
47.8
47.79
47.8
47.8
47.79
47.83
47.81
47.82
47.81
47.8
47.8
47.79
47.81
47.79
47.81
47.83
47.8
47.81
47.82
47.82
47.84
47.83
47.85
47.85
47.84
47.89
47.85
47.89
47.88
47.9
47.88
47.9
47.9
47.89
47.92
47.9
47.88
47.88
47.88
47.82
47.81
47.84
47.85
47.87
47.81
47.8
47.79
47.82
47.81
47.8
47.82
47.81
47.82
47.83
47.84
47.82
47.82
47.83
47.78
47.78
47.79
47.74
47.83
47.78
47.7
47.7
47.72
47.71
47.72
47.73
47.74
47.74
47.72
47.76
47.72
47.72
47.74
47.71
47.71
47.7
47.66
47.6
47.63
47.62
47.56
47.56
47.64
47.55
47.53
47.5
47.49
47.52
47.56
47.52
47.56
47.51
47.52
47.52
47.51
47.47
47.5
47.52
47.55
47.59
47.47
47.58
47.6
47.62
47.64
47.65
47.63
47.63
47.61
47.61
47.59
47.57
47.57
47.58
47.56
47.53
47.56
47.57
47.57
47.6
47.6
47.61
47.63
47.61
47.64
47.64
47.63
47.64
47.62
47.61
47.63
47.59
47.6
47.58
47.57
47.6
47.64
47.62
47.61
47.6
47.58
47.58
47.63
47.63
47.64
47.63
47.67
47.66
47.69
47.67
47.62
47.63
47.63
47.61
47.65
47.64
47.65
47.64
47.63
47.6
47.58
47.51
47.6
47.56
47.61
47.49
47.49
47.6
47.42
47.39
47.43
47.47
47.5
47.42
47.4
47.44
47.41
47.42
47.45
47.48
47.5
47.31
47.37
47.38
47.37
47.4
47.39
47.38
47.41
47.41
47.39
47.41
47.4
47.21
47.2
47.23
47.42
47.31
47.29
47.29
47.3
47.27
47.24
47.2
47.29
47.27
47.18
47.14
47.09
47.09
47.09
47.27
47.07
47.02
47.02
47.02
47.06
47.1
47.1
47.08
47.17
47.22
47.24
47.3
47.11
47.21
47.19
47.09
47.09
47.13
47.12
47.12
47.12
47.08
47.02
47.04
47.04
47.12
47.11
47.12
47.11
47.09
47.09
47.06
47.06
47.02
47
46.98
47
46.99
47.03
46.95
46.93
46.99
46.92
46.92
46.91
46.96
46.99
46.96
46.95
46.91
46.89
46.91
46.91
46.91
46.84
46.83
46.92
46.96
46.97
46.99
47.03
47.03
46.99
46.96
46.95
46.96
46.96
46.94
46.85
46.98
46.87
46.9
46.96
46.83
46.88
46.9
46.9
46.96
46.98
46.97
47.01
47.03
46.96
46.97
46.97
46.94
46.99
46.96
46.98
46.9
46.84
46.84
46.86
46.83
46.89
46.91
46.92
46.97
47
46.91
47.02
46.89
46.99
46.92
46.96
46.89
46.91
46.97
46.96
46.97
46.99
47.04
47.05
47.04
47.05
46.97
47.01
47.04
47.01
46.99
47.03
47.03
46.99
46.99
46.99
46.96
47.01
47.01
47.07
47.06
47.04
47.02
47.02
47.07
47.08
47.06
47.03
47
47.06
47.01
46.97
46.94
46.97
46.92
46.9
46.84
46.8
46.85
46.85
46.85
46.84
46.86
46.92
46.79
46.92
46.82
46.9
46.89
46.85
46.84
46.83
46.79
46.79
46.77
46.76
46.76
46.76
46.8
46.78
46.83
46.86
46.8
46.8
46.85
46.85
46.86
46.81
46.78
46.72
46.71
46.71
46.71
46.71
46.72
46.76
46.76
46.78
46.7
46.76
46.76
46.75
46.78
46.79
46.79
46.76
46.74
46.7
46.67
46.69
46.72
46.72
46.72
46.7
46.67
46.66
46.68
46.67
46.7
46.73
46.72
46.7
46.71
46.74
46.76
46.79
46.78
46.85
46.92
46.89
46.72
46.86
46.75
46.85
46.8
46.78
46.81
46.83
46.94
46.92
46.86
46.88
46.94
46.85
46.77
46.78
46.72
46.9
46.74
46.75
46.74
46.74
46.72
46.74
46.74
46.76
46.75
46.77
46.76
46.77
46.79
46.76
46.75
46.76
46.8
46.79
46.79
46.8
46.86
46.81
46.78
46.76
46.78
46.74
46.75
46.76
46.74
46.81
46.75
46.76
46.75
46.75
46.8
46.76
46.72
46.65
46.75
46.58
46.56
46.57
46.62
46.64
46.73
46.78
46.74
46.76
46.7
46.71
46.71
46.71
46.7
46.66
46.72
46.76
46.74
46.77
46.81
46.79
46.8
46.81
46.83
46.82
46.79
46.77
45.83
45.77
45.8
45.84
45.83
45.81
45.95
45.94
45.78
45.82
45.85
45.87
45.83
45.85
45.79
45.86
45.78
45.66
45.66
45.73
45.75
45.73
45.8
45.81
45.83
45.87
45.86
45.81
45.85
45.8
45.71
45.74
45.87
45.87
45.7
45.65
45.61
45.65
45.71
45.74
45.85
45.61
45.81
45.83
45.83
45.95
45.94
45.9
45.85
45.85
45.85
45.88
45.83
45.81
45.82
45.8
45.9
45.82
45.81
45.78
45.82
45.84
45.8
45.78
45.77
45.78
45.83
45.84
45.85
45.84
45.79
45.78
45.76
45.75
45.79
45.79
45.8
45.82
45.82
45.85
45.84
45.85
45.83
45.83
45.82
45.86
45.83
45.83
45.85
45.85
45.85
45.85
45.86
45.89
45.89
45.93
45.92
45.92
45.92
45.92
45.92
45.91
45.92
45.95
45.96
45.97
46.1
46.1
46.11
46.13
46.25
46.31
46.3
46.18
46.15
46.09
46.13
46.06
46.13
46.1
46.1
46.12
46.07
46.13
46.1
46.08
46.07
46.04
46.1
46.06
46.09
46.06
46.11
46.04
46.04
46.01
46.01
46.01
46
46.05
46.03
46.04
46.04
46.04
46.02
46.05
46.05
46.06
46.1
46.06
46.08
46.01
46.08
46.16
46.14
46.13
46.15
46.15
46.1
45.94
45.96
45.94
45.96
45.92
45.94
45.92
45.92
45.93
45.91
45.92
45.92
45.91
45.87
45.87
45.92
45.93
45.91
45.74
45.83
45.88
45.74
45.71
45.77
45.79
45.78
45.78
45.75
45.72
45.72
45.73
45.75
45.74
45.76
45.73
45.73
45.71
45.69
45.71
45.72
45.8
45.82
45.85
45.82
45.86
45.95
45.92
45.98
46.01
45.88
45.92
45.95
45.95
45.95
46
46.04
46.03
45.99
45.99
45.98
45.94
45.97
45.95
45.88
45.92
45.9
45.93
45.9
45.86
45.88
45.9
45.9
45.92
45.9
45.93
45.97
45.89
45.91
45.93
45.87
45.86
45.83
45.8
45.86
45.92
45.88
45.93
45.87
45.87
45.82
45.83
45.83
45.82
45.84
45.87
45.87
45.86
45.86
45.81
45.81
45.77
45.78
45.78
45.77
45.77
45.82
45.83
45.78
45.75
45.76
45.77
45.76
45.72
45.68
45.75
45.76
45.64
45.63
45.65
45.74
45.74
45.65
45.66
45.74
45.71
45.7
45.69
45.68
45.64
45.57
45.63
45.62
45.57
45.53
45.55
45.67
45.56
45.57
45.6
45.58
45.59
45.61
45.61
45.59
45.6
45.56
45.58
45.62
45.63
45.61
45.64
45.68
45.68
45.71
45.69
45.67
45.6
45.54
45.56
45.54
45.46
45.4
45.29
45.34
45.3
45.36
45.34
45.3
45.33
45.26
45.26
45.26
45.24
45.23
45.25
45.21
45.19
45.21
45.17
45.41
45.43
45.37
45.32
45.32
45.29
45.38
45.36
45.3
45.26
45.29
45.33
45.35
45.28
45.19
45.2
45.19
45.29
45.17
45.17
45.25
45.23
45.15
45.07
45.05
45.06
45.02
45.02
45.12
45.08
45.12
45.15
45.2
45.15
45.1
45.1
45.15
45.13
45.13
45.16
45.11
45.11
45.08
45.1
45.13
45.13
45.14
45.1
45.13
45.15
45.12
45.11
45.12
45.1
45.15
45.14
45.15
45.14
45.18
45.17
45.15
45.15
45.1
45.12
45.1
45.09
45.06
45.12
45.13
45.14
45.11
45.06
45.1
45.12
45.1
45.06
45.14
45.15
45.17
45.13
45.17
45.1
45.11
45.08
45.1
45.15
45.17
45.24
45.22
45.25
45.33
45.28
45.33
45.28
45.27
45.19
45.29
45.25
45.29
45.22
45.47
45.46
45.44
45.45
45.45
45.49
45.51
45.47
45.42
45.49
45.47
45.48
45.42
45.62
45.44
45.61
45.56
45.43
45.51
45.64
45.51
45.46
45.47
45.47
45.45
45.5
45.46
45.47
45.47
45.45
45.45
45.44
45.46
45.44
45.47
45.46
45.44
45.44
45.4
45.37
45.38
45.36
45.38
45.36
45.38
45.34
45.39
45.4
45.4
45.38
45.4
45.34
45.35
45.24
45.25
45.24
45.19
45.24
45.25
45.24
45.25
45.23
45.25
45.25
45.34
45.36
45.31
45.33
45.33
45.3
45.33
45.34
45.32
45.38
45.3
45.36
45.36
45.34
45.3
45.33
45.31
45.38
45.36
45.32
45.33
45.27
45.27
45.28
45.27
45.3
45.31
45.29
45.32
45.31
45.32
45.32
45.31
45.27
45.32
45.3
45.31
45.31
45.35
45.35
45.33
45.35
45.36
45.32
45.33
45.36
45.31
45.35
45.32
45.34
45.34
45.35
45.36
45.4
45.37
45.36
45.31
45.31
45.33
45.35
45.67
45.75
45.68
45.7
45.73
45.73
45.77
45.74
45.7
45.67
45.67
45.63
45.66
45.74
45.76
45.81
45.83
45.83
45.82
45.65
45.72
45.61
45.61
45.77
45.54
45.77
45.77
45.58
45.58
45.53
45.58
45.61
45.52
45.74
45.7
45.71
45.56
45.6
45.56
45.61
45.45
45.39
45.47
45.44
45.48
45.5
45.44
45.46
45.48
45.49
45.46
45.45
45.46
45.57
45.45
45.53
45.6
45.61
45.65
45.65
45.65
45.61
45.63
45.62
45.65
45.68
45.72
45.8
45.74
45.78
45.8
45.64
45.73
45.63
45.7
45.69
45.74
45.76
45.83
45.84
45.86
45.86
45.81
45.81
45.88
45.91
45.88
45.86
45.81
45.79
45.82
45.79
45.72
45.72
45.72
45.73
45.7
46.37
46.39
46.4
46.46
46.49
46.51
46.56
46.57
46.58
46.46
46.46
46.63
46.61
46.55
46.54
46.54
46.62
46.63
46.57
46.59
46.63
46.61
46.62
46.7
46.69
46.77
46.82
46.79
46.78
46.78
46.82
46.84
46.84
46.84
46.9
46.97
46.98
46.94
46.81
46.98
46.97
46.99
46.98
46.99
46.99
46.9
46.93
46.91
46.87
46.85
46.83
46.91
46.83
46.9
46.85
46.85
46.86
46.87
46.9
46.95
47.01
47
46.94
47.03
46.98
47.02
47.04
47.05
47.02
47.08
47.14
47.15
47.18
47.14
47.11
47.04
47.15
47.1
47.1
47.01
47.01
46.96
46.99
47.02
47.01
46.95
46.86
46.84
46.83
46.81
46.85
46.81
46.82
46.87
46.96
46.99
47.01
47.01
46.97
46.84
46.99
46.9
46.96
46.98
46.96
46.91
46.91
46.9
46.92
46.91
46.95
46.9
46.93
46.91
46.89
46.9
46.88
46.95
46.95
46.98
46.99
46.97
46.99
47
46.97
46.99
46.99
46.96
46.93
47
47.06
47.08
47.05
47.04
47.01
47.03
47.04
47.02
47.07
47.04
47.01
47.05
47.04
47.06
47.05
47.04
47.03
47.03
47.03
47.05
46.98
47.01
46.99
47
47.06
47
47.04
47.01
47.02
47.02
47.04
47.03
47.05
47.08
47.11
47.12
47.12
47.17
47.17
47.18
47.2
47.18
47.17
47.13
47.15
47.13
47.1
47.12
47.2
47.12
47.13
47.14
47.13
47.13
47.13
47.12
47.11
47.08
47.07
47.04
47.03
47.05
47.14
47.15
47.16
47.21
47.22
47.21
47.2
47.22
47.2
47.19
47.21
47.22
47.22
47.21
47.22
47.21
47.21
47.22
47.21
47.23
47.23
47.22
47.21
47.23
47.24
47.25
47.26
47.24
47.26
47.22
47.21
47.28
47.29
47.28
47.29
47.28
47.26
47.24
47.21
47.25
47.24
47.23
47.25
47.19
47.19
47.21
47.24
47.24
47.22
47.23
47.25
47.22
47.25
47.26
47.26
47.22
47.29
47.29
47.31
47.3
47.28
47.31
47.33
47.34
47.35
47.31
47.28
47.27
47.29
47.33
47.33
47.29
47.3
47.29
47.31
47.33
47.28
47.32
47.3
47.31
47.29
47.35
47.25
47.24
47.17
47.19
47.22
47.29
47.26
47.25
47.24
47.22
47.24
47.19
47.23
47.2
47.17
47.2
47.19
47.21
47.26
47.28
47.27
47.28
47.23
47.26
47.28
47.33
47.38
47.4
47.43
47.45
47.47
47.45
47.6
47.55
47.61
47.7
47.7
47.88
47.83
47.83
47.81
47.83
47.86
47.89
47.86
47.88
47.88
47.84
47.84
47.75
47.83
47.84
47.86
47.8
47.8
47.77
47.78
47.81
47.79
47.8
47.81
47.84
47.81
47.86
47.89
47.77
47.78
47.78
47.78
47.75
47.75
47.76
47.76
47.78
47.87
47.87
47.75
47.76
47.76
47.78
47.77
47.7
47.67
47.71
47.73
47.74
47.78
47.79
47.85
47.8
47.79
47.79
47.81
47.83
47.85
47.84
47.85
47.83
47.84
47.88
47.87
47.88
47.91
47.88
47.9
47.95
47.91
47.91
47.94
47.92
47.96
47.91
47.88
47.88
47.92
47.9
47.96
47.98
47.97
47.94
47.87
47.85
47.88
47.9
47.86
47.85
47.87
47.88
47.88
47.9
47.88
47.88
47.89
47.89
47.86
47.9
47.92
47.93
47.91
47.91
47.92
47.92
47.9
47.9
47.83
47.84
47.93
47.88
47.89
47.87
47.89
47.83
47.89
47.88
47.87
47.86
47.85
47.87
47.85
47.87
47.89
47.85
47.83
47.81
47.85
47.78
47.87
47.78
47.77
47.81
47.81
47.82
47.81
47.77
47.79
47.81
47.82
47.8
47.81
47.76
47.77
47.8
47.79
47.81
47.78
47.76
47.79
47.77
47.8
47.79
47.79
47.78
47.77
47.83
47.8
47.84
47.79
47.59
47.79
47.78
47.78
47.78
47.79
47.77
47.79
47.79
47.77
47.79
47.78
47.75
47.76
47.76
47.75
47.75
47.77
47.76
47.78
47.78
47.8
47.81
47.81
47.79
47.79
47.84
47.83
47.83
47.83
47.82
47.79
47.79
47.83
47.83
47.83
47.8
47.78
47.81
47.78
47.8
47.77
47.8
47.78
47.82
47.85
47.79
47.84
47.8
47.86
47.85
47.86
47.85
47.86
47.86
47.85
47.82
47.81
47.84
47.83
47.82
47.8
47.79
47.82
47.8
47.78
47.8
47.79
47.81
47.86
47.87
47.86
47.88
47.87
47.88
47.87
47.88
47.87
47.86
47.88
47.85
47.87
47.84
47.87
47.87
47.87
47.84
47.86
47.86
47.85
47.85
47.88
47.88
47.87
47.86
47.83
47.87
47.85
47.86
47.87
47.85
47.86
47.85
47.87
47.92
47.85
47.87
47.86
47.89
47.92
47.96
47.98
47.95
47.96
47.98
47.96
47.99
47.96
48
47.98
47.99
47.98
48.01
47.97
47.97
47.99
47.98
47.98
48
47.95
47.94
47.93
47.96
48.01
48.01
48.01
48
47.93
48
47.93
47.92
47.99
48
47.98
47.95
47.99
47.97
48.01
48.03
48.02
48.01
48.02
48.04
48.03
48.02
48.05
48.09
48.04
48.05
48.02
48.09
48.08
48.01
48.03
47.99
47.98
47.99
47.97
47.98
47.89
47.9
47.84
47.81
47.76
47.77
47.75
47.7
47.52