2070.02
2069.98
2070.68
2071.18
2070.54
2069.68
2069.98
2070.63
2071.36
2071.41
2071.23
2071.2
2072.29
2071.71
2071.04
2071.8
2071.59
2071.05
2069.59
2069.86
2070.18
2069.92
2069.9
2069.9
2070.14
2070.2
2070.06
2070.67
2070.6
2070.51
2070.6
2071.14
2070.09
2069.76
2070.38
2070.1
2070.68
2070.6
2070.24
2070.1
2070.58
2069.66
2070.05
2069.33
2069.77
2070.36
2070.19
2069.75
2069.32
2069.62
2069.49
2068.89
2068.12
2067.32
2067.39
2066.55
2066.81
2066.48
2066.39
2065.75
2064.49
2064.87
2065.31
2065.64
2065.16
2064.26
2063.68
2063.69
2062.34
2062.39
2062.92
2063.22
2063.48
2063.84
2063.98
2063.92
2064.33
2064.46
2064.62
2064.06
2063.92
2064.17
2064.29
2064.08
2064.51
2064.72
2065.2
2065.09
2065.02
2065.05
2065.18
2065.05
2064.47
2064.42
2064.83
2065.19
2064.43
2064.44
2063.89
2063.99
2063.73
2063.65
2062.96
2064.17
2064.5
2065.29
2065.7
2065.98
2065.64
2065.67
2066.85
2066.92
2067.26
2067.37
2067.51
2067.61
2067.7
2067.41
2067.45
2068.59
2068.62
2069.05
2069.01
2068.84
2068.83
2068.76
2068.83
2069.04
2070.28
2070.5
2070.67
2070.64
2070.63
2070.71
2071.21
2071.12
2071.38
2071.22
2070.91
2070.89
2070.97
2071.11
2071.07
2071.19
2070.96
2071.14
2071.23
2071.16
2071.36
2071.3
2071.38
2071.19
2077.23
2075.15
2075.36
2074.99
2074.7
2074.13
2074.3
2074.41
2074.92
2074.93
2074.5
2074.26
2074.65
2073.19
2073.43
2073.29
2073.26
2073.12
2072.8
2073.21
2072.94
2072.95
2073.52
2074.29
2074.44
2074.2
2074.03
2073.95
2074.06
2073.38
2073.4
2073.45
2073.65
2073.66
2073.53
2073.95
2074.12
2074.19
2074.25
2074.24
2074.18
2074.21
2074.45
2074.48
2074.28
2074.14
2074.13
2073.84
2073.83
2073.56
2073.54
2073.38
2073.13
2073.3
2073.37
2073.86
2074.21
2074.02
2074.16
2074.32
2074.05
2073.65
2074.05
2074.4
2074.45
2074.37
2074.48
2074.49
2074.4
2073.95
2074.09
2073.85
2073.52
2073.74
2074
2073.79
2073.79
2074.1
2074.13
2074.14
2074.15
2074.09
2074.25
2074.32
2074.06
2074.07
2074.33
2074.22
2074.09
2073.9
2073.88
2073.85
2073.97
2074.16
2074.13
2074.2
2073.97
2073.78
2073.81
2073.48
2072.43
2072.31
2072.16
2072.68
2071.79
2071.48
2071.95
2071.78
2071.87
2071.72
2071.76
2071.67
2071.53
2071.68
2071.79
2071.21
2071.65
2071.69
2071.35
2071.31
2071.74
2072.19
2071.99
2072.18
2071.63
2071.68
2071.61
2071.5
2071.64
2071.74
2071.2
2071.24
2071.2
2071.18
2071.31
2070.94
2070.9
2070.22
2069.98
2069.89
2068.14
2068.08
2067.1
2066.71
2067.15
2067.32
2067.33
2066.87
2067.03
2066.63
2067.41
2067.7
2068.44
2068.71
2068.93
2068.75
2068.46
2068.45
2068.57
2069.47
2069.24
2069.32
2069.53
2070
2069.76
2069.35
2069.46
2070.04
2070.3
2070.64
2070.53
2070.37
2070.6
2070.5
2070.24
2070.51
2070.65
2074.66
2075.05
2076.17
2075.52
2075.61
2075.21
2075.05
2074.69
2074.29
2073.45
2072.34
2072.2
2072.13
2072.3
2073.18
2073.43
2074.18
2074.79
2074.37
2075.16
2075.58
2075.5
2075.53
2075.71
2076.08
2075.61
2075.81
2075.04
2074.29
2073.74
2074.1
2073.73
2074.2
2074.34
2074.48
2074.44
2073.89
2075.17
2074.92
2075.27
2075.23
2075.4
2075.49
2075.76
2076.01
2076.19
2077.05
2076.81
2076.31
2076.57
2076.46
2076.48
2075.82
2075.77
2075.77
2076.07
2075.86
2075.63
2075.53
2075.66
2075.64
2075.87
2075.51
2075.51
2075.3
2075.46
2075.3
2075.37
2075.35
2075.54
2075.47
2075.95
2075.57
2075.14
2075.21
2074.93
2074.09
2073.87
2074.26
2074.16
2074
2073.98
2074.4
2074.33
2075.07
2075.07
2075.31
2075.18
2074.99
2075.07
2074.81
2075.09
2075.08
2074.79
2075.01
2075.23
2075.18
2075.35
2075.58
2075.67
2075.48
2075.48
2075.71
2076.03
2076.07
2076.29
2076.04
2076.18
2076.36
2076.5
2076.76
2076.37
2076.05
2076.08
2076.45
2076.59
2076.31
2076.29
2076.31
2076.52
2076.6
2076.62
2076.93
2076.84
2076.99
2077.31
2077.09
2077.02
2077.23
2077.46
2078.3
2078.03
2078.33
2078.39
2079.14
2079.25
2079.45
2078.95
2078.5
2078.35
2078.5
2078.33
2078.33
2078.5
2078.31
2078.14
2078.16
2078.25
2078.23
2078.13
2078.02
2077.99
2077.58
2078.03
2078.01
2078.28
2078.11
2077.95
2077.91
2077.97
2077.87
2077.92
2077.69
2077.87
2078.06
2078.09
2078.32
2078.21
2078.4
2078.13
2077.96
2078.06
2078.29
2078.13
2078.19
2078.5
2078.54
2079.2
2079.1
2079.02
2079.03
2078.9
2078.84
2078.81
2078.73
2078.51
2078.39
2078.31
2078.23
2078.34
2078.27
2078.34
2078.17
2078.25
2078.44
2078.68
2078.8
2078.45
2078.54
2078.18
2078.38
2078.34
2078.24
2078.03
2077.44
2077.26
2077.36
2077.32
2077.19
2077.23
2077.21
2076.98
2077.08
2077.39
2077.16
2076.86
2076.85
2076.62
2076.52
2077.13
2077.29
2077.37
2077.26
2077.26
2077.48
2077.32
2077.31
2077.35
2077.38
2077.83
2077.78
2077.59
2077.4
2077.3
2077.33
2077.36
2077.16
2077
2076.99
2077.05
2077.22
2077.35
2077.3
2077.22
2077.42
2077.27
2077.25
2077.22
2077.33
2077.17
2076.96
2076.97
2077.07
2077.07
2076.97
2076.99
2076.74
2076.88
2076.97
2076.9
2076.81
2076.57
2076.61
2076.6
2076.59
2075.9
2075.93
2075.59
2075.47
2076.14
2076.61
2076.21
2076.34
2076.22
2076.28
2076.18
2075.48
2075.31
2075.58
2075.44
2075.44
2075.44
2075.77
2075.77
2075.72
2075.48
2075.39
2075.16
2075.09
2074.94
2074.97
2075.12
2075.05
2075.01
2074.8
2073.74
2074.05
2074.03
2074.14
2074
2074.05
2074.01
2073.39
2073.98
2074.7
2074.99
2075.08
2075.03
2074.93
2074.79
2075.21
2075.37
2075.05
2074.84
2075.05
2074.87
2074.8
2074.95
2075.22
2075.61
2075.34
2075.17
2075.12
2075.13
2074.96
2075.07
2075.13
2074.97
2074.84
2074.98
2074.74
2074.39
2074.11
2073.66
2073.16
2072.82
2073.13
2072.59
2072.63
2072.37
2072.62
2072.91
2072.74
2071.12
2071.94
2072.4
2072.49
2072.67
2074.51
2070.81
2070.87
2070.87
2072.16
2072.66
2072.58
2072.93
2072.84
2072.46
2072.98
2073.6
2073.5
2073.82
2074.01
2073.91
2073.57
2073.45
2073.22
2073.27
2073.11
2072.92
2072.83
2073.59
2073.47
2073.73
2073.35
2073.38
2073.83
2074.56
2074.39
2074.08
2074.29
2073.93
2073.97
2074.03
2073.29
2072.76
2073.07
2073.18
2073.22
2073.12
2072.92
2073.7
2074.2
2074.26
2074.38
2074.2
2074.46
2075.29
2075.24
2074.98
2075.01
2075.69
2075.39
2075.74
2075.67
2075.55
2074.96
2075.04
2074.84
2074.71
2074.86
2074.91
2074.81
2074.78
2074.95
2075.01
2074.86
2074.58
2074.68
2074.57
2074.7
2074.98
2074.79
2074.87
2074.38
2074.49
2074.65
2074.52
2074.48
2073.33
2073.83
2073.78
2074.31
2074.55
2074.63
2074.44
2074.34
2074.55
2074.6
2074.24
2074.33
2074.5
2074.5
2074.58
2074.69
2074.62
2074.65
2074.45
2073.99
2073.52
2073.52
2073.8
2073.53
2073.27
2073.02
2073.2
2073.11
2073.16
2073.03
2072.9
2073.21
2073.06
2072.98
2073.12
2073.06
2073.05
2073.25
2073.34
2073.33
2073.25
2072.91
2072.65
2073.23
2073.54
2073.65
2073.54
2073.21
2073.31
2073.23
2073.2
2073.09
2073.45
2073.75
2073.46
2073.42
2073.35
2073.58
2073.9
2074.02
2072.23
2071.76
2070.94
2070.13
2069.47
2068.91
2066.45
2066.86
2066.38
2066.4
2065.59
2066.61
2066.7
2066.41
2066.33
2065.93
2066.37
2066.46
2065.72
2065.48
2065.33
2065.8
2065.94
2065.92
2066.28
2065.4
2065.92
2066.39
2066.51
2066.79
2067.6
2067.51
2067.66
2067.79
2067.78
2067.54
2067.5
2067.4
2067.61
2068.03
2067.95
2067.6
2067.35
2067.28
2067
2066.81
2066.46
2066.34
2065.59
2065.53
2066.33
2066.43
2066.43
2066.9
2066.96
2067.17
2066.58
2066.3
2066.46
2065.46
2065.95
2065.41
2064.64
2064.72
2064.99
2064.7
2062.69
2062.65
2062.75
2062.9
2062.22
2062.55
2061.96
2062.38
2062.35
2062.42
2061.74
2061.71
2061.38
2060.47
2060.18
2058.81
2058.28
2058.25
2058.97
2058.61
2057.57
2057.67
2057.43
2057.03
2057.09
2057.72
2057.9
2058.08
2057.91
2058.25
2058.89
2058.92
2058.85
2058.63
2058.38
2058.41
2057.77
2057.39
2057.04
2055.7
2056.38
2055.78
2054.91
2055.47
2055.28
2056.04
2056.52
2056.61
2056.89
2056.08
2055.99
2055.37
2055
2054.64
2055.07
2055.08
2055.29
2055.81
2055.82
2055.59
2055.91
2055.95
2057.13
2057.82
2057.83
2058.11
2058.45
2057.87
2058.53
2058.59
2058.64
2059.47
2059.54
2059.67
2059.36
2059.66
2059.83
2060.06
2060.21
2060.54
2060.71
2061.05
2061.05
2061.05
2061.05
2061.16
2061.82
2061.58
2062.09
2062.04
2062.36
2063
2062.59
2062.42
2061.99
2061.88
2061.24
2060.36
2060.67
2060.88
2061.67
2060.94
2059.93
2059.45
2059.95
2059.69
2059.9
2060.01
2060.1
2060.34
2060.61
2060.21
2060.24
2058.94
2059.25
2060.07
2061.65
2061.52
2061.18
2061.74
2061.73
2062.11
2062.21
2061.6
2060.89
2060.13
2060.68
2060.78
2060.26
2060.21
2060.1
2060.01
2059.36
2060.18
2059.91
2059.16
2060.57
2060.39
2059.89
2058.83
2058.95
2058.89
2058.93
2058.43
2059.11
2060.24
2059.74
2059.69
2060.11
2060.14
2060.84
2041.97
2040.12
2038.5
2036.63
2037.24
2038.14
2039.34
2039.76
2040.51
2039.8
2041.04
2041.38
2042.22
2041.7
2040.63
2041.72
2042.92
2042.25
2042.52
2041.53
2042.3
2043.03
2043.83
2045
2045.44
2046
2045.47
2044.84
2043.36
2043.36
2043.54
2042.9
2043.03
2041.69
2041.12
2041.38
2042.2
2041.97
2041.56
2040.77
2040.6
2041.52
2041.28
2040.9
2040.74
2040.49
2039.21
2038.13
2037.64
2037.19
2036.69
2036.1
2036.5
2034.56
2034.83
2035.03
2035.52
2036.2
2037.58
2037.73
2037.6
2038.27
2038.98
2040.13
2040.12
2039.42
2038.93
2040.23
2041.03
2042.05
2041.98
2042.71
2042.37
2042.58
2042.28
2041.87
2043.31
2042.88
2042.2
2041.6
2041.63
2041.52
2041.61
2041.33
2040.54
2041.17
2041.84
2041.79
2040.33
2039.59
2040.07
2040.56
2040.09
2042.24
2042.18
2042.83
2044.43
2045.29
2045.32
2045.23
2044.83
2044.84
2044.79
2044.08
2043.98
2043.76
2043.21
2043.05
2043.08
2043.52
2043.31
2043.33
2043.65
2043.07
2042.24
2041.79
2042.27
2043.2
2043.85
2043.32
2043.25
2042.83
2043.38
2043.47
2043.82
2043.63
2043.92
2042.49
2042.68
2042.98
2043.48
2044.16
2044.2
2044.54
2044.31
2043.78
2043.7
2043.67
2043.45
2044.03
2043.81
2042.85
2042.38
2041.84
2042.04
2042.53
2041.96
2042.13
2042.39
2042.3
2049.83
2050.58
2051.19
2051.77
2051.73
2052.2
2052.32
2053.16
2053.61
2054.25
2054.21
2053.74
2054.23
2053.85
2053.81
2053.83
2053.62
2053.72
2053.94
2053.97
2053.44
2053.43
2053.43
2053.31
2053.36
2053.55
2053.63
2054.02
2054.13
2055.22
2055.5
2056.18
2056.49
2056.11
2056.27
2056.33
2057.56
2057.14
2056.84
2056.71
2056.64
2056.84
2056.53
2055.28
2054.93
2054.97
2053.77
2054.24
2054.67
2054.54
2054.27
2054.3
2054
2054.55
2054.76
2054.72
2054.81
2054.84
2054.63
2055.03
2056.16
2056.4
2056.3
2056.34
2056.48
2055.61
2055.83
2055.61
2054.82
2054.66
2054.02
2053.91
2053.66
2054.09
2054.33
2054.6
2054.66
2054.9
2055.44
2055.46
2055.48
2055.49
2055.54
2055.79
2055.39
2055.13
2054.88
2053.73
2051.64
2051.97
2051.96
2052.11
2052.61
2052.68
2052.11
2052.63
2053.59
2053.57
2053.77
2053.48
2054.26
2054.17
2054.11
2053.88
2054.08
2053.18
2052.7
2052.95
2052.97
2053.07
2053.6
2053.56
2054.17
2054.52
2055.53
2056.69
2056.89
2056.74
2056.56
2056.33
2056.85
2056.28
2055.2
2055.34
2055.56
2055.24
2055.25
2055.06
2055.55
2056.05
2056.14
2055.87
2055.92
2056.05
2055.53
2055.97
2056.04
2055.85
2056.07
2055.7
2056.2
2056.98
2055.98
2055.92
2055.15
2055.08
2055.73
2055.46
2056.43
2056.7
2056.56
2056.41
2057.15
2058.09
2058.31
2057.81
2057.68
2057.84
2057.84
2058.36
2058.79
2057.99
2058.76
2059.04
2059.32
2059.41
2059.58
2060.41
2060.07
2059.88
2017.92
2015.9
2014
2016.64
2015.72
2016.29
2015.95
2015.65
2015.29
2013.88
2012.76
2013.88
2014.63
2015.43
2012.86
2011.13
2011.99
2009.98
2009.77
2010.72
2012.49
2011.27
2009
2010.05
2009.47
2009.68
2010.34
2010.98
2012.29
2012.23
2011.57
2011.42
2006.24
2006.09
2004.75
2004.58
2005.22
2006.15
2006.29
2005.27
2005.82
2006.08
2006.44
2005.64
2005.03
2003.74
2003.39
2003.7
2001.85
2001.15
2001.01
2002.1
2001.04
1999.49
1999.13
1998.17
1998.66
1999.77
2000.93
2000.54
2001.04
2004.46
2005.93
2005.72
2007.02
2006.09
2004.99
2004.47
2003.89
2003.9
2002.47
2000.69
2001.47
2001.11
1999.78
1997.62
1998.13
1997.18
1999.16
1999.29
1999.52
1998.76
1997.94
1997.4
1996.32
1994.25
1995.34
1995.69
1994.68
1994.36
1993.93
1995.34
1992.58
1991
1989.8
1990.14
1989.58
1989.67
1991.15
1992.27
1991.56
1991.07
1989.49
1989.15
1988.12
1989.13
1986.57
1984.44
1984.64
1986.7
1985.58
1985.25
1986.85
1987.66
1987.33
1987.29
1986.37
1987.14
1985.88
1985.86
1985.9
1983.58
1982.78
1983.15
1983.26
1984.05
1983.5
1984.72
1985.4
1986.53
1988.29
1988.16
1989.48
1990.96
1991.6
1990.38
1990.48
1989.85
1989.92
1991.77
1991.26
1989.67
1989.27
1988.66
1989.44
1990.39
1989.53
1990.27
1991.75
1992.35
1994.11
1995.26
1996.1
1996.21
1995.56
1995.85
1994.37
1994.97
1992.23
1992.98
1993.6
1995.25
1995.77
1997.63
1998.77
1998.97
1998.01
1996.87
1995.92
1996.6
1998.1
1997.06
1996.61
1997.03
1997.05
1997.23
1997.64
1996.89
1997.86
1998.86
1999.66
2001.74
2002.22
2002.1
2001.1
2001.19
2001.76
2001.5
2001.56
2001.34
2000.09
2001.2
1999.41
1998.3
1997.96
1998.45
1997.22
1996.15
1995.17
1993.99
1994.48
1994.55
1993.86
1994.75
1994.81
1996.85
1997.34
1997.79
1997.97
1997.48
1995.85
1995.82
1995.29
1995.15
1993.73
1994.08
1993.99
1992.76
1993.53
1994.21
1995.44
1994.9
1995.97
1996.53
1995.61
1994.74
1996.01
1995.98
1996.72
1995.53
1994.16
1993
1993.4
1992.89
1992.22
1992.81
1993.08
1994.62
1994.59
1994.6
1994.8
1994.31
1994.1
1993.96
1994.08
1994.58
1994.26
1994.1
1993.74
1993.06
1992.12
1992.95
1993.14
1992.94
1993.33
1992.28
1991.53
1991.34
1991.88
1991.15
1991.95
1991.94
1991.97
1991.75
1991.68
1993.29
1995
1996.05
1996.09
1998.49
2000.38
1999.59
1998.26
1998.83
1997.09
1997.35
1995.63
1996.47
1996.78
1998.18
2000.92
2000.12
1998.22
1997.66
1996.74
1995.74
1992.96
1993.68
1991.98
1994.1
1992.51
1992.6
1992.72
1993.18
1993.04
1993.21
1994.02
1994.01
1993.41
1994.18
1993.75
1994.45
1995.51
1994.08
1993.81
1994.83
1996.06
1995.75
1995.95
1996.05
1998.05
1996.85
1996.08
1994.33
1994.9
1994.11
1994.76
1994.56
1993.24
1993.3
1994.58
1994.35
1993.59
1993.8
1995
1993.7
1992.62
1990.41
1989.04
1989.51
1989.35
1989.46
1990.44
1991.04
1994.08
1995.48
1994.36
1992.77
1992.38
1993.14
1993.98
1993.32
1992.47
1990.63
1992.21
1993.3
1992.56
1993.72
1994.05
1993.31
1993
1993.46
1993.24
1992.41
1991.54
1991.47
1981.46
1980.58
1980.43
1979.43
1981.48
1981.24
1983.51
1982.92
1983.54
1983.7
1984.43
1985.17
1984.6
1986.5
1986.42
1987.78
1987.55
1986.43
1986.97
1986.65
1986.73
1985.22
1985.46
1984.45
1984.42
1985.16
1984.21
1985.67
1986.37
1985.52
1983.5
1982.08
1982.04
1980.87
1981.69
1982.04
1981.18
1984.33
1987.38
1988.53
1991.34
1990.94
1989.63
1989.65
1989.76
1993.11
1994.08
1992.6
1992.53
1993.4
1992.96
1993.4
1991.62
1990.31
1989.84
1990.38
1989.78
1990.94
1990.74
1990.68
1991.06
1991.73
1990.52
1989.03
1989.37
1988.46
1989.45
1990.77
1992.3
1991.92
1992.36
1990.6
1991.68
1992.4
1993.7
1994.23
1995.3
1997.56
1996.76
1998.63
1998.31
1998.55
1998.26
1997.39
1998.29
1998.27
1997.06
1996.93
1997.29
1997.54
1997.59
1998.14
1998.56
2000.13
2000.49
2000.99
2002.25
2003.85
2004.92
2005.55
2005.31
2005.28
2006.7
2008.42
2009.4
2010.02
2015.1
2013.5
2013.66
2014.07
2016.8
2014.73
2014.95
2013.51
2013.06
2012.22
2011.98
2011.49
2011.85
2011.91
2012.73
2012.9
2012.67
2012.52
2012.33
2011.2
2011.46
2012.11
2011.58
2010.49
2009.85
2009.89
2009.23
2008.14
2007.82
2006.66
2007.21
2007.9
2007.72
2008.28
2007
2006.78
2006.97
2006.72
2005.94
2006.36
2006.32
2006.54
2007.43
2006.11
2006.42
2004.96
2005.55
2006.86
2006.4
2006.23
2006.07
2006.27
2005.6
2001.75
2001.84
2000.93
1999.69
2000.33
2001.17
2001.46
2001.38
2001.09
1999.6
1999.11
1999.08
1999.3
1996.72
1993.97
1994.63
1992.27
1993.33
1992.74
1994
1994.43
1992.84
1990.39
1990.77
1991.78
1991.76
1990.81
1991.02
1989.45
1990.62
1991.35
1988.78
1989.89
1990.52
1989.65
1987.95
1989.67
1990.6
1990.11
1992.21
1992.41
1991.8
1992.13
1992.42
1992.86
1995.17
1995.45
1995.87
1995.35
1994.15
1991.86
1992.93
1993.96
1994.93
1995.81
1997.35
1996.66
1995.41
1995.97
1996.31
1996.68
1995.95
1996.67
1994.62
1995.43
1994.87
1995.33
1995.28
1993.37
1994.21
1994.07
1996.25
1996.31
1998.27
1998.09
1998.8
1997.11
1997.48
1998.21
1996.71
1996.11
1995.84
1995.4
1996.23
1997.73
1996.76
1997.21
1997.46
1995.81
1995.58
1996.26
1996.26
1996.76
1996.05
1997.28
1997.31
1996.63
1996.18
1994.62
1994.08
1993.95
1995.38
1994.85
1994.89
1994.53
1995.22
1996.38
1995.21
1994.23
1994.57
1994.4
1994.61
1993.22
1990.38
1989.56
1989.67
1990.54
1990.38
1990.83
1990.65
1990.82
1990.77
1991.33
1993.21
1992.53
1992.65
1992.73
1991.85
1990.43
1988.98
1991.37
1990.26
1989.94
1989.35
1989
1989.73
1990.11
1989.79
1990.68
1990.1
1990.09
1990.29
1989.99
1989.95
1988.21
1986.69
1986.22
1986.4
1987.02
1985.96
1986.61
1987.14
1988.07
1989.34
1988.01
1988.01
1985.96
1984.24
1983.46
1983.3
1982.28
1980.44
1978.83
1978.89
1978.66
1982.34
1980.93
1980.06
1982.12
1980.69
1978.8
1978
1977.22
1975.72
1975.75
1973.75
1981.31
1981.71
1982.14
1985.33
1988.12
1986.31
1987.06
1987.33
1985.37
1986.82
1986.49
1985.2
1984.68
1984.76
1985.61
1985.38
1985.32
1984.71
1985.8
1986.53
1987.04
1987.48
1987.08
1987.03
1984.2
1985.52
1984.08
1983.08
1983.24
1983.21
1982.89
1984.44
1983.79
1983.32
1984.07
1985.87
1984.43
1982.7
1982.75
1982.84
1982.25
1981.99
1981.67
1981.54
1980.63
1979.46
1979.36
1980.92
1981.03
1981.86
1981.22
1982.28
1983.48
1984.04
1984.13
1983.54
1982.54
1985.06
1984.39
1985.38
1985.79
1986.95
1986.92
1986.59
1986.47
1985.57
1986
1986.25
1985.94
1985.19
1985.52
1985.07
1985.56
1985.31
1984.34
1984.89
1985.52
1985.69
1986.57
1986.54
1985.88
1986.54
1986.59
1986.45
1986.09
1986.1
1985.36
1985.41
1985.71
1986.75
1987.98
1987.9
1988.47
1990.02
1990.32
1990.96
1990.6
1990.41
1991.46
1991.65
1990.36
1990.81
1990.71
1995.87
1995.35
1995.55
1994.93
1995.17
1996.54
1996.01
1995.22
1994.23
1994.69
1995.63
1996.47
1997.83
1999.75
1999.67
1999.49
1999.34
1998.69
1997.99
1997.81
1997.92
1996.82
1996.99
1996.7
1996.02
1997.21
1995.14
1995.92
1995.64
1995.6
1995.56
1994.94
1995.14
1994.63
1994.57
1994.66
1993.79
1993.93
1992.95
1992
1991.72
1992.03
1992.17
1991.08
1991.91
1992.61
1993.27
1993.23
1993.11
1992.51
1991.34
1991.85
1992.49
1989.93
1989.94
1990.88
1990.2
1990.07
1990.53
1990.22
1990.83
1990.82
1991.15
1992.23
1992.9
1994.45
1993.73
1993.41
1993
1993.38
1993.54
1993.84
1993.45
1994.34
1994.16
1993.87
1993.77
1993.22
1993.04
1993.94
1993.89
1994.11
1993.99
1993.71
1993.21
1992.65
1992.6
1993.16
1993.63
1993.65
1993.46
1993.24
1993.83
1994.43
1994.72
1994.37
1994.01
1993.24
1993.19
1993.53
1993.59
1993.47
1994.17
1994.12
1994.08
1994.61
1995.54
1995.45
1994.26
1994.61
1994.98
1995.12
1995.05
1995.3
1995.14
1994.82
1995.32
1995.05
1994.03
1993.77
1992.38
1992.38
1992.9
1993.16
2007.07
2005.52
2007.1
2008.32
2008.26
2008.64
2008.81
2007.27
2006.9
2006.95
2004.43
2003.79
2004.01
2005.14
2006.51
2007.3
2007.64
2007.72
2007.79
2001.64
2000.08
2002.61
2001.16
2001.83
1998.32
1998.4
1999.37
1998.77
1997.69
1997.35
1998.62
1999.58
2001.74
2002.16
2001.72
2001.72
2002.45
1998.78
1998.08
1993.53
1992.64
1992.91
1995.76
1994.78
1995.82
1996.53
1995.21
1995.61
1995.01
1996.13
1995.65
1996.87
1998
2001.11
2000.13
2000.07
2003.12
2003.99
2003.62
2002.59
2002.56
2002
2002.8
2002.77
2004.6
2005.5
2008
2010.24
2008.54
2009.95
2012.22
2009.5
2009.41
2009.35
2007.85
2007.85
2009.52
2010.2
2013.63
2012.65
2013.93
2014.6
2014.02
2013.44
2015.03
2016.2
2016.05
2015.12
2014.23
2012.89
2014.26
2013.52
2010.48
2011.7
2012.29
2012.72
2012.44
2032.55
2034.97
2035.2
2035.15
2035.96
2035.96
2038.53
2038.7
2039.87
2038.93
2039.21
2039.72
2039.51
2038.32
2037.97
2038.69
2039.8
2039.85
2039.85
2040.31
2040.32
2040.32
2041.49
2043.75
2042.09
2042.22
2042.65
2042.93
2043.37
2042.41
2042.41
2043.67
2045.29
2045.02
2045.79
2046.29
2045.97
2045.54
2045.06
2045.16
2044.25
2044.57
2043.55
2043.33
2044.12
2043.23
2043.56
2042.79
2042.61
2042.05
2041.85
2042.19
2040.9
2041.89
2042
2042
2040.98
2040.52
2040.61
2039.31
2039.57
2039.56
2039.56
2040.2
2040.57
2040.31
2039.81
2039.16
2039.34
2040.55
2041.06
2041.38
2041.81
2041.22
2040.18
2040.32
2040.06
2039.71
2038.88
2037.27
2037.29
2036.13
2036.84
2037.48
2037
2036.16
2034.52
2033.9
2033.9
2033.14
2034.52
2034.14
2034.47
2035.9
2036.72
2037.07
2037.69
2038.81
2038.59
2038.76
2038.99
2039.3
2039.3
2039.67
2038.57
2037.71
2037.94
2036.87
2036.77
2036.69
2037.92
2037.11
2037.33
2038.34
2038.38
2038.68
2038.9
2039.74
2039.01
2038.73
2038.73
2038.62
2038.57
2038.88
2038.56
2038.53
2038.98
2038.98
2041.17
2042.53
2042.53
2042.69
2042.58
2042.9
2041.97
2042.3
2042.62
2043.39
2043.48
2044.02
2043.29
2043.51
2043.46
2044.33
2043.7
2043.42
2043.58
2043.59
2043.62
2043.98
2041.8
2041.8
2042.26
2042.85
2043.86
2043.66
2043.16
2043.36
2043.22
2042.85
2042.81
2043.23
2043.94
2044.63
2044.86
2045.11
2045.39
2047.24
2046.82
2047.12
2047.22
2047.55
2047.73
2046.95
2046.95
2046.95
2046.4
2046.62
2046.32
2046.67
2046.09
2046.05
2045.94
2045.74
2045.55
2045.14
2045.21
2045.31
2045.76
2046.05
2045.75
2046.11
2047.5
2047.55
2048.05
2048.33
2047.57
2048.01
2047.82
2048.07
2047.98
2047.48
2047.92
2049.01
2048.85
2048.72
2048.52
2048.01
2048.03
2047.84
2047.59
2047.4
2047.4
2047.15
2047.38
2048.2
2047.94
2047.46
2047.58
2047.59
2047.43
2047.99
2048.24
2047.85
2048.25
2048.3
2047.97
2047.7
2047.53
2047.53
2045.82
2045.82
2046.02
2045.68
2045.22
2044.9
2044.76
2044.86
2045.62
2045.58
2044.99
2045.42
2045.65
2045.46
2046.32
2046.32
2046.94
2046.82
2046.23
2045.98
2046.2
2045.98
2044.89
2045.14
2045.08
2045.2
2045
2043.71
2042.89
2042.75
2043.93
2044.61
2044.97
2044.78
2044.58
2044.58
2044.96
2046.25
2045.47
2046.27
2046.06
2045.68
2045.42
2046.02
2044.91
2044.21
2043.75
2043.47
2044.13
2050.29
2050.29
2049.53
2049.53
2049.43
2049.77
2048.6
2049.36
2050.71
2050.49
2051.35
2051.14
2052.44
2054.35
2054.04
2053.42
2053.08
2052.68
2052.34
2052.34
2054.51
2055.83
2056.64
2057.31
2058.01
2059.74
2059.4
2062.61
2062.41
2063.03
2063.81
2062.96
2066.87
2066.03
2065.14
2065.93
2067.25
2068.04
2069.13
2068.73
2069.94
2068.73
2068.45
2069.53
2069.39
2069.59
2069.31
2070
2069.49
2068.66
2068.65
2066.79
2067.2
2067.78
2067.9
2068.42
2068.79
2067.44
2068.45
2069.29
2068.02
2067.61
2067.56
2066.4
2067.1
2067.18
2066.99
2066.49
2066.18
2068.28
2069.03
2068.18
2067.48
2066.31
2066.31
2065.86
2064.89
2064.29
2065.44
2065.28
2065.66
2066.2
2067.01
2067.63
2066.56
2066.1
2066.68
2066.03
2066.48
2065.55
2065.85
2065.92
2065.57
2065.77
2066.09
2066.51
2067.04
2066.98
2066.62
2066.77
2067.31
2066.63
2066.45
2066.79
2066.6
2067.06
2066.69
2066.49
2066.82
2067.96
2067.53
2068.46
2067.76
2067.71
2066.99
2066.27
2066.47
2067.19
2067.16
2066.35
2066.41
2066.88
2066.9
2066.79
2067.21
2067.09
2066.97
2066.63
2066.58
2066.2
2065.79
2066.05
2066.41
2066.07
2066.14
2066.33
2066.58
2066.18
2065.95
2064.32
2064.6
2064.54
2064.83
2064.81
2064.3
2064.08
2063.46
2064.6
2064.26
2063.63
2064.34
2064.01
2063.86
2063.73
2064.61
2064.4
2064.09
2063.86
2063.69
2063.46
2062.68
2062.16
2061.92
2062.48
2062.86
2063.03
2063.19
2063.19
2062.62
2062.92
2063.01
2063.07
2063.7
2063.48
2063.7
2063.67
2063.8
2063.97
2063.83
2063.67
2063.45
2064.17
2064.19
2064.59
2064.22
2064.36
2064.65
2065.65
2066.05
2065.75
2066.13
2065.93
2065.83
2065.26
2064.88
2064.8
2064.33
2064.57
2064.57
2064.56
2064.67
2064.33
2064.13
2064.21
2063.76
2063.79
2063.65
2063.7
2063.55
2063.77
2063.76
2064.41
2064.65
2064.72
2064.44
2064.46
2064.88
2065.21
2065.65
2066.12
2065.95
2065.91
2065.85
2065.99
2066.06
2066.69
2066.74
2066.1
2065.66
2065.62
2065.71
2065.52
2065.61
2065.7
2065.93
2065.84
2066.19
2066.61
2066.24
2066.71
2066.62
2066.42
2066.62
2066.65
2066.54
2066.69
2066.99
2066.95
2066.72
2066.35
2066.75
2066.84
2066.93
2066.95
2066.92
2066.71
2066.56
2066.85
2067.22
2067.33
2067.74
2069
2069.14
2068.88
2069.35
2069.28
2068.99
2068.58
2068.58
2068.73
2068.57
2068.12
2068.1
2068.29
2067.93
2068.19
2068.21
2068.18
2068.22
2068.64
2068.8
2068.9
2069.12
2069.71
2069.9
2069.66
2069.59
2069.29
2069.12
2069.01
2069.31
2069.39
2069.48
2070.27
2070.71
2070.91
2071.3
2071.69
2071.69
2071.72
2072.58
2073.2
2074.26
2074.94
2074.7
2075.18
2075.67
2075.39
2075.78
2075.27
2075.79
2075.52
2075.41
2075.43
2075.41
2074.75
2073.65
2073.27
2073.75
2074.41
2074.29
2073.33
2072.67
2071.91
2073.45
2075.07
2075.27
2074.88
2074.94
2074.69
2074.98
2075.79
2075.23
2075.24
2075.12
2074.75
2074.44
2074.74
2074.57
2075.19
2075.87
2076.01
2077.08
2076.56
2077.05
2076.71
2077
2077.16
2077.83
2076.64
2077
2077.32
2077.32
2076.46
2075.47
2075.42
2074.6
2073.85
2074.55
2073.92
2073.4
2073.12
2073.62
2072.39
2071.7
2070.27
2071.89
2072.87
2072.3
2071.72