114.63
115.07
118.93
119
117.6
118.63
116.47
116.31
114.67
115.47
113.99
114.18
112.82
111.25
109.7
108.83
109.01
108.7
108.86
108.6
109.4
108
106.98
107.34
106.74
105.11
105.22
104.83
102.99
102.47
99.76
97.67
96.26
97.54
98.75
99.81
100.73
101.02
100.8
98.75
99.62
99.62
99.9
99.18
100.75
100.11
100.75
97.87
101.75
102.64
101.06
100.96
101.79
101.58
100.86
101.63
101.66
101.43
101
97.99
98.36
98.97
98.12
98.94
103.3
102.5
102.25
102.13
100.89
101.54
101.32
100.58
100.57
100.53
99.16
97.98
97.5
97.24
95.97
95.99
94.74
94.48
94.96
95.12
95.59
96.13
95.6
98.15
98.38
99.02
97.67
97.03
97.19
94.72
93.94
94.43
93.09
94.78
95.32
96.45
95.22
95.04
95.39
95.35
95.97
94.03
93.48
93.52
92.93
91.98
90.9
90.36
90.28
90.83
90.91
91.86
92.18
92.08
92.2
91.28
92.29
93.86
94.25
93.7
645.57
647.35
644.82
637.54
628.65
633
635.38
624.01
625.63
614.13
607.27
606.31
604.71
604.59
597.51
588.82
593.87
593.76
592.83
585.54
587.99
592.33
594.41
600.96
592.58
591.48
590.09
592.33
594.09
571.94
567.77
524.75
531.7
531.17
524.94
519.01
517.96
521.68
519.61
523.48
530.32
523.44
523.47
531.82
538.79
542.55
541.65
536.74
536.86
537.46
539.78
544.99
539.19
532.87
528.7
531.26
531.4
526.74
524.69
530.65
536.61
536.09
530.92
530.44
530.75
532.36
531.24
527.76
526.24
527.67
517.35
522.06
527.55
525.25
531.15
537.37
545.99
543.99
544.43
535.92
535.96
528.99
519.68
512.51
512.59
508.79
501.53
500.6
499.78
500.75
506.5
550.5
546.07
556.18
551.51
549.07
540.67
554.25
557.36
546.39
535.73
532.94
536.52
543.46
540.04
543.93
540.98
553.13
561.02
554.52