75.46
75.1
77.7
77.62
75.63
74.01
73.75
73.6
73.33
74.34
74.24
74.88
74.25
74.72
74.61
75
75.6
75.26
74.83
75.76
73.88
74.99
74.11
75.86
80.77
80.28
80.67
80.04
78.37
78.69
76.95
75.95
72.63
73.21
73.59
72.99
72.91
75.91
77.52
76.29
77.56
77.44
77.08
76.55
79.04
79
78.79
77.22
78.54
78.29
76.8
77.91
77
76.43
76.08
74.58
77.48
77.92
77.43
76.67
77.89
77.26
75.95
75.83
76.68
74.82
73.86
74.63
75.96
75.02
74.57
74.57
74.81
75.29
74.59
73.63
74.3
73.77
72.83
73.44
73.06
73.17
72.47
72.69
73.51
72.36
72.65
74.68
73.71
74.92
75.19
74.98
71.29
69.27
69.4
68.42
66.41
67.66
67.17
67.9
66.34
64.87
64.97
62.76
65.29
66.29
66.45
68.06
67.29
67.6
67.13
67.44
65.72
65.37
64.5
64.34
65.6
64.4
64.19
64.5
64.29
65.78
65.77
62.88
62.5
63.19
63.34
62.87
63.08
63.3
63.83
63.51
63.48
61.35
60.52
60.49
58.56
59.21
58.02
57.92
59.23
59.83
59.83
57.24
56.76
57.39
58.53
61.22
60.46
61.15
59.78
58.15
56.14
57.71
60.87
61.36
63.03
61.24
58.94
59.72
59.09
58.89
58.53
59.16
62.41
58.19
56.95
56.75
59.49
62.72
62.62
60.24
60.01
60.97
60.39
64.89
64.1
67.24
66.97
68.24
69.19
68.74
67.72
68.83
70.88
70.1
72.03
69.8
70.84
71.57
68.8
67.41
68.46
68.94
69.26
69.85
70.78
68.59
69.63
68.06
67.3
67.09
67.33
64.45
64.85
63.55
64.32
62.16
62.19
62.75
61.48
62.57
61.08
53.53
55.14
53.55
54.45
56.63
57.51
58.51
56.3
57.19
57.6
57.74
55.91
57.94
57.22
58.23
57.92
57.2
54.56
54.71
54.65
53.71