48.46
48.62
47.81
47.75
47.47
47.59
47.98
48.7
48.22
48.74
49.46
49.58
49.61
48.78
48.87
48.89
48.68
48.7
47.86
47.57
47.44
46.95
46.05
46.62
46.49
45.91
46.13
45.02
44.38
44.88
44.08
43.63
42.74
43.22
43.73
43.65
44.03
45.85
46.78
45.53
46.09
46.09
45.76
45.9
46.36
46.44
46.41
46.04
47.08
46.56
47.06
47.52
46.68
46.52
46.76
46.24
46.7
47
46.84
46.76
46.47
45.91
45.26
44.96
45.09
45.43
44.88
44.87
45.01
45.17
45.15
45.22
44.95
45.33
45.11
44.79
44.27
44.08
43.52
43.2
43.2
43.23
42.74
43.08
43.37
42.86
43.16
43.58
43.89
43.97
44.5
44.4
44.87
44.83
44.84
44.69
44.53
44.08
42.45
42.14
42.09
41.69
41.67
41.78
41.99
41.8
41.9
41.87
41.7
42.25
41.72
42.03
41.75
41.99
41.68
41.51
41.65
41.68
41.5
41.23
40.58
40.86
41.11
41.27
41.48
41.21
40.32
40.29
40.79
40.94
40.34
40.01
40.19
40.12
40.1
40.35
39.68
39.75
39.83
39.6
40.24
40.42
39.97
39.54
39.64
39.42
39.06
39.43
39.69
40
40.4
40.51
40.87
39.91
39.86
39.69
39.99
39.94
40.01
40.4
39.75
39.18
39.21
39.36
40.47
39.82
39.8
39.87
41.01
41.35
41.42
40.99
40.3
39.36
39.79
40.34
40.5
40.16
40.33
39.27
39.55
38.05
37.7
37.89
38.27
38.02
37.82
37.9
38.15
38.11
38.41
37.78
38.31
37.86
37.47
37.54
37.69
37.98
37.75
37.51
37.42
37.62
37.61
37.47
37.17
36.8
36.56
36.18
35.82
36.35
36.48
37.84
36.86
36.66
36.27
36.03
36.81
36.06
35.93
36.17
36.38
36.89
36.76
35.78
34.98
36.04
35.53
35.76
36.41
36.13
36.91
37.16
37.41
37.29