107.22
107.59
107.56
107.4
107.22
107.82
107.76
107.65
107.18
107.36
107.36
107.51
107.51
107.5
107.41
107.15
107.09
106.82
107.05
107.26
106.91
107.1
107.15
107.09
106.93
107.19
107.08
107.31
107.3
107.25
107.29
107.22
107.25
107.35
107.52
107.19
107.55
107.54
107.28
107.4
107.47
107.04
106.92
106.99
106.97
107.09
107.1
106.96
107.34
107.27
107.22
107.11
107.22
107.24
107.12
107.18
107.26
107.29
107.2
107.17
107.16
107.17
107.1
106.97
106.83
106.79
107.01
106.96
106.91
107.01
106.98
107.1
106.92
106.86
106.91
106.85
106.87
106.76
106.91
106.75
106.67
106.6
106.66
106.65
106.53
106.76
106.69
106.85
106.67
106.94
107.04
106.96
106.93
107
106.95
107.08
107.02
107.06
107.01
106.91
107.1
107.17
107.3
107.26
106.9
107.3
107.19
107.18
107.29
107.13
107.18
107.11
107.16
107.16
107.15
107.2
107.17
107.09
107.11
107.06
107.14
107.12
107.04
106.92
106.9
106.95
106.87
106.86
106.82
106.87
106.89
106.83
107
106.97
106.87
106.96
106.83
107.01
106.96
106.94
106.97
107.05
107.07
107.1
107.06
107.06
107.03
107.03
107.25
107.25
107.06
107.31
107.26
107.18
107.11
107.17
107.22
107.16
107.25
107.24
107.3
107.38
107.33
107.33
107.24
107.32
107.25
107.29
107.29
107.61
107.67
107.68
107.72
107.72
107.79
107.62
107.82
107.87
107.64
107.9
107.9
107.77
107.96
107.81
107.83
107.83
107.85
107.9
107.88
107.87
107.94
107.96
107.82
107.89
107.95
107.94
107.87
107.83
107.81
107.86
107.88
107.91
108.01
107.85
108
107.83
108.03
108.13
108.15
108.16
107.96
107.93
108.24
108.29
108.28
108.44
108.48
108.4
108.38
108.32
108.38
108.36
108.36
108.45
108.34
108.34
108.4
108.41
108.46
108.47
108.58
108.52
108.51
108.57
108.53
108.58
108.54
108.54
108.62
108.64
108.53
108.62
108.59
108.58
108.57
108.56
108.67
108.68
108.62
108.55
108.56
108.47
108.53
108.49
108.62
108.53
108.55
108.39
108.4
108.41
108.41
108.42
108.5
108.41
108.46
108.48
108.44
108.58
108.55
108.45
108.63
108.46
108.6
108.64
108.6
108.71
108.6
108.61
108.64
108.59
108.65
108.73
108.68
108.72
108.75
109.12
109.47
109.06
108.95
108.95
109.14
108.9
109.27
109.15
108.89
108.96
109
108.95
108.86
108.91
109.04
108.96
109.01
108.94
109.06
109.32
109.28
109.19
109.39
109.42
109.42
109.34
109.25
109.39
109.35
109.23
109.31
109.43
109.68
109.82
109.21
109.14
110.05
110.04
109.18
109.95
109.97
109.89
110.08
109.91
109.97
109.98
110
110
110
109.96
110.04
110.04
110
110.04
110.06
110.09
110.12
110.11
110.41
110.39
110.41
110.55
110.49
110.51
110.42
110.56
110.73
110.64
110.43
110.79
110.84
110.92
110.8
110.86
110.81
110.82
110.92
111.02
110.93
110.89
110.72
110.75
110.87
110.79
110.7
110.6
110.68
110.96
110.38
110.49
110.5
110.59
110.53
110.55
110.6
110.54
110.43
110.41
110.36
110.37
110.38
110.56
110.54
110.56
110.64
110.66
110.74
110.8
110.86
110.72
110.72
110.77
110.79
110.84
110.8
110.66
110.66
110.76
110.6
110.56
110.78
110.59
110.57
110.58
110.63
110.62
110.55
110.58
110.69
110.73
110.7
110.69
110.72
110.65
110.6
110.6
110.59
110.6
110.62
110.62
110.62
110.53
110.57
110.52
110.56
110.57
110.53
110.57
110.52
110.57
110.5
110.61
110.63
110.69
110.61
110.6
110.6
110.63
110.56
110.5
110.45
110.43
110.4
110.42
110.4
110.41
110.4
110.36
110.41
110.38
110.38
110.38
110.42
110.43
110.36
110.36
110.36
110.36
110.29
110.28
110.32
110.3
110.31
110.26
110.17
110.14
110.14
109.83
109.76
109.82
109.75
109.74
109.97
109.97
109.96
109.94
109.89
109.97
110
110.01
109.97
109.99
109.97
109.97
110.12
110.11
110.06
110.03
109.95
110.04
109.96
110.07
110.03
109.99
110.01
110.03
109.95
110.09
110.03
110.05
110.08
110.07
109.83
109.88
109.82
109.67
109.85
109.75
109.71
109.71
109.64
109.65
109.8
109.8
109.71
109.76
109.78
109.82
109.85
109.83
109.82
109.87
109.85
109.68
109.83
109.81
109.72
109.76
109.63
109.73
109.48
109.45
109.46
109.31
109.46
109.45
109.35
109.39
109.39
109.46
109.38
109.41
109.45
109.36
109.39
109.27
109.51
109.73
109.74
109.74
109.61
109.65
109.71
109.71
109.73
109.84
109.85
109.66
109.84
109.87
109.78
109.7
109.72
109.86
109.78
109.79
109.71
109.85
109.87
109.83
109.79
109.63
109.84
109.86
109.83
109.77
109.96
109.93
109.92
109.95
109.97
110.05
109.94
109.99
110.03
110
110.05
110.18
110.17
110.09
109.98
110.06
110.02
110
109.9
109.92
109.81
109.95
109.95
109.98
109.82
109.83
110
110
109.89
109.96
109.93
109.93
109.94
109.92
109.97
109.82
109.82
109.94
109.86
109.85
109.86
109.85
109.83
109.82
109.78
109.76
109.72
109.7
109.69
109.7
109.69
109.69
109.65
109.64
109.79
109.54
109.44
109.47
109.49
109.49
109.52
109.52
109.6
109.52
109.54
110.54
110.57
110.4
110.44
110.59
110.35
110.7
110.63
110.64
110.59
110.56
110.56
110.66
110.74
110.8
110.75
110.73
110.76
110.78
110.66
110.76
110.81
110.77
110.71
110.81
110.83
110.78
110.75
110.77
110.82
110.99
111.04
111.14
111.14
111.16
111.16
111.26
111.26
111.26
111.1
111
111.07
111.06
111.04
111.1
111.1
111.01
111.1
111.14
111.15
111.25
111.26
111.38
111.43
111.39
111.43
111.44
111.49
111.44
111.37
111.47
111.47
111.42
111.42
111.42
111.47
111.46
111.52
111.56
111.56
111.57
111.6
111.65
111.66
111.6
111.53
111.45
111.55
111.39
111.42
111.43
111.5
111.47
111.55
111.42
111.51
111.52
111.52
111.52
111.52
111.42
111.47
111.4
111.29
111.52
111.22
111.28
111.26
111.29
111.26
111.23
111.3
111.36
111.35
111.42
111.5
111.59
111.6
111.63
111.66
111.64
111.59
111.6
111.57
111.6
111.52
111.48
111.48
111.5
111.43
111.41
111.39
111.39
111.36
111.34
111.4
111.32
111.34
111.38
111.42
111.25
111.32
111.38
111.48
111.47
111.46
111.43
111.31
111.27
111.36
111.39
111.19
111.33
111.32
111.25
111.23
111.32
111.25
111.34
111.33
111.3
111.25
111.3
111.34
111.29
111.33
111.33
111.35
111.23
111.17
111.21
111.22
111.21
111.19
111.19
111.2
111.13
111.17
111.2
111.3
111.18
111.29
111.29
111.34
111.32
111.32
111.39
111.39
111.36
111.39
111.43
111.42
111.36
111.4
111.4
111.39
111.41
111.43
111.44
111.39
111.42
111.44
111.46
111.5
111.5
111.55
111.51
111.47
111.44
111.53
111.44
111.52
111.51
111.5
111.57
111.62
111.61
111.58
111.61
111.6
111.62
111.68
111.62
111.76
111.68
111.7
111.72
111.74
111.62
111.69
111.81
111.76
111.79
111.81
111.86
111.79
111.95
111.88
111.96
112.06
112.08
112.08
112.4
112.45
112.33
112.25
112.17
112.46
112.11
112.17
112.06
112.07
112.1
112.15
112.09
112.12
112.23
112.23
112.33
112.25
