51.44
51.41
51.4
51.47
51.44
51.3
51.21
51.17
51.15
51.2
51.42
51.19
51.2
51.23
51.19
51.18
51.13
51.08
51.03
51.24
50.92
50.94
50.92
50.9
51.09
50.92
50.92
50.87
50.96
50.87
50.92
50.83
50.87
50.92
50.86
50.85
50.84
50.92
50.93
50.92
50.9
50.88
50.75
50.68
50.7
50.67
50.77
50.75
50.76
50.76
50.79
50.81
50.77
50.81
50.81
50.74
50.76
50.66
50.63
50.56
50.53
50.53
50.55
50.53
50.47
50.4
50.42
50.45
50.48
50.49
50.51
50.55
50.47
50.58
50.59
50.56
50.55
50.55
50.56
50.55
50.55
50.55
50.55
50.56
50.57
50.55
50.54
50.55
50.56
50.56
50.65
50.62
50.62
50.6
50.59
50.58
50.55
50.6
50.64
50.64
50.54
50.53
50.62
50.49
50.57
50.57
50.49
50.46
50.42
50.46
50.43
50.45
50.49
50.49
50.55
50.56
50.56
50.43
50.46
50.45
50.48
50.5
50.5
50.47
50.44
50.45
50.46
50.42
50.37
50.34
50.29
50.33
50.36
50.4
50.33
50.35
50.36
50.41
50.42
50.42
50.41
50.41
50.43
50.43
50.41
50.42
50.44
50.4
50.4
50.46
50.43
50.42
50.45
50.45
50.44
50.44
50.44
50.44
50.43
50.44
50.46
50.45
50.52
50.43
50.51
50.5
50.48
50.49
50.47
50.47
50.35
50.41
50.36
50.42
50.42
50.43
50.47
50.45
50.36
50.43
50.42
50.42
50.43
50.44
50.45
50.44
50.43
50.42
50.42
50.44
50.43
50.46
50.46
50.5
50.47
50.45
50.45
50.47
50.47
50.47
50.46
50.46
50.54
50.59
50.44
50.57
50.59
50.59
50.6
50.62
50.65
50.61
50.53
50.62
50.65
50.65
50.62
50.62
50.63
50.64
50.64
50.64
50.63
50.63
50.63
50.61
50.63
50.64
50.67
50.64
50.69
50.75
50.76
50.76
50.76
50.76
50.74
50.72
50.72
50.75
50.74
50.67
50.7
50.69
50.67
50.67
50.7
50.7
50.69
50.67
50.67
50.68
50.64
50.66
50.69
50.63
50.69
50.6
50.51
50.53
50.57
50.54
50.56
50.57
50.6
50.59
50.56
50.59
50.6
50.62
50.61
50.64
50.65
50.58
50.64
50.63
50.62
50.62
50.61
50.64
50.58
50.61
50.63
50.61
50.62
50.63
50.53
50.48
50.46
50.44
50.42
50.53
50.41
50.37
50.3
50.34
50.35
50.34
50.42
50.37
50.43
50.4
50.49
50.41
50.46
50.47
50.57
50.47
50.45
50.49
50.46
50.45
50.48
50.42
50.32
50.47
50.42
50.35
50.38
50.36
50.37
50.37
50.35
50.44
50.45
50.45
50.45
50.49
50.49
50.53
50.5
50.49
50.54
50.55
50.55
50.47
50.55
50.5
50.53
50.53
50.53
50.51
50.52
50.54
50.54
50.54
50.56
50.56
50.58
50.61
50.64
50.63
50.56
50.77
50.81
50.84
50.87
50.86
50.94
50.95
50.97
50.99
50.99
51
51.05
51.05
51.07
50.99
51.01
50.99
50.97
50.98
50.98
51.01
50.99
50.93
50.93
50.99
50.98
50.98
50.88
50.86
50.83
50.83
50.96
50.77
50.92
50.77
50.79
50.8
50.77
50.83
50.72
50.78
50.79
50.78
50.78
50.77
50.85
50.81
50.83
50.88
50.86
50.83
50.86
50.87
50.88
50.88
50.91
50.92
50.91
50.96
50.95
50.98
50.98
50.94
50.95
50.93
50.94
50.96
50.97
50.92
50.91
50.92
50.89
50.89
50.9
50.92
50.92
50.92
50.93
50.92
50.84
50.87
50.9
50.88
50.86
50.97
50.98
50.99
50.97
50.98
50.93
50.93
50.93
50.94
50.89
50.91
50.92
50.93
50.92
50.94
50.94
50.92
50.94
50.9
50.88
50.85
50.83
50.83
50.83
50.79
50.79
50.8
50.79
50.8
50.79
50.8
50.83
50.81
50.83
50.82
50.82
50.83
50.77
50.72
50.73
50.71
50.7
50.75
50.73
50.71
50.71
50.73
50.78
50.73
50.73
50.76
50.77
50.84
50.83
50.83
50.86
50.88
50.87
50.86
50.86
50.88
50.89
50.88
50.9
50.85
50.89
50.82
50.86
50.85
50.78
50.81
50.79
50.81
50.71
50.77
50.65
50.66
50.64
50.61
50.62
50.6
50.56
50.62
50.64
50.65
50.64
50.62
50.62
50.65
50.67
50.63
50.69
50.67
50.66
50.65
50.67
50.68
50.69
50.69
50.7
50.66
50.65
50.65
50.63
50.67
50.61
50.59
50.63
50.65
50.62
50.63
50.62
50.67
50.64
50.58
50.62
50.62
50.62
50.69
50.64
50.7
50.69
50.68
50.66
50.71
50.71
50.69
50.73
50.72
50.76
50.75
50.71
50.7
50.72
50.73
50.7
50.72
50.71
50.73
50.74
50.73
50.72
50.71
50.72
50.74
50.73
50.73
50.73
50.78
50.81
50.83
50.84
50.83
50.83
50.83
50.81
50.82
50.8
50.8
50.8
50.78
50.82
50.81
50.79
50.78
50.76
50.75
50.73
50.77
50.76
50.79
50.81
50.83
50.85
50.81
50.84
50.85
50.84
50.85
50.87
50.85
50.8
50.79
50.85
50.84
50.84
50.82
50.81
50.84
50.84
50.83
50.83
50.86
50.86
50.86
50.88
50.87
50.89
50.9
50.9
50.89
50.9
50.9
50.9
50.9
50.88
50.89
50.88
50.87
50.84
51.29
51.37
51.37
51.35
51.43
51.27
51.53
51.53
51.55
51.58
51.6
51.56
51.57
51.69
51.72
51.74
51.74
51.77
51.78
51.79
51.77
51.83
51.78
51.81
51.85
51.75
51.86
51.78
51.88
51.84
51.83
51.89
51.88
51.88
51.84
51.83
51.83
51.83
51.83
51.75
51.75
51.73
51.72
51.79
51.75
51.79
51.73
51.75
51.75
51.77
51.76
51.78
51.78
51.82
51.83
51.83
51.8
51.77
51.77
51.83
51.83
51.76
51.76
51.74
51.74
51.78
51.73
51.75
51.78
51.75
51.74
51.72
51.72
51.68
51.68
51.68
51.63
51.63
51.56
51.64
51.56
51.63
51.54
51.55
51.56
51.55
51.51
51.55
51.54
51.48
51.5
51.54
51.49
51.48
51.51
51.52
51.54
51.5
51.56
51.49
51.54
51.54
51.53
51.54
51.58
51.57
51.63
51.65
51.65
51.62
51.63
51.63
51.67
51.66
51.67
51.66
51.65
51.65
51.67
51.69
51.69
51.68
51.72
51.71
51.68
51.67
51.67
51.67
51.68
51.7
51.71
51.65
51.69
51.69
51.7
51.72
51.75
51.74
51.68
51.63
51.68
51.66
51.73
51.66
51.68
51.65
51.73
51.73
51.77
51.81
51.77
51.77
51.76
51.79
51.74
51.72
51.77
51.72
51.73
51.63
51.64
51.67
51.69
51.7
51.68
51.69
51.64
51.64
51.64
51.68
51.7
51.64
51.66
51.68
51.71
51.76
51.72
51.75
51.78
51.8
51.8
51.8
51.76
51.83
51.78
51.83
51.85
51.87
51.85
51.85
51.85
51.81
51.81
51.86
51.88
51.91
51.91
51.88
51.86
51.87
51.87
51.88
51.87
51.89
51.9
51.96
51.9
51.9
51.99
51.96
51.94
51.98
52.07
52.04
52.06
52.05
52.06
52.03
52.03
52
52.11
52.09
52.12
52.1
52.1
52.1
52.08
52.13
52.15
52.21
52.19
52.19
52.22
52.2
52.2
52.15
52.2
52.13
52.24
52.26
52.28
52.27
52.24
52.25
52.22
52.25
52.24
52.26
52.28
52.3
