98.15
98.04
97.87
98.03
97.72
97.59
97.7
97.87
98.19
97.96
98.28
98.16
98.24
98.24
98.59
98.54
98.36
98.31
98.18
98.14
98.09
98.35
98.3
98.51
98.13
98.04
98.31
98.33
98.48
98.43
98.71
98.66
98.6
98.6
98.66
98.78
98.74
98.83
98.74
98.85
98.76
98.82
98.6
98.47
98.45
98.57
98.6
98.62
98.7
98.76
98.78
98.88
98.88
98.67
98.77
98.79
98.96
98.88
98.77
98.68
98.77
98.81
98.79
98.68
98.5
98.45
98.39
98.36
98.55
98.58
98.46
98.69
98.46
98.62
98.72
98.81
98.9
98.91
98.84
98.78
98.89
98.76
98.77
98.9
98.55
98.58
98.55
98.69
98.63
98.84
98.71
98.77
98.74
98.7
98.65
98.64
98.75
98.79
98.66
98.72
98.7
98.74
98.72
98.78
98.86
98.88
98.92
98.95
98.82
98.83
98.73
98.75
98.85
98.85
98.83
98.9
98.77
98.82
99.08
98.73
99.07
99.07
99.19
99.09
99.11
99.12
99.13
99.05
99.05
99.03
98.94
99.03
99.12
99.08
99.07
98.96
98.95
99.06
99.18
99.27
99.35
99.33
99.35
99.32
99.25
99.37
99.42
99.4
99.4
99.6
99.55
99.57
99.56
99.59
99.65
99.53
99.5
99.49
99.52
99.64
99.68
99.52
99.63
99.55
99.51
99.54
99.56
99.53
99.53
99.51
99.46
99.48
99.51
99.49
99.49
99.56
99.58
99.69
99.75
99.43
99.72
99.72
99.64
99.73
99.7
99.64
99.65
99.58
99.54
99.52
99.55
99.54
99.62
99.6
99.56
99.64
99.6
99.6
99.51
99.58
99.51
99.55
99.62
99.66
99.65
99.64
99.63
99.6
99.6
99.57
99.62
99.51
99.64
99.7
99.58
99.66
99.64
99.56
99.62
99.56
99.51
99.66
99.53
99.53
99.55
99.58
99.53
99.44
99.61
99.6
99.65
99.66
99.62
99.55
99.53
99.64
99.49
99.71
99.58
99.61
99.59
99.59
99.61
99.69
99.72
99.67
99.74
99.67
99.7
99.65
99.6
99.52
99.54
99.64
99.58
99.62
99.6
99.62
99.6
99.62
99.65
99.63
99.62
99.63
99.67
99.73
99.7
99.72
99.85
99.8
99.87
99.88
99.77
99.84
99.82
99.89
99.96
99.98
100.07
100.1
100.12
100.15
100.18
100.16
100.16
100.07
101.09
101.18
101.09
101.17
101.14
101.03
101.07
101.07
101.24
101.04
101.18
101.29
101.41
101.45
101.51
101.81
101.72
101.4
101.83
101.82
102.29
102.4
102.37
102.38
102.41
102.23
102.36
102.28
102.04
101.97
102.32
101.97
102.18
102.25
102.25
102.3
102.33
102.32
102.25
102.27
102.28
102.32
102.33
102.35
102.25
102.35
102.35
102.29
102.32
102.34
102.27
102.29
102.34
102.23
102.22
102.26
102.28
102.25
102.25
102.24
102.24
102.31
102.32
102.3
102.32
102.27
102.45
102.62
102.29
102.58
102.34
102.87
102.81
102.85
102.81
102.79
102.76
102.84
102.78
102.81
102.75
102.73
102.7
102.61
102.64
102.76
102.72
102.76
102.76
102.73
102.77
102.78
102.78
102.72
102.62
102.66
102.69
102.66
102.59
102.57
102.55
102.61
102.74
102.69
102.74
102.75
102.7
102.83
102.88
102.83
102.78
102.8
102.87
102.85
102.88
102.92
102.9
102.89
102.8
102.94
102.89
102.92
102.94
102.94
102.87
102.99
103
103.03
103.17
103.17
103.21
103.26
103.18
103.22
103.24
103.15
103.1
103.13
103.06
103.21
103.21
103.24
103.17
103.17
103.14
103.19
103.15
103.24
103.23
103.18
103.24
103.33
103.33
103.37
103.32
103.38
103.34
103.36
103.37
103.35
103.33
103.32
103.33
103.36
103.31
103.33
103.43
103.4
103.36
103.45
103.42
103.4
103.41
103.4
103.37
103.28
103.33
103.43
103.43
103.41
103.42
103.64
103.63
103.79
103.82
103.49
103.81
103.77
103.62
103.49
103.46
103.5
103.54
103.5
103.43
103.4
103.39
103.26
103.27
103.42
103.43
103.47
103.45
103.5
103.48
103.57
103.65
103.65
103.67
103.64
103.52
103.62
103.78
103.7
103.57
103.64
103.62
103.51
103.51
103.44
103.47
103.47
103.47
103.36
103.47
103.29
103.16
103.14
103.02
102.91
102.87
102.9
102.89
103.18
102.89
102.75
102.8
102.88
102.89
102.9
103.15
103.15
103.09
103.04
103.15
103.18
103.15
103.2
103.4
103.35
103.12
103.16
103.09
103.08
103.04
103.01
102.88
102.79
102.92
103.08
103.13
102.98
103.04
103.16
103.15
103.02
103.09
103.2
103.22
103.31
103.38
103.4
103.34
103.36
103.41
103.55
103.61
103.71
103.7
103.7
103.38
103.65
103.61
103.63
103.43
103.6
103.7
103.76
103.71
103.64
103.54
103.51
103.55
103.56
103.56
103.64
103.7
103.74
103.77
103.69
103.71
103.66
103.65
103.63
103.6
103.62
103.64
103.57
103.57
103.56
103.58
103.55
103.57
103.56
103.51
103.46
103.49
103.51
103.53
103.5
103.5
103.49
103.5
103.5
103.49
103.48
103.53
103.49
103.48
103.49
103.5
103.5
103.32
103.17
103.32
103.28
103.33
103.27
103.15
103.1
103.24
103.24
103.21
103.2
103.21
103.21
103.25
103.24
103.26
103.28
103.4
103.37
103.24
103.2
103.09
103.09
103.14
103.19
103.14
103.33
103.37
103.94
103.99
104.05
104.25
104.32
103.59
104.44
104.5
104.58
104.52
104.39
104.28
104.28
104.37
104.44
104.22
104.21
104.12
104.19
104.11
104.01
103.91
103.83
103.92
103.95
104.02
104.01
103.91
103.93
103.96
103.99
103.97
103.97
103.97
103.7
103.94
103.52
103.37
103.43
103.46
103.44
103.21
103.27
103.36
103.27
103.57
103.58
103.61
103.67
103.75
103.87
103.9
103.93
103.96
104.01
103.95
103.97
104
103.95
103.96
103.91
103.93
103.93
103.84
103.84
103.9
103.8
103.96
103.76
103.99
103.85
103.72
103.83
103.74
103.65
103.65
103.69
103.7
103.71
103.6
103.67
103.74
103.77
103.64
103.85
103.88
103.89
103.92
103.86
103.83
103.9
103.8
103.82
103.76
103.77
103.74
103.79
103.74
103.76
103.65
103.77
103.76
103.79
103.83
103.93
103.93
104
103.97
103.91
103.91
103.97
103.85
103.9
103.9
103.94
103.94
103.85
103.85
103.8
103.86
103.89
103.84
103.92
103.82
103.77
103.85
103.76
103.8
103.81
103.76
103.81
103.76
103.81
103.83
103.85
103.84
103.88
103.89
103.88
103.84
103.71
103.73
103.89
103.72
103.87
103.8
103.72
103.76
103.72
103.58
103.54
103.5
103.5
103.61
103.54
103.58
103.6
103.57
103.49
103.55
103.6
103.57
103.52
103.5
103.5
103.51
103.5
103.54
103.51
103.54
103.67
103.55
103.54
103.54
103.56
103.56
103.6
103.65
103.61
103.61
103.56
103.6
103.61
103.64
103.64
103.58
103.59
103.53
103.64
103.64
103.64
103.65
103.64
103.64
103.73
103.79
103.8
103.76
103.79
103.7
103.78
103.8
103.83
103.9
103.92
103.96
103.98
103.89
103.92
103.9
103.96
103.97
103.97
103.92
103.93
103.99
103.94
103.93
103.9
103.81
103.81
103.81
103.78
103.74
103.92
103.81
103.92
103.9
103.98
103.99
103.96
103.96
103.99
103.97
103.99
103.97
103.95
103.98
104
104.09
104.06
104.04
104.06
104.05
104.05
103.97
103.99
104.02
103.99
103.96
