157.33
156.95
157
157.05
157.06
157.1
157.09
156.97
156.6
156.72
156.68
156.76
156.96
156.97
156.38
156.61
156.02
156.38
155.9
155.75
156.61
155.46
155.37
155.25
155.01
155.05
155.01
155.02
154.85
154.82
155.01
155.07
155.25
155.05
155.4
155.6
155.03
156.21
155.95
155.99
155.22
155.92
155.75
155.41
155.53
155.46
155.53
155.55
155.68
155.65
155.6
155.49
155.36
155.37
155.17
155.09
155.12
154.9
155.67
154.78
154.92
154.81
155.01
154.91
154.93
154.54
154.23
154.31
154.38
154.38
154.29
154.46
154.55
154.46
154.49
154.56
154.53
154.69
154.51
154.53
154.77
154.52
154.54
154.56
154.83
154.53
154.85
155.05
154.99
154.56
155.28
155.41
155.41
155.46
155.43
155.21
155.03
155.13
155.07
155.11
155.15
155.2
155.37
155.07
155.22
155.21
155.1
154.9
154.87
154.9
154.84
154.82
154.73
154.74
154.69
155.01
154.76
154.71
154.69
154.65
154.52
154.6
154.59
154.53
154.54
154.4
154.51
154.52
154.4
154.4
154.31
154.43
154.25
154.41
154.38
154.27
154.37
154.45
154.53
154.45
154.44
154.48
154.5
154.53
154.49
154.52
154.45
154.54
154.25
154.51
154.44
154.44
154.57
154.61
154.64
154.6
154.5
154.59
154.49
154.67
154.57
154.6
154.73
154.74
154.69
154.74
154.68
154.75
154.73
154.63
155.34
155.35
155.41
155.28
155.46
155.34
155.53
155.52
155.5
155.46
155.46
155.43
155.42
155.46
155.49
155.49
155.38
155.46
155.6
155.5
155.4
155.75
155.35
155.74
155.44
155.47
155.71
155.61
155.68
155.57
155.4
155.43
155.53
155.58
155.61
155.52
155.67
155.63
155.51
155.43
155.71
155.91
155.95
155.99
156.24
156.15
156.22
156.16
156.3
156.33
156.26
156.4
156.4
156.17
156.16
156.42
156.47
156.44
156.49
156.4
156.47
156.46
156.37
156.5
156.37
156.45
156.47
156.35
156.39
156.34
156.39
156.36
156.5
156.48
156.38
156.37
156.34
156.37
156.38
156.5
156.54
156.53
156.5
156.51
156.74
156.83
156.79
156.8
156.75
156.78
156.85
156.82
156.79
156.8
156.72
156.68
156.65
156.84
156.7
156.88
156.69
156.7
156.86
156.77
156.63
156.92
156.95
156.92
156.93
156.99
156.95
156.94
156.95
157.08
157.1
157.08
153.22
153.86
152.9
152.42
152.2
152.1
152.07
151.37
151.21
151.14
151.73
151.57
151.61
152.04
151.95
152.02
151.59
151.93
152.29
152.35
152.42
151.89
151.9
152.29
152.1
152.1
152.21
152.01
151.72
151.79
151.75
151.85
151.96
151.6
151.97
151.88
151.77
152.16
152.24
151.8
151.93
152.24
152.12
152.22
152.22
152.2
151.86
151.93
152.13
152.11
151.56
152.18
151.61
151.48
152.22
151.35
151.32
151.45
151.52
151.68
151.6
151.55
151.71
151.57
151.77
151.52
151.65
151.98
152.5
152.33
152.09
152.28
151.71
152.41
152.42
152.29
152.4
152.36
152.38
152.39
152.26
152.28
152.13
152.09
152.21
152.12
152.08
152.42
152.24
152.19
152.33
152.36
152.48
152.36
152.37
152.29
152.42
152.18
152.11
152.1
152.07
152.31
152.37
152.31
151.99
151.81
151.8
151.73
151.81
151.75
151.62
151.62
151.52
151.67
151.77
151.58
151.59
151.49
151.45
151.47
151.36
151.33
151.41
151.44
151.44
151.55
151.53
151.47
151.52
151.32
151.36
151.41
151.44
151.64
151.54
151.3
151.44
151.52
151.37
151.44
151.43
151.43
151.46
151.43
151.51
151.64
151.62
151.62
151.75
151.75
151.73
151.59
151.69
151.62
151.46
151.49
151.32
151.48
151.51
151.5
151.48
151.5
151.35
151.45
151.35
151.32
151.35
151.49
151.33
151.3
151.37
151.2
151.41
151.29
151.27
151.2
151.39
151.28
151.35
151.44
151.55
151.51
151.5
151.55
151.54
151.51
151.61
151.68
151.58
151.37
151.36
151.33
151.64
151.66
152.01
151.96
152.1
152.11
152.1
152.11
152.06
152.09
152.03
151.95
151.74
151.67
151.8
151.81
151.83
151.88
152.02
152.29
152.03
152.19
152.2
152.23
152.19
152.28
152.16
152.18
152.23
152.32
152.31
152.22
152.03
152.15
152.11
152.04
151.94
151.8
151.63
151.76
151.69
151.79
152
151.68
151.69
151.88
151.85
152.19
152
152.02
152.16
152.08
152.26
152.07
152.06
152.05
151.85
151.83
151.81
151.76
151.7
151.85
151.65
151.68
151.7
151.84
151.91
151.86
151.93
151.87
151.76
151.75
151.68
151.68
151.7
151.75
151.79
151.82
151.75
152.07
151.81
151.98
151.97
151.84
151.92
152.08
152.19
152.04
152.19
152.18
152.03
152.15
152.08
152.08
152.08
152.12
152.18
152.11
151.93
152.08
151.9
152.03
152.06
151.88
152.02
151.9
152.23
152.33
152.33
152.24
152.27
152.11
152.07
152.25
152.1
152.05
152.16
152.08
152.2
152.11
152.12
152.03
152.03
152.05
152.06
151.99
151.77
151.82
151.69
151.85
151.83
151.72
152.06
152.05
152.08
152.06
151.98
151.99
152.01
152.03
152.08
152.22
152.17
152.45
152.48
152.44
152.4
152.45
152.53
152.45
152.29
152.33
152.47
152.28
152.26
152.28
152.25
152.22
152.2
152.2
152.19
152.32
152.23
152.21
152.22
152.27
152.29
152.05
152.06
152.99
153.13
153.05
153.25
153.26
153.63
153.83
153.77
153.9
153.87
153.98
154.04
153.94
154.18
154.24
154.16
154.13
154.21
154.2
154.18
154.13
154.32
154.57
154.74
154.79
154.76
154.69
154.16
154.75
154.57
154.54
154.63
154.63
154.63
154.46
154.53
154.57
154.33
154.32
154.18
154.17
154.16
154.11
154.11
154.1
154.21
154.21
154.06
154.06
154.04
154.11
154.02
154.12
154.19
154.24
154.26
154.24
154.28
154.33
154.2
154.21
154.15
154.11
154.24
154.1
154.11
153.99
153.96
154.27
154
153.96
153.83
153.74
153.69
153.74
153.79
153.63
153.77
153.68
153.62
153.63
153.57
153.54
153.55
153.5
153.51
153.53
153.53
153.6
153.58
153.41
153.37
153.47
153.59
153.49
153.49
153.51
153.62
153.67
153.44
153.76
153.68
153.66
153.68
153.6
153.69
153.91
153.84
153.91
153.96
153.85
153.84
153.88
153.88
154.06
154
153.88
153.92
153.99
153.99
154
153.97
153.9
153.86
153.79
153.87
153.83
153.8
153.97
153.86
153.96
153.83
153.95
153.94
154.01
154.02
153.96
153.95
153.93
153.83
153.93
153.76
153.85
153.91
153.85
153.82
153.93
153.99
154.04
153.84
154.12
154.15
154.21
154.12
154.2
154.21
154.22
154.22
154.25
154.07
153.95
154.05
154.01
154.05
154.01
153.99
153.85
153.92
153.85
153.9
154
153.96
153.81
153.89
154.11
154.07
154.17
154.29
154.23
154.34
154.29
154.37
154.38
154.33
154.44
154.45
154.46
154.5
154.51
154.5
154.5
154.55
154.55
154.63
154.58
154.64
154.67
154.45
154.71
154.33
154.33
154.68
154.39
154.49
154.5
154.53
154.61
154.58
154.58
154.54
154.55
154.6
154.6
154.71
154.84
154.87
154.89
154.63
154.74
154.76
154.87
154.94
154.94
154.97
155
155.05
155.13
154.93
155.34
155.3
155.42
155.54
155.56
155.58
155.67
155.66
155.53
155.6
155.43
155.65
155.51
155.4
155.41
155.49
155.51
155.53
155.59
155.59
155.34
155.33
