41.34
41.54
41.57
41.58
41.57
41.46
41.39
41.32
41.68
41.37
41.39
41.39
41.4
41.37
41.35
41.28
41.34
41.29
41.35
41.31
41.28
41.33
41.39
41.36
41.39
41.43
41.45
41.49
41.29
41.45
41.47
41.46
41.49
41.47
41.45
41.51
41.44
41.54
41.53
41.51
41.45
41.49
41.45
41.4
41.47
41.49
41.62
41.53
41.56
41.6
41.61
41.61
41.57
41.55
41.62
41.67
41.64
41.58
41.55
41.59
41.59
41.55
41.58
41.6
41.51
41.5
41.52
41.55
41.58
41.56
41.55
41.62
41.56
41.55
41.52
41.5
41.47
41.54
41.47
41.49
41.5
41.49
41.52
41.48
41.52
41.5
41.52
41.56
41.48
41.49
41.65
41.63
41.63
41.63
41.62
41.62
41.62
41.64
41.62
41.64
41.69
41.76
41.64
41.74
41.77
41.76
41.77
41.75
41.75
41.77
41.71
41.74
41.75
41.79
41.82
41.85
41.85
41.79
41.8
41.84
41.86
41.82
41.83
41.78
41.77
41.79
41.78
41.78
41.79
41.77
41.71
41.78
41.73
41.76
41.71
41.63
41.71
41.64
41.73
41.62
41.6
41.6
41.64
41.62
41.6
41.58
41.57
41.57
41.57
41.67
41.58
41.64
41.6
41.6
41.6
41.55
41.54
41.55
41.55
41.57
41.55
41.54
41.57
41.55
41.57
41.56
41.55
41.56
41.54
41.52
41.59
41.61
41.6
41.62
41.62
41.67
41.7
41.6
41.61
41.61
41.63
41.63
41.62
41.6
41.58
41.62
41.61
41.62
41.61
41.63
41.65
41.67
41.64
41.65
41.67
41.67
41.65
41.66
41.65
41.67
41.67
41.67
41.64
41.76
41.73
41.67
41.74
41.67
41.67
41.73
41.72
41.74
41.7
41.7
41.7
41.7
41.69
41.68
41.67
41.7
41.7
41.71
41.7
41.7
41.68
41.7
41.72
41.69
41.74
41.74
41.79
41.83
41.77
41.79
41.78
41.78
41.79
41.77
41.78
41.8
41.77
41.79
41.79
41.79
41.8
41.78
41.8
41.8
41.84
41.82
41.81
41.78
41.8
41.79
41.8
41.79
41.8
41.83
41.76
41.76
41.8
41.79
41.79
41.77
41.79
41.79
41.74
41.75
41.79
41.79
41.79
41.81
41.8
41.79
41.8
41.79
41.8
41.79
41.79
41.79
41.78
41.79
41.81
41.79
41.79
41.81
42.01
42
42
41.96
42
41.96
41.97
42
41.91
41.95
41.99
42
41.98
41.97
42
42.02
42.02
41.94
41.96
41.99
42.02
41.94
42.04
42.1
42.09
42.12
42.11
42.11
42.07
42.06
42.11
42.1
42.09
42.07
42.11
42.11
42.11
42.1
42.06
42.1
42.07
42.09
42.1
42.1
42.09
42.07
42.1
42.09
42.1
42.1
42.09
42.1
42.08
42.08
42.09
42.1
42.04
42.03
42.01
42
42
41.97
41.94
41.97
42
42
41.99
41.99
42.02
42.04
42.03
42.02
42.07
42.04
42.01
42.01
42.01
42.04
42.05
42.01
42.04
42.05
42.08
42.09
42.02
42.04
42.01
42
41.98
42
42
42
42
42.01
42
42
41.98
41.99
42
41.96
41.95
41.95
41.94
41.95
41.94
41.92
41.93
41.93
41.95
41.93
41.96
41.98
41.98
41.97
41.98
41.97
41.96
41.97
41.97
41.96
41.95
41.96
41.97
41.97
41.97
41.98
42
42
42
42
42
42
42
42
42
41.98
41.97
42
41.97
42
42
41.99
41.97
41.96
41.97
41.95
41.9
41.9
41.98
41.96
41.96
41.97
41.95
41.97
41.96
41.93
41.92
41.94
41.95
41.96
41.99
42
41.98
41.98
41.96
41.98
42
41.97
41.96
41.95
41.91
41.93
41.92
41.93
41.92
41.92
41.91
41.94
41.98
41.97
41.97
41.97
41.99
41.99
41.99
41.99
41.99
41.98
41.97
41.92
41.94
41.94
41.99
41.98
41.98
42
41.97
41.98
41.97
41.99
41.99
41.99
42
41.97
41.98
41.99
41.99
41.99
41.99
41.97
41.97
41.97
41.99
41.99
41.99
41.99
41.99
41.99
41.99
41.99
41.99
42
41.99
41.97
41.96
41.96
41.91
41.92
41.91
41.92
41.92
41.91
41.89
41.9
41.94
41.94
41.89
41.96
41.98
41.99
41.99
41.99
41.99
41.96
41.99
41.97
41.97
41.97
41.94
41.94
41.95
41.94
41.91
41.94
41.93
41.91
41.9
41.9
41.92
41.93
41.93
41.93
41.93
41.95
41.94
41.92
41.95
41.94
41.92
41.95
41.94
41.95
41.94
41.94
41.94
41.94
41.94
41.95
41.98
41.97
41.97
41.95
41.98
41.97
41.97
41.97
41.98
41.98
41.98
41.99
41.99
41.98
41.98
41.97
41.99
41.99
42
42
42
42
42
42
42
42
41.99
42
42
42
42
41.99
41.98
41.97
41.99
41.97
41.97
41.95
41.95
41.96
41.97
41.95
41.94
41.95
41.94
41.95
41.97
41.96
41.99
41.99
41.97
42
41.99
41.98
41.99
41.99
42.01
41.98
42
42
41.99
41.99
41.99
41.99
41.98
41.99
41.99
41.99
41.97
41.97
41.99
41.99
42
41.99
41.99
42
41.99
42
41.99
41.99
41.99
42
41.99
42.32
42.33
42.34
42.37
42.41
42.26
42.43
42.41
42.43
42.44
42.49
42.49
42.47
42.46
42.46
42.45
42.47
42.47
42.46
42.45
42.43
42.43
42.41
42.39
42.44
42.43
42.4
42.36
42.38
42.37
42.43
42.49
42.48
42.48
42.35
42.33
42.31
42.29
42.29
42.3
42.29
42.27
42.29
42.28
42.28
42.27
42.23
42.27
42.27
42.24
42.22
42.29
42.29
42.27
42.29
42.28
42.28
42.29
42.29
42.29
42.28
42.28
42.25
42.22
42.21
42.17
42.26
42.17
42.19
42.19
42.2
42.14
42.13
42.12
42.14
42.14
42.12
42.07
42.04
42.12
42.01
42.06
41.95
41.98
41.96
41.95
41.99
42.04
42.08
42.03
42.03
41.93
41.94
41.95
41.93
41.97
41.99
41.99
41.99
41.97
41.99
42.01
41.98
41.95
41.93
41.94
42
42.02
42
42.01
42.06
42.04
42.04
42.04
42.05
42.03
42.01
42.01
42.01
41.98
41.97
41.95
41.97
41.98
41.97
41.97
41.93
41.93
41.94
41.96
41.91
41.9
41.94
41.94
41.95
41.97
41.93
41.92
41.92
41.92
41.92
41.92
41.9
41.92
41.9
41.92
41.9
41.9
41.9
41.89
41.87
41.86
41.81
41.81
41.82
41.8
41.77
41.77
41.73
41.73
41.74
41.75
41.83
41.85
41.79
41.82
41.82
41.82
41.83
41.82
41.91
41.91
41.91
41.92
41.91
41.87
41.85
41.86
41.82
41.81
41.77
41.86
41.76
41.77
41.81
41.75
41.74
41.76
41.76
41.73
41.74
41.74
41.78
41.8
41.78
41.81
41.82
41.77
41.76
41.72
41.74
41.72
41.73
41.76
41.74
41.78
41.79
41.81
41.81
41.83
41.84
41.83
41.83
41.91
41.89
41.85
41.91
41.85
41.97
41.93
41.97
41.95
41.97
41.99
42.04
42.05
42.04
42.05
42.05
42.1
42.08
42.08
42.1
42.1
42.14
42.16
42.15
42.09
42.1
42.12
42.2
42.15
42.12
42.15
42.14
42.12
42.07
42.07
42.07
42.09
