46.26
46.26
46.29
46.24
46.25
46.33
46.29
46.3
46.23
46.21
46.3
46.24
46.22
46.28
46.19
46.14
46.19
45.97
45.88
45.9
45.84
46.14
45.89
45.87
45.84
45.89
45.95
45.96
45.98
45.89
45.97
45.95
45.99
45.99
46.01
46.03
46.03
46.05
46.02
46.01
45.95
45.99
45.97
45.85
45.79
45.79
45.9
45.91
45.92
45.94
45.9
45.91
45.9
45.94
45.91
45.92
45.9
45.9
45.87
45.82
45.79
45.81
45.88
45.86
45.86
45.71
45.67
45.67
45.67
45.66
45.77
45.76
45.73
45.74
45.79
45.7
45.69
45.76
45.64
45.61
45.65
45.68
45.76
45.67
45.71
45.7
45.64
45.7
45.68
45.76
45.72
45.73
45.74
45.78
45.76
45.76
45.76
45.76
45.81
45.77
45.76
45.83
45.83
45.83
45.84
45.86
45.87
45.84
45.8
45.85
45.76
45.75
45.76
45.76
45.81
45.8
45.8
45.79
45.79
45.84
45.76
45.76
45.77
45.74
45.76
45.76
45.77
45.79
45.72
45.71
45.66
45.66
45.72
45.71
45.67
45.67
45.69
45.74
45.74
45.75
45.75
45.74
45.74
45.73
45.76
45.74
45.73
45.72
45.76
45.8
45.79
45.83
45.78
45.81
45.8
45.79
45.81
45.82
45.82
45.82
45.81
45.82
45.82
45.84
45.82
45.85
45.83
45.87
45.86
45.85
46.19
46.19
46.19
46.19
46.19
46.18
46.27
46.24
46.19
46.26
46.28
46.28
46.29
46.29
46.28
46.29
46.3
46.29
46.29
46.27
46.27
46.29
46.28
46.29
46.24
46.31
46.23
46.21
46.15
46.18
46.19
46.16
46.26
46.19
46.31
46.29
46.16
46.31
46.35
46.35
46.35
46.36
46.42
46.4
46.46
46.51
46.46
46.49
46.47
46.51
46.5
46.52
46.53
46.53
46.54
46.5
46.5
46.51
46.53
46.53
46.57
46.57
46.53
46.55
46.54
46.58
46.54
46.56
46.58
46.58
46.59
46.54
46.57
46.59
46.58
46.57
46.63
46.63
46.63
46.58
46.58
46.58
46.6
46.6
46.58
46.56
46.64
46.56
46.49
46.48
46.49
46.48
46.48
46.49
46.49
46.47
46.48
46.47
46.47
46.53
46.49
46.51
46.51
46.52
46.51
46.51
46.49
46.47
46.45
46.49
46.45
46.42
46.42
46.41
46.4
46.4
45.92
45.97
46.08
45.88
45.89
45.94
45.99
45.72
45.65
45.66
45.73
45.76
45.79
45.7
45.69
45.76
45.73
45.64
45.64
45.69
45.71
45.74
45.7
45.77
45.78
45.73
45.69
45.68
45.56
45.7
45.62
45.57
45.58
45.6
45.61
45.61
45.63
45.7
45.7
45.67
45.62
45.65
45.69
45.69
45.67
45.61
45.65
45.69
45.67
45.63
45.58
45.62
45.63
45.58
45.72
45.54
45.53
45.5
45.53
45.49
45.57
45.56
45.58
45.6
45.6
45.57
45.6
45.75
45.55
45.78
45.76
45.81
45.87
45.87
45.83
45.85
45.87
45.94
45.95
45.97
45.98
45.91
45.87
45.89
45.9
45.92
45.9
45.93
45.92
45.92
45.92
45.96
46.03
45.96
45.94
45.92
45.95
46.01
45.97
45.94
45.95
46.01
46.03
45.99
46.01
45.92
45.99
46.03
46.02
46.01
46.05
45.99
45.99
46
45.99
46.01
45.97
45.9
45.89
45.87
45.88
45.87
45.88
45.91
45.95
45.95
45.92
45.97
45.97
45.93
45.94
45.95
45.9
45.96
45.96
45.97
45.96
45.99
45.97
45.97
45.95
45.97
45.97
45.97
45.96
45.97
45.92
45.92
45.94
45.99
45.99
45.99
45.93
46.01
45.99
45.99
45.98
45.96
45.93
45.96
45.95
45.96
45.95
45.96
45.96
45.96
45.95
46.01
45.99
46.01
46.01
45.97
45.96
45.96
45.94
45.92
45.93
45.92
45.94
45.93
45.94
45.95
45.95
45.98
45.94
46
46.01
46.01
45.97
45.91
45.85
45.86
45.87
45.89
45.95
45.9
45.9
45.91
45.9
45.94
45.95
45.94
45.94
45.94
45.9
45.91
45.93
45.94
45.93
45.9
45.92
45.93
45.92
45.92
45.9
45.89
45.9
45.92
45.9
45.86
45.89
45.9
45.88
45.84
45.83
45.84
45.83
45.83
45.82
45.81
45.78
45.78
45.74
45.83
45.78
45.74
45.8
45.76
45.78
45.78
45.79
45.81
45.79
45.77
45.8
45.74
45.74
45.74
45.73
45.76
45.69
45.67
45.65
45.67
45.67
45.63
45.63
45.63
45.67
45.69
45.67
45.62
45.64
45.66
45.63
45.6
45.61
45.63
45.64
45.71
45.71
45.69
45.67
45.67
45.67
45.68
45.7
45.68
45.71
45.69
45.69
45.66
45.64
45.66
45.67
45.67
45.67
45.68
45.69
45.67
45.68
45.65
45.63
45.65
45.64
45.65
45.7
45.73
45.65
45.75
45.72
45.76
45.79
45.77
45.77
45.79
45.76
45.74
45.77
45.79
45.78
45.77
45.78
45.8
45.79
45.8
45.8
45.71
45.74
45.76
45.76
45.78
45.79
45.81
45.83
45.8
45.82
45.83
45.81
45.84
45.85
45.86
45.86
45.87
45.88
45.88
45.9
45.88
45.88
45.91
45.9
45.91
45.9
45.91
45.92
45.9
45.92
45.92
45.9
45.95
45.96
45.94
45.96
45.92
45.97
45.97
45.95
45.97
45.97
45.98
45.97
46.31
46.4
46.4
46.44
46.46
46.49
46.56
46.45
46.46
46.49
46.48
46.48
46.46
46.54
46.54
46.54
46.53
46.55
46.59
46.57
46.56
46.63
46.61
46.64
46.65
46.57
46.61
46.58
46.6
46.65
46.66
46.74
46.76
46.74
46.77
46.79
46.79
46.76
46.78
46.69
46.71
46.69
46.67
46.7
46.66
46.7
46.73
46.71
46.78
46.83
46.84
46.87
46.89
46.95
46.95
46.95
46.96
46.97
46.98
46.88
46.85
46.95
46.84
46.96
46.83
46.88
46.85
46.86
46.94
46.9
46.89
46.82
46.81
46.79
46.81
46.81
46.81
46.81
46.76
46.74
46.76
46.76
46.74
46.76
46.8
46.81
46.79
46.81
46.81
46.76
46.72
46.78
46.69
46.67
46.7
46.77
46.73
46.74
46.76
46.72
46.7
46.7
46.68
46.67
46.69
46.7
46.71
46.72
46.7
46.71
46.7
46.7
46.72
46.73
46.75
46.75
46.7
46.7
46.7
46.71
46.7
46.69
46.69
46.66
46.64
46.65
46.63
46.67
46.67
46.67
46.64
46.65
46.65
46.65
46.65
46.65
46.65
46.66
46.65
46.64
46.63
46.64
46.65
46.65
46.66
46.65
46.67
46.64
46.69
46.73
46.74
46.74
46.73
46.72
46.7
46.68
46.71
46.64
46.58
46.68
46.59
46.58
46.58
46.54
46.56
46.54
46.55
46.55
46.56
46.6
46.6
46.56
46.58
46.56
46.58
46.57
46.6
46.61
46.64
46.62
46.64
46.63
46.65
46.65
46.65
46.67
46.65
46.66
46.64
46.62
46.58
46.6
46.62
46.63
46.63
46.61
46.66
46.65
46.61
46.58
46.67
46.64
46.59
46.63
46.61
46.68
46.65
46.7
46.7
46.66
46.69
46.69
46.67
46.66
46.75
46.79
46.82
46.82
46.7
46.75
46.8
46.83
46.88
46.9
46.95
46.99
47.01
46.99
47
47.05
47.03
47.09
47.1
47.12
47.11
47.08
47
47.01
47.01
47.09
47.08
47.08
47.06
47.07
47.04
47.05
47.04
47.07
47.06
47.06
