43.6
43.6
43.5
43.55
43.5
43.5
43.5
43.4
43.35
43.35
43.45
43.4
43.3
43.4
43.2
43.3
43.35
43.3
43.3
43.3
43.35
43.4
43.55
43.55
43.55
43.55
43.55
43.6
43.5
43.5
43.55
43.55
43.5
43.5
43.5
43.5
43.5
43.5
43.6
43.6
43.6
43.6
43.6
43.55
43.55
43.55
43.5
43.5
43.5
43.5
43.5
43.6
43.65
43.6
43.6
43.55
43.4
43.4
43.45
43.5
43.45
43.45
43.5
43.45
43.45
43.45
43.45
43.45
43.45
43.45
43.45
43.45
43.45
43.45
43.45
43.45
43.45
43.45
43.45
43.45
43.45
43.45
43.45
43.45
43.45
43.45
43.45
43.45
43.45
43.45
43.45
44.45
44.45
44.45
44.45
44.45
44.45
44.45
44.6
44.6
44.55
44.55
44.45
44.55
44.5
44.6
44.45
44.65
44.6
44.75
44.75
44.6
44.7
44.75
44.75
44.65
44.8
44.75
44.75
44.75
44.7
44.7
44.75
44.8
44.9
44.85
44.75
44.75
44.75
44.75
44.75
44.75
44.75
44.75
44.75
44.7
44.75
44.7
44.8
44.75
44.7
44.65
44.65
44.6
44.6
44.6
44.7
44.75
44.7
44.65
44.65
44.65
44.45
44.3
44.1
44.3
44.1
44.7
44.7
44.7
44.7
44.7
44.7
44.7
44.7
44.7
44.65
44.65
44.7
44.65
44.7
44.7
44.75
44.75
44.8
44.7
44.75
44.8
44.85
44.85
44.8
44.75
44.8
44.75
44.8
44.8
44.8
44.7
44.7
44.7
44.7
44.7
44.75
44.8
44.75
44.8
44.75
44.8
44.75
44.75
44.75
44.75
44.75
44.75
44.75
44.75
44.75
44.75
44.75
44.75
44.9
44.85
44.9
44.85
44.95
44.95
45
45
45
45
45.05
45.05
45.05
45.1
45.2
45.2
45.1
45.05
45.05
45.05
45.05
45.2
45.15
45.1
45.1
45.15
45.1
45.1
45.1
45.15
45.15
45.05
45.05
45.1
45.1
45.05
45.05
45.05
44.9
44.9
44.85
44.85
44.85
44.8
44.9
44.9
44.95
44.95
44.95
44.95
44.95
44.9
44.95
44.85
44.85
44.8
44.75
44.6
44.6
44.6
44
43.8
44.05
44.05
44.05
44.05
44
44.05
44.1
44.2
44.15
44.1
44.1
44.1
44.1
44.05
44.25
44.45
44.4
44.35
44.35
44.3
44.3
44.3
44.3
44.25
44.25
44.25
44.25
44.25
44.25
44.25
44.3
44.3
44.35
44.35
44.35
44.35
44.35
44.35
44.25
44.3
44.35
44.3
44.35
44.35
44.35
44.3
44.35
44.35
44.4
44.4
44.4
44.4
44.4
44.4
44.35
44.35
44.3
44.3
44.3
44.35
44.35
44.3
44.3
44.35
44.35
44.3
44.25
44.25
44.3
44.3
44.3
44.25
44.3
44.3
44.3
44.3
44.3
44.3
44.35
44.3
44.3
44.25
44.3
44.25
44.25
44.25
44.25
44.25
44.25
44.25
44.25
44.25
44.25
44.25
44.25
44.25
44.25
44.25
44.25
44.25
44.25
44.25
44.25
44.25
44.25
44.25
44.25
44.25
44.25
44.25
44.25
44.25
44.25
44.25
44.25
44.25
44.25
44.25
44.25
44.25
44.25
44.25
44.25
44.25
44.25
44.25
44.25
44.25
44.25
44.4
44.4
44.3
44.25
44.3
44.2
44.35
44.4
44.35
44.35
44.35
44.35
44.3
44.3
44.4
44.4
44.4
44.4
44.35
44.4
44.35
44.45
44.45
44.45
44.45
44.35
44.25
44.25
44.25
44.2
44.2
44.25
44.2
44.15
44.15
44.1
44.1
44.1
44.1
44.05
44.05
44.15
44.15
44.15
44.15
43.95
43.95
43.95
43.8
43.8
43.8
43.75
43.7
43.7
43.65
43.65
43.65
43.7
43.95
43.85
43.65
43.7
43.7
43.75
43.75
43.75
43.75
43.65
43.65
43.65
43.6
43.65
43.65
43.65
43.75
43.75
43.65
43.65
43.7
43.6
43.65
43.65
43.6
43.6
43.65
43.8
43.75
43.85
43.85
43.85
43.9
43.8
43.7
43.8
43.75
43.8
43.8
43.85
43.9
43.9
43.9
43.9
43.85
43.9
43.95
43.9
43.9
43.85
43.8
43.75
43.75
43.75
43.75
43.75
43.75
43.75
43.75
43.75
43.75
43.75
43.75
43.75
43.75
43.75
43.75
43.75
43.75
43.75
43.75
43.75
43.75
43.75
43.75
43.75
43.75
43.75
43.75
42.75
42.75
42.75
42.75
42.75
42.65
42.7
42.7
42.65
42.7
42.65
42.65
42.65
42.7
42.7
42.65
42.7
42.7
42.7
42.7
42.75
42.7
42.85
42.75
42.75
42.8
42.85
42.8
42.8
42.8
42.8
42.8
42.8
42.8
42.8
42.8
42.8
42.8
42.8
42.75
42.75
42.7
42.7
42.7
42.7
42.7
42.7
42.8
42.8
42.85
42.8
42.8
42.85
42.85
42.8
42.8
42.8
42.8
42.8
42.8
42.75
42.75
42.75
42.75
42.75
42.75
42.75
42.75
42.75
42.75
42.75
42.75
42.8
42.75
42.75
42.75
42.75
42.75
42.7
42.7
42.7
42.7
42.7
42.7
42.75
42.75
42.7
42.7
42.7
42.7
42.7
42.7
42.7
42.75
42.7
42.7
42.75
42.65
42.7
42.75
42.7
42.7
42.7
42.85
42.85
42.85
42.8
42.75
42.75
42.75
42.7
42.7
42.7
42.7
42.7
42.75
42.75
42.7
42.75
42.75
42.65
42.7
42.65
42.65
42.65
42.65
42.6
42.65
42.6
42.6
42.6
42.65
42.6
42.65
42.6
42.6
42.6
42.65
42.65
42.6
42.6
42.6
42.6
42.6
42.6
42.6
42.6
42.65
42.6
42.7
42.7
42.7
42.1
42.15
42.15
42.1
42.15
42.15
42.15
42.1
42.1
42
42.05
42.05
42
42.05
42
42
42
42
42.05
42.05
42
42
42.05
42
42
42.05
42.05
42
41.8
41.65
41.45
41.6
41.7
41.7
41.7
41.75
41.75
41.75
41.7
41.65
41.65
41.65
41.7
41.7
41.65
41.55
41.55
41.45
41.55
41.65
41.65
41.65
41.7
41.65
41.7
41.65
41.55
41.6
41.65
41.65
41.7
41.7
41.75
41.7
41.75
41.7
41.7
41.75
41.7
41.75
41.7
41.5
41.4
41.6
41.6
41.55
41.65
41.65
41.6
41.7
41.7
41.7
41.7
41.7
41.7
41.7
41.7
41.7
41.7
41.7
41.7
41.7
41.7
41.7
41.7
41.7
41.7
41.7
41.7
41.7
41.7
41.7
41.7
41.7
41.7
41.7
41.7
41.7
41.7
41.7
41.7
41.7
41.7
41.75
41.75
41.7
41.7
41.7
41.7
41.7
41.8
41.85
41.85
41.85
41.85
41.9
41.9
41.95
41.95
41.95
