51.49
51.49
51.48
51.46
51.46
51.38
51.47
51.43
51.35
51.37
51.28
51.26
51.31
51.32
51.3
51.41
51.39
51.43
51.46
51.44
51.46
51.46
51.37
51.27
51.25
51.37
51.4
51.38
51.41
51.36
51.41
51.34
51.34
51.3
51.3
51.32
51.29
51.25
51.21
51.22
51.22
51.22
51.24
51.28
51.29
51.21
51.23
51.31
51.27
51.24
51.21
51.22
51.22
51.29
51.29
51.31
51.3
51.29
51.32
51.32
51.38
51.4
51.32
51.36
51.33
51.35
51.35
51.35
51.36
51.31
51.3
51.3
51.26
51.35
51.35
51.28
51.33
51.24
51.22
51.22
51.2
51.15
51.17
51.12
51.1
51.1
51.21
51.12
51.15
51.17
51.16
51.07
51.15
51.08
51.07
51.06
51.04
51.05
51.05
51.04
51.04
51.04
51.04
51.07
51.04
51.05
51.06
51.15
51.05
51.15
51.16
51.2
51.2
51.24
51.23
51.22
51.28
51.21
51.23
51.25
51.27
51.32
51.37
51.32
51.3
51.32
51.34
51.35
51.32
51.28
51.28
51.26
51.26
51.28
51.34
51.35
51.39
51.32
51.23
51.32
51.23
51.31
51.28
51.21
51.18
51.1
51.17
51.04
51.11
51.21
51.18
51.12
51.2
51.21
51.18
51.17
51.11
51.11
51.16
51.14
51.16
51.15
51.17
51.17
51.19
51.21
51.17
51.19
51.18
51.21
51.23
51.23
51.23
51.24
51.22
51.18
51.24
51.18
51.22
51.15
51.17
51.18
51.16
51.18
51.17
51.17
51.15
51.16
51.18
51.2
51.18
51.19
51.2
51.18
51.17
51.17
51.16
51.16
51.17
51.15
51.16
51.16
51.17
51.18
51.18
51.15
51.16
51.16
51.2
51.19
51.19
51.2
51.2
51.18
51.2
51.2
51.19
51.2
51.19
51.19
51.16
51.17
51.16
51.18
51.18
51.19
51.17
51.19
51.2
51.19
51.2
51.2
51.2
51.2
51.2
51.19
51.19
51.21
51.2
51.2
51.2
51.19
51.19
51.19
51.18
51.17
51.18
51.18
51.18
51.17
50.59
50.59
50.51
50.64
50.69
50.61
50.58
50.71
50.68
50.62
50.62
50.62
50.61
50.61
50.58
50.61
50.56
50.53
50.57
50.43
50.4
50.53
50.38
50.41
50.42
50.46
50.44
50.37
50.51
50.44
50.47
50.44
50.41
50.64
50.61
50.6
50.6
50.55
50.61
50.6
50.62
50.6
50.61
50.54
50.59
50.6
50.64
50.56
50.45
50.51
50.47
50.39
50.4
50.4
50.4
50.43
50.45
50.42
50.4
50.35
50.37
50.41
50.42
50.36
50.42
50.32
50.35
50.24
50.28
50.32
50.32
50.31
50.29
50.28
50.31
50.29
50.29
50.31
50.32
50.32
50.4
50.41
50.38
50.28
50.44
50.44
50.43
50.41
50.47
50.47
50.47
50.42
50.5
50.45
50.46
50.4
50.4
50.38
50.44
50.38
50.42
50.41
50.39
50.45
50.49
50.49
50.47
50.48
50.43
50.49
50.48
50.47
50.5
50.45
50.41
50.42
50.44
50.46
50.46
50.44
50.47
50.49
50.49
50.5
50.51
50.51
50.45
50.47
50.46
50.43
50.43
50.42
50.38
50.39
50.37
50.39
50.38
50.4
50.39
50.41
50.37
50.41
50.39
50.39
50.39
50.42
50.4
50.39
50.38
50.39
50.42
50.42
50.42
50.44
50.41
50.41
50.46
50.42
50.46
50.46
50.45
50.45
50.46
50.49
50.46
50.46
50.46
50.47
50.47
50.46
50.46
50.49
50.5
50.5
50.51
50.54
50.49
50.49
50.48
50.47
50.49
50.51
50.49
50.5
50.49
50.52
50.48
50.52
50.47
50.48
50.47
50.49
50.49
50.49
50.5
50.5
50.51
50.55
50.5
50.58
50.57
50.54
50.56
50.58
50.57
50.57
50.54
50.56
50.53
50.54
50.58
50.57
50.6
50.6
50.57
50.63
50.6
50.56
50.57
50.56
50.58
50.56
50.58
50.52
50.52
50.54
50.54
50.61
50.58
50.64
50.61
50.6
50.6
50.63
50.63
50.64
50.66
50.63
50.63
50.65
50.68
50.63
50.68
50.66
50.66
50.71
50.68
50.72
50.74
50.72
50.71
50.72
50.71
50.69
50.63
50.62
50.56
50.61
50.58
50.59
50.56
50.58
50.47
50.51
50.58
50.51
50.47
50.47
50.52
50.47
50.47
50.48
50.49
50.51
50.54
50.51
50.5
50.47
50.47
50.51
50.5
50.49
50.47
50.47
50.65
50.38
50.31
50.36
50.4
50.45
50.51
50.47
50.45
50.44
50.36
50.37
50.41
50.35
50.36
50.35
50.36
50.38
50.41
50.46
50.44
50.46
50.42
50.42
50.39
50.42
50.44
50.42
50.42
50.35
50.31
50.34
50.36
50.38
50.39
50.39
50.36
50.37
50.37
50.4
50.37
50.4
50.41
50.39
50.42
50.4
50.44
50.42
50.37
50.38
50.38
50.34
50.3
50.31
50.36
50.36
50.37
50.31
50.3
50.29
50.28
50.26
50.28
50.25
50.26
50.26
50.22
50.22
50.25
50.24
50.22
50.23
50.26
50.28
50.2
50.27
50.22
50.24
50.22
50.24
50.22
50.26
50.28
50.29
50.26
50.23
50.23
50.19
50.23
50.17
50.17
50.17
50.22
50.19
50.26
50.2
50.23
50.2
50.16
50.2
50.23
50.22
50.19
50.17
50.2
50.24
50.28
50.27
50.29
50.25
50.24
50.27
50.28
50.27
50.26
50.24
50.24
50.26
50.3
50.28
50.26
50.26
50.23
50.29
50.23
50.22
50.26
50.27
50.24
50.28
50.25
50.25
50.26
50.25
50.29
50.29
50.29
50.29
50.28
50.28
50.29
50.27
50.26
50.26
50.26
50.28
50.29
50.28
50.28
50.3
50.28
50.26
50.29
50.29
50.28
50.29
50.29
50.32
50.29
50.28
50.3
50.31
50.31
50.31
50.3
50.31
50.26
50.29
50.29
50.29
50.29
50.31
50.27
50.33
50.3
50.35
50.35
50.34
50.34
50.34
50.33
50.35
50.31
50.35
50.3
50.29
50.31
50.3
50.28
50.29
50.29
50.29
50.26
50.26
50.26
50.26
50.24
50.27
50.26
50.24
50.2
50.19
50.2
50.22
50.24
50.25
50.2
50.19
50.23
50.24
50.22
50.21
50.2
50.18
50.17
50.17
50.17
50.2
50.21
50.21
50.18
50.2
50.2
50.19
50.2
50.2
50.19
50.15
50.28
50.23
50.2
50.15
50.16
50.13
50.03
50.03
49.98
50.02
49.96
50.06
49.97
49.99
49.97
49.96
50
49.99
49.95
49.96
49.94
49.96
49.93
49.9
49.92
49.79
49.82
49.75
49.68
49.88
49.87
49.78
49.76
49.76
49.79
49.83
49.82
49.81
49.8
49.81
49.84
49.84
49.83
49.85
49.88
49.85
49.83
49.8
49.79
49.88
49.93
49.69
49.65
49.67
49.72
49.7
49.63
49.59
49.65
49.51
49.44
49.43
49.42
49.21
49.26
49.25
49.32
49.34
49.33
49.33
49.22
49.48
49.5
49.58
49.58
49.51
49.54
49.47
49.42
49.42
49.35
49.22
49.38
49.25
49.23
49.11
49.08
49.14
49.12
49.13
49.41
49.35
49.32
49.14
49.13
49.17
49.19
49.17
49.03
48.98
49.2
49.2
49.04
49.09
49.04
49.02
49.14
48.89
48.92
49.03
48.91
48.87
48.83
49.31
48.85
48.97
48.96
49
48.83
49.14
48.8
48.97
48.95
49.31
48.86
49.14
49.01
49.01
48.98
48.99
48.96
49.31
49.02
49.14
48.92
48.97
49.03
48.83
48.79
48.78
48.96
48.73
48.79
49.2
48.79
48.79
49.14
48.7
48.95
48.81
48.78
49.17
48.79
48.88
49.31
48.88
49.14
49.14
48.85
48.87
48.89
49.31
49.14
48.9
48.9
48.91
48.85
48.9
48.92
49.17
48.98
48.95
48.92
48.94
48.9
49.2
48.94
48.95
48.95
49
48.91
48.96
49.05
49.03
49.02
49.01
49
49
49
49.02
48.94
48.95
49
49
48.98
49
49.01
49.31
49.02
49.03
49.05
49.03
49
48.97
49
48.96
49
49
49.01
49.01
48.98
49
49.03
48.98
49.01
48.99
49.01
49.01
49.01
49
48.99
49
48.96
49.38
49.17
48.97
48.99
48.99
49
49.14
49.25
49.2
49.15
49.19
49.17
49.2
49.21
49.22
49.2
49.2
49.2
49.23
49.31
49.16
49.22
49.2
49.14
49.2
49.22
49.31
49.31
49.18
49.17
49.17
49.18
49.17
48.95
49.31
49.17
49.22
49.31
49.22
49.25
49.31
49.29
49.36
49.14
49.37
49.31
49.36
49.27
49.34
49.32
49.33
49.35
49.34
49.31
49.25
49.14
49.27
49.14
49.14
49.26
49.14
49.16
49.12
49.16
49.15
49.17
49.17
49.19
48.95
49.15
49.16
49.14
49.23
49.17
49.23
49.23
49.23
49.24
49.22
49.23
49.22
49.24
49.25
49.29
49.2
49.2
49.19
49.15
49.15
49.15
49.13
49.13
49.13
48.95
49.23
49.08
48.97
48.88
49.06
48.92
48.88
49.03
48.87
48.76
49.17
49.16
49.19
49.2
49.21
49.19
49.12
49.13
49.12
49.17
49.22
49.27
49.28
49.29
49.31
49.33
49.16
49.2
49.45
49.35
49.34
49.35
49.31
49.31
49.28
49.35
49.29
49.3
49.28
49.28
49.34
49.36
49.34
49.37
49.3
49.29
49.27
49.26
49.26
49.25
49.21
49.26
49.31
49.37
49.37
49.26
49.22
49.2
49.2
49.21
49.23
49.2
49.22
49.27
49.31
49.32
49.34
49.34
49.37
49.42
49.35
49.44
49.4
49.49
49.35
49.38
49.39
49.39
49.38
49.4
49.4
49.34
49.33
49.27
49.33
49.36
49.35
49.35
49.32
49.37
49.34
49.36
49.26
49.26
49.26
49.26
49.26
49.35
49.09
49.1
49.1
49.08
49.12
49.16
49.09
49.06
49.08
49.18
49.17
49.2
49.21
49.2
49.22
49.21
49.21
49.18
49.19
49.21
49.16
49.18
49.19
49.07
49.11
49.13
49.12
49.14
49.15
49.35
49.06
49.06
49.15
49.14
49
49.15
49.09
49.09
49.16
49.18
49.21
49.21
49.27
49.25
49.27
49.25
49.24
49.23
49.27
49.26
49.24
49.21
49.25
49.24
49.23
49.22
49.25
49.26
49.26
49.24
49.25
49.2
49.2
49.21
49.21
49.18
49.24
49.21
49.18
49.21
49.17
49.16
49.35
49.19
49.2
49.2
49.18
49.18
49.2
49.23
49.12
49.17
49.2
49.24
49.24
49.16
49.24
49.13
49.24
49.23
49.2
49.21
49.19
49.19
49.15
49.15
49.12
49.09
49.03
49.07
49.09
49.15
49.06
49.1
49.12
49.13
49.1
49.1
49.14
49.21
49.2
49.2
49.19
49.17
49.15
49.18
49.16
49.17
49.16
49.16
49.24
49.25
49.14
49.27
49.28
49.29
49.29
49.27
49.23
49.28
49.27
49.29
49.28
49.34
49.36
49.38
49.35
49.32
49.34
49.36
49.35
49.37
49.37
49.4
49.4
49.4
49.47
49.5
49.48
49.51
49.51
49.53
49.59
49.35
49.58
49.54
49.53
49.51
49.51
49.46
49.42
49.42
49.45
49.33
49.31
49.2
49.21
49.22
49.25
49.19
49.17
49.09
49.07
49.22
49.15
49.15
49.04
48.92
49.08
49.01
49.08
49.01
49.04
49.02
49.04
49.06
49.02
49.06
48.97
49
49.01
48.99
48.99
48.93
48.9
48.95
48.95
48.91
48.88
48.87
48.91
48.9
48.86
