15.74
15.8
15.81
15.81
15.79
15.8
15.81
15.82
15.82
15.77
15.82
15.78
15.75
15.77
15.78
15.79
15.83
15.84
15.83
15.81
15.83
15.83
15.79
15.79
15.78
15.78
15.81
15.81
15.81
15.81
15.81
15.79
15.81
15.81
15.81
15.82
15.8
15.8
15.79
15.8
15.81
15.81
15.81
15.79
15.81
15.81
15.8
15.82
15.82
15.81
15.81
15.79
15.79
15.82
15.83
15.83
15.83
15.84
15.85
15.89
15.9
15.91
15.92
15.9
15.9
15.91
15.92
15.92
15.91
15.9
15.9
15.89
15.88
15.91
15.9
15.9
15.87
15.87
15.87
15.87
15.85
15.84
15.85
15.85
15.83
15.83
15.83
15.83
15.84
15.84
15.85
15.85
15.82
15.82
15.82
15.8
15.81
15.81
15.8
15.8
15.8
15.79
15.78
15.8
15.81
15.81
15.8
15.81
15.81
15.81
15.81
15.83
15.82
15.82
15.83
15.84
15.85
15.85
15.85
15.83
15.84
15.86
15.85
15.84
15.84
15.85
15.86
15.83
15.83
15.85
15.84
15.84
15.84
15.84
15.85
15.86
15.88
15.89
15.89
15.89
15.9
15.9
15.9
15.9
15.89
15.9
15.88
15.88
15.88
15.9
15.89
15.88
15.9
15.89
15.89
15.86
15.86
15.84
15.85
15.83
15.84
15.83
15.84
15.84
15.83
15.82
15.82
15.8
15.81
15.81
15.79
15.79
15.79
15.84
15.84
15.82
15.82
15.82
15.82
15.81
15.81
15.8
15.79
15.8
15.79
15.8
15.8
15.81
15.83
15.83
15.84
15.84
15.84
15.82
15.82
15.82
15.82
15.83
15.83
15.82
15.82
15.82
15.83
15.82
15.82
15.81
15.82
15.81
15.81
15.81
15.8
15.8
15.8
15.79
15.8
15.8
15.81
15.8
15.8
15.78
15.78
15.78
15.79
15.79
15.79
15.79
15.8
15.79
15.81
15.82
15.82
15.82
15.82
15.83
15.81
15.82
15.83
15.82
15.82
15.83
15.82
15.82
15.82
15.83
15.83
15.83
15.83
15.83
15.82
15.82
15.55
15.51
15.51
15.55
15.57
15.59
15.61
15.6
15.58
15.57
15.58
15.58
15.58
15.59
15.57
15.55
15.54
15.51
15.5
15.5
15.5
15.51
15.53
15.5
15.52
15.52
15.5
15.55
15.54
15.51
15.53
15.56
15.5
15.55
15.56
15.58
15.58
15.59
15.56
15.58
15.58
15.59
15.58
15.57
15.59
15.59
15.6
15.52
15.53
15.54
15.53
15.52
15.52
15.52
15.51
15.52
15.5
15.52
15.5
15.5
15.5
15.51
15.5
15.51
15.54
15.55
15.54
15.55
15.55
15.55
15.55
15.55
15.55
15.55
15.54
15.54
15.54
15.55
15.55
15.55
15.59
15.59
15.59
15.58
15.6
15.6
15.59
15.6
15.61
15.6
15.6
15.6
15.61
15.61
15.62
15.63
15.62
15.61
15.6
15.58
15.59
15.63
15.64
15.65
15.66
15.64
15.64
15.64
15.64
15.64
15.63
15.61
15.61
15.63
15.6
15.61
15.61
15.61
15.62
15.62
15.63
15.63
15.61
15.63
15.61
15.61
15.61
15.61
15.6
15.59
15.59
15.58
15.56
15.55
15.56
15.56
15.57
15.57
15.56
15.57
15.57
15.55
15.54
15.54
15.56
15.57
15.56
15.57
15.57
15.58
15.59
15.6
15.61
15.63
15.63
15.63
15.62
15.63
15.64
15.64
15.64
15.64
15.65
15.65
15.65
15.65
15.64
15.68
15.67
15.67
15.66
15.68
15.68
15.68
15.69
15.68
15.69
15.69
15.71
15.72
15.71
15.73
15.74
15.71
15.72
15.73
15.71
15.7
15.68
15.69
15.7
15.71
15.7
15.7
15.7
15.71
15.72
15.72
15.73
15.71
15.74
15.74
15.75
15.74
15.73
15.73
15.71
15.71
15.72
15.71
15.7
15.69
15.68
15.71
15.69
15.68
15.66
15.67
15.67
15.66
15.65
15.65
15.65
15.66
15.66
15.66
15.69
15.7
15.7
15.7
15.67
15.67
15.7
15.74
15.74
15.76
15.77
15.76
15.75
15.77
15.74
15.73
15.73
15.73
15.73
15.74
15.72
15.73
15.74
15.72
15.71
15.72
15.73
15.69
15.7
15.7
15.7
15.7
15.72
15.73
15.7
15.7
15.69
15.67
15.68
15.68
15.67
15.67
15.68
15.65
15.65
15.67
15.68
15.68
15.65
15.65
15.65
15.65
15.65
15.66
15.65
15.55
15.53
15.51
15.53
15.51
15.51
15.53
15.53
15.51
15.51
15.51
15.51
15.52
15.52
15.46
15.46
15.46
15.47
15.51
15.46
15.47
15.48
15.49
15.48
15.49
15.51
15.51
15.51
15.51
15.52
15.51
15.49
15.51
15.51
15.5
15.49
15.5
15.51
15.52
15.54
15.54
15.53
15.52
15.51
15.52
15.51
15.51
15.5
15.51
15.5
15.49
15.51
15.48
15.48
15.47
15.47
15.45
15.46
15.47
15.46
15.43
15.42
15.43
15.44
15.43
15.42
15.43
15.44
15.43
15.43
15.42
15.41
15.41
15.41
15.41
15.41
15.41
15.42
15.42
15.43
15.45
15.46
15.46
15.46
15.46
15.44
15.43
15.42
15.41
15.39
15.39
15.4
15.37
15.39
15.39
15.38
15.39
15.41
15.39
15.38
15.39
15.39
15.41
15.4
15.4
15.4
15.42
15.41
15.41
15.42
15.42
15.42
15.42
15.43
15.42
15.43
15.43
15.44
15.42
15.43
15.44
15.44
15.43
15.41
15.41
15.38
15.39
15.39
15.39
15.37
15.38
15.37
15.37
15.38
15.41
15.41
15.4
15.41
15.4
15.43
15.42
15.42
15.41
15.41
15.41
15.4
15.41
15.4
15.4
15.4
15.42
15.42
15.42
15.43
15.41
15.42
15.43
15.43
15.41
15.41
15.42
15.42
15.41
15.41
15.4
15.4
15.4
15.42
15.41
15.41
15.41
15.41
15.42
15.41
15.42
15.43
15.42
15.41
15.42
15.42
15.42
15.41
15.41
15.41
15.4
15.41
15.4
15.4
15.39
15.39
15.41
15.39
15.4
15.41
15.41
15.4
15.41
15.41
15.42
15.4
15.4
15.41
15.4
15.41
15.41
15.44
15.45
15.45
15.46
15.46
15.44
15.46
15.46
15.46
15.46
15.47
15.46
15.48
15.49
15.5
15.51
15.51
15.49
15.5
15.49
15.5
15.5
15.5
15.48
15.48
15.45
15.52
15.5
15.49
15.43
15.44
15.39
15.39
15.38
15.37
15.42
15.39
15.39
15.41
15.4
15.42
15.4
15.38
15.39
15.38
15.37
15.36
15.37
15.36
15.34
15.34
15.34
15.32
15.3
15.3
15.32
15.33
15.32
15.34
15.34
15.35
15.34
15.34
15.34
15.34
15.36
15.38
15.36
15.4
15.4
15.42
15.41
15.39
15.39
15.36
15.35
15.33
15.32
15.28
15.3
15.31
15.32
15.31
15.29
15.28
15.28
15.29
15.28
15.27
15.25
15.23
15.22
15.23
15.24
15.24
15.25
15.21
15.38
15.36
15.36
15.38
15.38
15.33
15.33
15.33
15.35
15.33
15.31
15.31
15.32
15.29
15.27
15.3
15.31
15.3
15.29
15.32
15.33
15.32
15.33
15.34
15.37
15.38
15.38
15.37
15.38
15.39
15.4
15.39
15.39
15.39
15.36
15.32
15.36
15.39
15.36
15.34
15.39
15.32
15.33
15.34
15.36
15.36
15.35
15.35
15.35
15.33
15.32
15.32
15.34
15.32
15.31
15.32
15.31
15.38
15.31
15.31
15.29
15.29
15.25
15.28
15.28
15.24
15.21
15.24
15.38
15.38
15.22
15.31
15.23
15.23
15.25
15.31
15.21
15.22
15.25
15.25
15.27
15.25
15.27
15.26
15.25
15.25
15.25
15.23
15.23
15.27
15.28
15.29
15.28
15.28
15.27
15.26
15.24
15.26
15.27
15.27
15.27
15.27
15.25
15.38
15.23
15.23
15.24
15.25
15.27
15.25
15.25
15.26
15.25
15.25
15.29
15.29
15.3
15.3
15.29
15.3
15.3
15.31
15.32
15.31
15.32
15.31
15.33
15.34
15.35
15.38
15.36
15.36
15.36
15.35
15.33
15.35
15.34
15.35
15.35
15.36
15.38
15.38
15.32
15.38
15.39
15.39
15.4
15.4
15.38
15.37
15.37
15.32
15.38
15.4
15.38
15.38
15.39
15.38
15.39
15.41
15.4
15.39
15.43
15.43
15.42
15.44
15.45
15.44
15.44
15.43
15.39
15.42
15.39
15.41
15.42
15.41
15.43
15.39
15.42
15.42
15.4
15.39
15.41
15.31
15.4
15.4
15.41
15.41
15.43
15.39
15.42
15.44
15.44
15.44
15.46
15.39
15.45
15.44
15.44
15.42
15.41
15.43
15.31
15.42
15.39
15.39
15.4
15.41
15.4
15.39
15.38
15.38
15.38
15.38
15.38
15.4
15.4
15.4
15.42
15.4
15.39
15.32
15.31
15.42
15.39
15.41
15.4
15.4
15.4
15.45
15.43
15.44
15.31
15.39
15.39
15.39
15.39
15.39
15.43
15.43
15.43
15.43
15.44
15.44
15.44
15.32
15.44
15.21
15.2
15.19
15.2
15.18
15.19
15.19
15.22
15.22
15.23
15.24
15.23
15.25
15.24
15.25
15.24
15.23
15.23
15.24
15.22
15.25
15.26
15.26
15.26
15.22
15.23
15.24
15.24
15.24
15.24
15.24
15.21
15.22
15.21
15.19
15.18
15.18
15.18
15.19
15.19
15.2
15.2
15.2
15.19
15.21
15.19
15.19
15.19
15.2
15.19
15.19
15.21
15.21
15.19
15.2
15.2
15.2
15.17
15.18
15.2
15.18
15.2
15.2
15.2
15.19
15.21
15.2
15.22
15.21
15.22
15.23
15.23
15.24
15.23
15.23
15.23
15.23
15.22
15.24
15.23
15.22
15.22
15.23
15.24
15.24
15.25
15.27
15.27
15.24
15.28
15.28
15.27
15.28
15.26
15.26
15.26
15.25
15.24
15.25
15.26
15.26
15.25
15.24
15.25
15.25
15.28
15.27
15.26
15.27
15.29
15.27
15.26
15.26
15.25
15.25
15.23
15.23
15.21
15.2
15.2
15.22
15.22
15.21
15.23
15.21
15.2
15.2
15.2
15.21
15.22
15.2
15.24
15.25
15.25
15.2
15.27
15.29
15.29
15.29
15.3
15.31
15.31
15.3
15.31
15.3
15.31
15.33
15.32
15.32
15.32
15.3
15.3
15.3
15.31
15.31
15.3
15.3
15.29
15.31
15.29
15.29
15.29
15.29
15.29
15.3
15.28
15.29
15.3
15.31
15.31
15.31
15.31
15.31
15.31
15.3
15.3
15.24
15.31
15.31
15.31
15.31
15.31
15.32
15.31
15.32
15.31
15.3
15.32
15.31
15.3
15.3
15.3
15.3
15.3
15.3
15.29
15.29
15.3
15.3
15.3
15.29
15.31
15.29
15.28
15.28
15.29
15.29
15.29
15.29
15.29
15.28
15.29
15.29
15.28
15.26
15.27
15.27
15.28
15.29
15.3
15.31
15.3
15.31
15.31
15.31
15.3
15.31
15.3
15.31
15.34
15.33
15.33
15.34
15.33
15.32
15.32
15.33
15.34
15.37
15.37
15.4
15.4
15.4
15.44
15.43
15.43
15.43
15.43
15.44
15.45
15.43
15.41
15.42
15.4
15.39
15.39
15.38
15.36
15.37
15.34
15.33
15.3
15.29
15.31
15.31
15.32
15.29
15.28
15.3
15.28
15.28
15.28
15.27
15.24
15.22
15.23
15.24
15.24
15.23
15.24
15.25
15.27
15.26
15.24
15.24
15.24
15.25
15.26
15.28
15.24
15.22
15.19
15.21
15.21
15.2
15.2
15.19
15.18
15.17
15.15
