148.62
148.33
148.3
148.34
148.44
148.5
148.49
148.48
148.48
148.38
148.31
148.48
148.46
148.57
148.57
148.61
148.46
148.47
148.49
148.52
148.48
148.48
148.4
148.4
148.38
148.39
148.49
148.45
148.43
148.48
148.48
148.51
148.48
148.49
148.4
148.37
148.29
148.29
148.32
148.34
148.28
148.4
148.4
148.45
148.48
148.5
148.5
148.45
148.58
148.65
148.52
148.53
148.53
148.66
148.8
148.74
148.75
148.66
148.8
148.78
148.74
148.68
149.04
149.03
149.02
148.99
149.06
149.04
149.06
148.96
148.97
149.01
149
149.01
149
149.01
148.94
148.86
148.86
148.91
148.96
148.89
148.91
148.84
148.82
148.79
148.77
148.8
148.9
148.98
148.91
148.86
148.78
148.73
148.71
148.66
148.72
148.72
148.83
148.72
148.65
148.68
148.64
148.77
148.83
148.89
148.85
148.86
148.91
148.91
148.92
149
149.04
148.99
149.02
149
148.95
149
148.95
149
148.99
149.08
149.12
149
149.01
149.01
149.05
149.04
148.99
148.93
148.89
148.94
148.94
148.91
149.04
149.08
149.04
149.12
149.12
149.12
149.05
149.05
149.05
149.03
149.01
149.01
148.96
148.93
148.99
149.02
149.06
149.09
149.09
149.06
149.03
148.92
148.85
148.84
148.84
148.8
148.86
148.83
148.83
148.89
148.91
148.91
148.91
148.93
148.97
149.05
149.04
149.02
149.02
149.29
149.35
149.22
149.23
149.25
149.25
149.27
149.28
149.29
149.32
149.33
149.3
149.33
149.33
149.37
149.5
149.38
149.38
149.48
149.57
149.57
149.55
149.49
149.48
149.49
149.55
149.52
149.54
149.54
149.56
149.54
149.49
149.42
149.38
149.52
149.56
149.36
149.38
149.37
149.28
149.31
149.36
149.38
149.35
149.41
149.4
149.32
149.32
149.33
149.35
149.36
149.32
149.34
149.35
149.42
149.35
149.42
149.42
149.46
149.45
149.45
149.42
149.43
149.51
149.52
149.51
149.43
149.42
149.52
149.46
149.46
149.53
149.52
149.52
149.51
149.51
149.51
148
148.26
148.06
148
148.24
148.12
148.57
148.78
148.09
148.49
148.31
148.31
148.24
148.42
148.3
148.5
148.37
148.45
148.24
148.24
148.37
148.25
148.18
148.19
148.17
148.26
148.4
148.48
148.5
148.21
148.25
148.34
148.53
148.54
148.52
148.53
148.39
148.44
148.35
148.41
148.25
148.26
148.57
148.25
148.29
148.27
148.34
148.15
147.9
148.06
147.95
147.93
147.98
147.97
147.88
147.93
147.84
147.94
147.92
147.73
147.72
147.84
147.81
147.77
147.87
147.88
147.85
147.92
147.73
147.89
147.89
147.95
147.94
147.94
147.85
147.89
147.95
147.89
147.89
147.89
147.89
147.93
147.94
147.86
147.9
147.9
147.8
147.75
147.91
147.93
147.89
147.8
147.84
147.84
147.8
147.76
147.7
147.63
147.66
147.64
147.8
147.7
147.84
147.84
147.85
147.96
147.76
147.88
147.83
147.86
147.93
147.85
147.69
147.67
147.65
147.67
147.7
147.7
147.72
147.67
147.81
147.81
147.77
147.76
147.81
147.74
147.77
147.75
147.76
147.74
147.74
147.64
147.65
147.66
147.68
147.68
147.71
147.65
147.65
147.77
147.67
147.69
147.66
147.66
147.7
147.75
147.71
147.73
147.74
147.77
147.79
147.8
147.76
148.08
147.83
148.09
148.14
148.18
148.17
148.19
148.17
148.17
148.16
148.23
148.22
148.24
148.3
148.36
148.26
148.36
148.27
148.28
148.3
148.3
148.37
148.42
148.46
148.48
148.49
148.48
148.58
148.6
148.58
148.52
148.51
148.46
148.45
148.45
148.43
148.42
148.47
148.53
148.49
148.45
148.52
148.47
148.55
148.57
148.6
148.66
148.68
148.65
148.58
148.74
148.75
148.75
148.65
148.66
148.63
148.64
148.59
148.59
148.57
148.54
148.56
148.49
148.36
148.38
148.37
148.28
148.36
148.34
148.3
148.31
148.24
148.33
148.29
148.4
148.43
148.33
148.32
148.39
148.35
148.34
148.34
148.5
148.63
148.59
148.7
148.72
148.7
148.58
148.57
148.56
148.5
148.62
148.56
148.51
148.56
148.52
148.45
148.49
148.45
148.28
148.26
148.2
148.15
148.18
148.14
148.15
148.02
148.04
147.96
147.9
148.11
147.79
147.78
147.78
147.75
147.69
147.73
147.62
147.8
147.87
147.75
147.72
147.69
147.64
147.58
147.83
147.64
148.49
148.48
148.43
148.38
148.27
148.19
148.49
148.49
148.64
148.75
148.63
148.73
148.67
148.62
148.63
148.66
148.64
148.61
148.73
148.64
148.62
148.62
148.71
148.7
148.66
148.63
148.52
148.48
148.55
148.68
148.64
148.5
148.53
148.46
148.55
148.51
148.51
148.51
148.33
148.4
148.39
148.44
148.41
148.34
148.46
148.46
148.15
148.32
148.41
148.18
148.18
148.08
148.13
148.14
148.07
147.98
147.98
148.01
148.09
147.92
147.77
147.77
147.8
147.73
147.82
147.78
147.95
147.83
147.69
147.67
147.67
147.49
147.45
147.38
147.44
147.55
147.5
147.57
147.42
147.42
147.63
147.6
147.57
147.55
147.58
147.51
147.58
147.52
147.48
147.35
147.29
147.33
147.34
147.35
147.33
147.26
147.29
147.42
147.34
147.5
147.51
147.39
147.55
147.59
147.55
147.62
147.73
147.43
147.81
147.49
147.86
147.9
147.59
147.85
147.86
147.84
147.86
147.79
147.85
147.85
147.86
147.89
147.91
147.87
147.95
147.79
147.79
147.93
147.85
147.99
147.75
147.8
147.82
147.84
147.93
147.94
147.88
147.85
147.94
147.93
147.89
147.85
147.92
147.91
147.85
147.94
147.81
147.82
147.81
147.76
147.78
147.79
147.97
147.96
147.95
147.98
147.9
148
147.98
147.9
147.96
147.96
147.98
147.95
147.9
147.9
147.97
147.96
147.9
147.82
147.88
147.85
147.86
147.94
147.83
147.81
147.89
147.88
147.88
147.82
147.88
147.89
147.91
147.93
147.97
147.88
147.93
147.77
147.8
147.76
147.79
147.71
147.69
147.69
147.68
147.52
147.55
147.48
147.49
147.59
147.63
147.62
147.6
147.57
147.53
147.53
147.49
147.47
147.6
147.58
147.54
147.58
147.59
147.62
147.58
147.49
147.4
147.39
147.39
147.36
147.41
147.39
147.49
147.46
147.42
147.48
147.45
147.41
147.41
147.42
147.23
147.8
147.43
147.41
147.26
147.24
147.14
147
146.97
147
147.14
146.97
146.99
147.09
147.01
147.12
147.2
147.08
147
146.92
146.93
146.92
146.89
146.76
146.66
146.77
146.81
146.77
146.61
146.52
146.63
146.71
146.82
146.74
146.7
146.89
146.87
146.87
146.87
147.04
146.98
147.15
147.1
146.94
146.92
147.04
146.88
146.71
146.74
146.62
146.98
146.56
146.47
146.33
146.47
146.4
146.36
146.27
146.1
146.03
146.03
145.81
145.89
145.76
145.32
145.26
145.39
145.35
145.43
145.35
145.25
144.99
145.36
145.23
145.23
144.96
144.95
144.59
144.7
144.66
144.71
144.68
144.68
144.64
144.57
144.47
144.5
144.73
144.69
144.69
144.71
144.74
144.88
145.01
144.65
144.61
145.27
145.29
145.26
145.2
145.1
145.28
145.19
145.23
145.15
145.14
145.16
145.24
145.26
144.79
144.99
145.21
144.61
144.96
144.9
144.95
144.95
145.05
145.03
145.1
145.14
144.61
145.07
145.07
144.61
144.91
145.22
145.27
145.23
144.79
145.13
144.69
145.13
145.26
144.92
144.91
145.26
144.85
144.63
144.69
144.53
144.5
144.41
144.64
144.49
144.58
144.69
144.63
144.29
144.43
144.52
144.61
144.7
144.75
144.6
145.26
144.61
144.35
145.07
144.31
144.31
144.65
144.6
144.61
144.91
144.9
144.9
145.26
144.78
144.75
144.76
144.61
144.85
144.83
144.82
144.9
144.67
144.88
144.67
144.8
144.84
144.86
144.92
144.85
144.8
144.86
144.95
144.69
144.61
144.61
144.94
145
144.69
144.69
145.13
145.2
145.11
145.29
145.24
145.07
145.15
145.5
145.45
145.5
145.5
145.26
145.4
145.5
145.07
145.46
145.48
145.48
145.47
145.55
145.44
145.46
145.71
145.76
145.78
145.69
145.69
145.78
145.78
145.3
145.21
145.07
145.24
144.61
145.29
145.37
144.69
145.66
145.54
145.63
145.65
145.72
145.78
144.69
145.85
145.79
145.79
145.8
145.74
145.76
145.75
144.61
145.8
145.75
145.77
144.69
146
146
145.84
145.83
145.85
145.89
145.92
145.91
146.12
144.61
145.3
146.34
146.4
145.07
146.34
146.46
146.57
146.37
146.52
146.45
146.48
146.4
146.41
146.41
144.69
146.37
146.44
146.26
146.18
146.32
146.29
145.07
146.21
146.21
145.3
146.05
146.05
146.13
146.06
146.06
146.16
146.06
145.98
145.3
146.07
144.69
145.26
146.01
146.07
146.07
146.07
146.39
146.46
145.3
146.52
146.63
146.42
146.42
146.82
146.82
146.74
144.69
144.69
144.69
146.63
146.63
146.63
146.41
146.4
145.68
145.83
145.67
145.57
145.45
145.49
145.3
145.5
145.45
145.3
145.4
145.38
145.43
145.39
145.23
145.16
145.14
145.14
145.11
145.06
145.09
145.05
145.11
145.15
145.07
145.14
145.08
144.9
144.96
144.97
144.97
144.78
144.8
144.72
144.82
144.77
144.67
144.75
144.65
144.99
144.58
144.56
144.47
144.35
144.71
144.43
144.35
144.4
144.39
144.28
144.4
144.39
144.5
144.48
144.34
144.23
144.18
144.19
144.12
144.25
144.27
144.19
144.2
144.26
144.28
144.21
144.41
144.49
144.21
144.58
144.6
144.63
144.68
144.31
144.64
144.56
144.56
144.57
144.66
144.46
144.41
144.41
144.57
144.68
144.75
144.5
144.75
144.43
144.87
144.42
144.94
144.84
144.84
144.83
144.83
144.83
144.84
144.51
144.82
144.83
144.52
144.84
144.61
144.66
144.61
144.8
144.79
144.81
144.82
144.96
144.96
144.84
144.84
144.81
144.81
144.83
144.78
144.7
144.56
144.56
144.59
144.65
144.67
144.71
144.66
144.67
144.6
144.56
144.96
144.64
144.51
144.63
144.84
144.65
144.95
145.08
145.27
145.23
145.23
145.6
145.53
145.43
145.46
145.41
145.5
145.54
145.56
145.51
145.45
144.96
145.46
145.5
145.47
145.41
145.43
145.44
145.4
145.34
145.3
145.3
145.37
145.4
145.42
145.38
145.37
145.3
145.34
145.2
145.23
145.19
144.96
145.12
145.23
145.09
145.16
145.11
145.01
144.95
145
145.09
145.15
145.09
145.11
145.14
144.97
145.12
145.12
145.05
145.13
145.1
145.09
145.11
145.06
144.96
144.98
144.9
144.93
144.97
144.96
145.06
145.09
145.17
145.04
145.12
145.12
145.22
145.36
145.44
145.49
145.46
145.46
145.41
145.4
145.46
145.41
145.37
145.38
145.52
145.35
145.51
145.47
145.55
145.54
145.39
145.53
145.54
145.52
145.53
145.65
145.72
145.68
145.74
145.72
144.96
145.64
145.63
145.63
145.57
145.63
145.64
145.71
145.64
145.72
145.91
145.91
145.93
145.92
145.91
146.05
146.14
146.16
145.94
145.98
146.04
145.87
145.8
145.91
145.72
145.71
145.49
145.35
145.34
145.34
145.39
145.45
145.42
145.19
145.36
145.3
145.19
145.28
145.34
145.36
145.24
144.83
145.13
145.08
145.03
145.04
145.09
145.14
145.22
145.08
145.07
145.06
144.94
145.09
145.04
145.17
145.03
144.9
144.63
144.64
144.59
144.36
144.41
144.34
144.27
143.94
144.02
