89.04
89.12
89.11
89.16
89.07
89.07
89.07
89.07
89.07
89.09
89
89.08
89.11
89.13
89.09
89.15
89.15
89.28
89.28
89.28
89.28
89.28
89.11
89.11
89.02
89.22
89.13
89.17
89.21
89.21
89.23
89.21
89.21
89.11
89.11
89.15
89.17
89.17
89.17
89.18
89.24
89.24
89.24
89.31
89.31
89.3
89.3
89.28
89.34
89.33
89.33
89.2
89.2
89.26
89.31
89.32
89.32
89.3
89.38
89.49
89.41
89.32
89.59
89.65
89.57
89.59
89.61
89.68
89.61
89.7
89.64
89.65
89.58
89.6
89.62
89.57
89.55
89.51
89.51
89.49
89.53
89.47
89.42
89.42
89.43
89.43
89.47
89.43
89.5
89.5
89.52
89.44
89.47
89.43
89.43
89.41
89.42
89.44
89.46
89.46
89.46
89.4
89.44
89.43
89.43
89.45
89.45
89.46
89.43
89.42
89.38
89.42
89.43
89.43
89.38
89.4
89.39
89.37
89.4
89.35
89.41
89.43
89.43
89.42
89.4
89.37
89.43
89.43
89.42
89.42
89.41
89.39
89.39
89.36
89.39
89.38
89.35
89.33
89.27
89.27
89.28
89.26
89.3
89.29
89.28
89.29
89.25
89.27
89.25
89.26
89.26
89.26
89.42
89.44
89.45
89.38
89.31
89.34
89.34
89.38
89.38
89.39
89.39
89.38
89.38
89.39
89.39
89.44
89.47
89.47
89.49
89.49
89.49
89.4
89.4
89.4
89.38
89.38
89.38
89.33
89.34
89.33
89.34
89.34
89.3
89.3
89.28
89.27
89.26
89.28
89.32
89.36
89.34
89.34
89.34
89.36
89.36
89.36
89.36
89.37
89.36
89.36
89.36
89.38
89.36
89.36
89.36
89.36
89.35
89.33
89.33
89.33
89.31
89.28
89.27
89.3
89.32
89.3
89.33
89.33
89.33
89.27
89.32
89.28
89.38
89.41
89.41
89.38
89.4
89.42
89.48
89.49
89.52
89.52
89.35
89.34
89.34
89.34
89.34
89.34
89.32
89.32
89.3
89.36
89.3
89.37
89.37
89.34
89.32
89.3
89.1
89
88.89
89.01
89.05
89.11
89.2
89.29
89.15
89.21
89.1
89.1
89.11
89.13
89.03
89.14
88.92
88.9
88.83
88.93
88.87
88.97
88.86
88.87
88.84
88.83
88.84
88.8
88.96
88.81
88.81
88.96
88.96
88.95
88.91
88.89
88.86
88.82
88.9
88.9
88.94
88.88
88.87
88.78
88.89
88.86
88.89
88.79
88.8
88.79
88.75
88.74
88.72
88.77
88.8
88.83
88.83
88.85
88.86
88.79
88.75
88.77
88.85
88.74
88.81
88.78
88.78
88.78
88.79
88.78
88.78
88.78
88.76
88.78
88.82
88.82
88.83
88.87
88.87
88.87
88.85
88.85
88.85
88.86
88.89
88.89
88.85
88.86
88.92
88.92
88.9
88.91
88.87
88.87
88.87
88.88
88.89
88.89
88.93
88.93
88.8
88.87
89.01
88.9
88.96
88.96
88.88
88.91
88.86
88.9
88.86
88.96
88.88
88.92
88.92
88.92
88.91
88.91
88.92
88.92
88.95
88.97
88.97
88.97
88.92
88.92
88.92
88.91
88.91
88.87
88.87
88.93
88.93
88.91
88.81
88.87
88.89
88.92
88.92
88.93
88.93
88.87
88.97
88.97
88.93
88.93
88.95
89.02
89.02
89.02
89.02
89.02
89.08
89.11
89.12
89.12
89.05
89.05
89.05
89.06
89.09
89.06
89.08
89.07
89.12
89.05
89.05
89.05
89.14
89.13
89.06
89.06
89.08
89.08
89.09
89.15
89.13
89.11
89.19
89.19
89.15
89.25
89.25
89.25
89.25
89.25
89.21
89.2
89.21
89.22
89.22
89.22
89.22
89.22
89.28
89.28
89.28
89.28
89.28
89.43
89.43
89.43
89.43
89.37
89.52
89.52
89.42
89.42
89.46
89.46
89.49
89.47
89.47
89.47
89.43
89.49
89.41
89.46
89.46
89.37
89.37
89.36
89.42
89.4
89.36
89.36
89.36
89.4
89.4
89.38
89.45
89.5
89.47
89.47
89.47
89.54
89.54
89.54
89.5
89.51
89.52
89.54
89.53
89.53
89.53
89.52
89.52
89.42
89.38
89.46
89.41
89.39
89.39
89.43
89.33
89.39
89.39
89.44
89.44
89.45
89.45
89.44
89.46
89.35
89.41
89.41
89.36
89.36
89.4
89.4
89.33
89.36
89.43
89.43
89.42
89.41
89.35
89.34
89.34
89.38
89.38
89.12
89.12
89.05
89.14
89.18
89.22
89.26
89.26
89.1
89.14
89
89.18
89.03
89.18
89.03
89.03
89.18
89.01
89
89.02
89.05
89.04
89.09
89.04
89
88.99
88.99
88.99
89.01
89
89
89.01
88.95
89
89.03
89.06
89.06
89.02
89.09
89.06
89.06
89.02
89.02
89.07
89.07
89.05
89.04
89.03
89.06
89.06
89.01
89
89
89.02
89.02
89.01
89.01
89.01
89.03
88.97
88.94
88.93
88.88
88.88
88.99
88.93
88.98
88.98
88.98
88.92
88.93
88.89
88.86
88.8
88.8
88.8
88.8
88.8
88.84
88.84
88.84
88.84
88.95
88.95
88.94
88.82
88.82
88.88
88.79
88.79
88.74
88.74
88.73
88.73
88.68
88.68
88.71
88.75
88.71
88.73
88.73
88.71
88.71
88.71
88.73
88.73
88.7
88.71
88.71
88.7
88.73
88.73
88.91
88.72
88.85
88.85
88.85
88.85
88.89
88.89
88.89
88.91
88.91
88.89
88.89
88.93
88.78
88.78
88.78
88.89
88.87
88.86
88.9
88.9
88.94
88.91
88.94
88.94
88.94
88.93
88.94
88.94
88.94
88.99
88.99
88.99
88.99
88.97
88.97
88.92
88.92
88.96
88.96
88.96
88.96
88.96
88.96
89.01
89.03
89
89.02
89.02
89.02
89
88.98
88.96
88.96
88.96
88.96
88.96
88.95
88.95
89.01
88.96
88.96
89
89
89.01
89
89.01
89.01
88.93
88.98
89
89
89
89
89.01
89.01
88.98
88.99
88.99
88.97
88.94
88.94
88.92
88.92
88.9
88.92
88.92
88.92
88.92
88.92
88.91
88.93
88.9
88.9
88.9
88.9
88.9
88.89
89.04
89.07
89.05
89.05
89.05
88.98
88.98
89.01
88.95
88.99
89
89.05
89.03
89.03
89
89.02
89.02
89.03
89.03
89.01
89.18
89
88.85
88.89
88.84
89.04
88.75
88.68
88.75
88.74
88.74
88.74
88.74
88.74
88.74
88.7
88.73
88.62
88.81
88.81
88.74
88.8
88.7
88.67
88.65
88.62
88.67
88.6
88.59
88.56
88.68
88.65
88.63
88.65
88.6
88.67
88.68
88.68
88.65
88.58
88.66
88.63
88.54
88.62
88.61
88.66
88.52
88.51
88.52
88.64
88.55
88.55
88.58
88.56
88.58
88.56
88.52
88.57
88.57
88.49
88.44
88.5
88.45
88.34
88.29
88.35
88.38
88.41
88.39
88.35
88.37
88.17
88.22
88.22
88.35
88.32
88.26
88.02
88.12
88.25
88.05
88.15
88.18
88.17
88.15
88.14
88.07
88.01
88.04
88.04
88.13
88.16
88.15
88.25
88.18
88.24
88.21
88.14
88.04
88.21
88.11
88.03
88.15
88.04
87.92
87.97
87.81
87.86
88.05
88.04
88.08
87.76
87.76
88.16
87.76
88.24
87.85
87.76
87.72
87.83
88.19
87.74
87.64
87.78
88.07
87.7
87.72
87.77
88.19
87.73
87.73
87.7
87.7
87.61
87.6
87.83
87.51
87.74
87.46
87.5
87.5
88.19
87.44
87.5
88.21
87.51
87.55
87.5
87.49
87.5
87.5
87.5
87.5
87.47
87.47
87.47
87.49
87.47
87.46
87.46
88.16
88.07
87.55
88.19
87.54
87.54
88.07
87.55
87.55
87.58
87.58
87.61
87.61
88.16
87.61
87.74
87.63
87.59
87.74
87.6
87.57
87.52
87.57
87.56
87.56
87.52
87.57
87.69
87.69
87.68
88.24
87.69
88.19
88.16
87.69
87.62
87.57
87.64
87.58
87.6
87.58
87.63
87.63
87.56
87.56
87.53
87.55
87.56
87.59
87.59
87.55
87.55
87.6
87.65
87.55
87.59
87.62
87.67
87.67
87.66
87.74
87.74
87.8
87.8
88.19
87.78
87.82
88.19
87.86
87.88
88.18
88.15
88.12
88.16
88.12
88.16
87.74
88.17
88.16
88.16
88.15
88.12
88.08
88.17
88.04
88.03
88.18
88.04
88.08
88.11
88.11
88.04
88.01
88.01
87.99
87.99
88.03
88.03
87.99
88.01
87.74
87.97
88.19
88
88.05
88.07
88.16
88.05
88.04
88.04
88.05
88
88.02
88.02
88.07
88.04
88.04
87.99
87.99
88.04
87.74
88.03
87.94
87.91
87.91
87.91
87.9
87.9
87.93
87.92
87.93
87.9
87.92
87.94
88.05
88.01
88.01
88.01
88.01
88.01
88.06
88.04
88.03
88.03
88.03
88.09
88.16
88.24
88.24
88.09
88.07
88.07
88.07
88.03
88.03
88.03
88.09
88.12
86.86
86.77
86.79
86.79
86.62
86.62
86.76
86.76
87.15
87.15
86.95
86.78
86.79
86.7
86.69
86.69
86.69
86.74
86.66
86.71
86.71
86.71
86.64
86.64
86.53
86.6
86.61
86.57
86.55
86.54
86.48
86.58
86.55
86.55
86.47
86.47
86.4
86.43
86.35
86.46
86.36
86.51
86.45
86.42
86.49
86.48
86.49
86.5
86.5
86.5
86.53
86.5
86.5
86.48
86.48
86.48
86.42
86.45
86.45
86.44
86.5
86.54
86.5
86.48
86.48
86.49
86.5
86.54
86.56
86.52
86.57
86.54
86.6
86.57
86.52
86.56
86.56
86.55
86.56
86.56
86.55
86.57
86.61
86.6
86.68
86.68
86.63
86.68
86.69
86.62
86.62
86.63
86.66
86.66
86.66
86.66
86.65
86.51
86.55
86.55
86.54
86.59
86.57
86.53
86.57
86.6
86.64
86.64
86.6
86.6
86.6
86.64
86.63
86.64
86.59
86.59
86.59
86.55
86.49
86.49
86.48
86.49
86.49
86.48
86.51
86.51
86.42
86.45
86.5
86.5
86.5
86.5
86.51
86.42
86.42
86.42
86.51
86.57
86.57
86.74
86.7
86.73
86.72
86.73
86.69
86.7
86.66
86.65
86.65
86.67
86.67
86.68
86.54
86.68
86.66
86.68
86.66
86.64
86.64
86.64
86.64
86.56
86.56
86.53
86.53
86.53
86.53
86.53
86.53
86.53
86.6
86.59
86.58
86.58
86.57
86.61
86.55
86.57
86.58
86.61
86.64
86.65
86.65
86.65
86.64
86.65
86.62
86.62
86.62
86.58
86.54
86.52
86.61
86.61
86.61
86.47
86.47
86.47
86.49
86.49
86.53
86.5
86.5
86.55
86.57
86.62
86.64
86.66
86.65
86.64
86.63
86.58
86.59
86.58
86.58
86.52
86.55
86.62
86.62
86.57
86.61
86.65
86.65
86.65
86.59
86.64
86.61
86.63
86.62
86.64
86.63
86.64
86.64
86.66
86.61
86.61
86.63
86.65
86.67
86.72
86.76
86.76
86.75
86.75
86.78
86.78
86.78
86.75
86.88
86.98
87.02
86.95
86.87
86.92
86.92
86.88
86.85
86.88
86.88
86.82
86.76
86.86
86.76
86.77
86.8
86.89
86.82
86.84
86.78
86.77
86.83
86.78
86.73
86.61
86.6
86.61
86.64
86.69
86.64
86.64
86.74
86.75
86.63
86.65
86.64
86.61
86.65
86.65
86.69
86.66
86.62
86.63
86.68
86.65
86.69
86.64
86.55
86.58
86.6
86.65
