78.45
78.15
78.25
78.18
78.21
78.18
78.29
78.35
78.18
78.25
78.16
78.16
78.15
78.1
78.07
78.2
78.18
78.26
78.41
78.35
78.35
78.35
78.2
78.19
78.18
78.14
78.05
78.08
78.04
78.15
78.15
78.18
78.12
78.05
78.07
78.06
78.05
78.03
78
78.01
78.03
78.01
78.09
77.99
77.99
78.02
77.94
78.01
77.99
77.95
77.89
77.97
78.01
77.97
77.96
77.87
77.89
77.85
77.8
77.81
77.9
77.83
77.82
77.78
77.77
77.82
77.84
77.82
77.81
77.82
77.85
77.89
77.79
77.88
77.81
77.81
77.79
77.74
77.73
77.66
77.69
77.66
77.67
77.66
77.57
77.68
77.69
77.64
77.48
77.56
77.47
77.36
77.35
77.36
77.35
77.34
77.36
77.43
77.32
77.46
77.38
77.38
77.33
77.34
77.35
77.4
77.48
77.37
77.44
77.43
77.49
77.5
77.52
77.53
77.55
77.59
77.58
77.57
77.56
77.56
77.56
77.58
77.66
77.57
77.61
77.61
77.58
77.58
77.59
77.64
77.59
77.63
77.63
77.61
77.59
77.64
77.72
77.71
77.69
77.69
77.71
77.74
77.8
77.81
77.8
77.75
77.75
77.8
77.8
77.73
77.71
77.77
77.74
77.74
77.74
77.75
77.78
77.79
77.8
77.79
77.75
77.82
77.87
77.9
77.91
77.91
77.92
77.92
77.95
77.96
77.97
77.96
77.91
78.01
78
77.93
77.91
77.9
77.92
77.88
77.87
77.84
77.84
77.85
77.84
77.82
77.81
77.8
77.84
77.92
77.94
77.93
77.92
77.87
77.91
77.86
77.83
77.84
77.86
77.81
77.78
77.76
77.78
77.76
77.74
77.8
77.72
77.72
77.77
77.71
77.66
77.66
77.67
77.67
77.71
77.72
77.69
77.63
77.62
77.59
77.59
77.58
77.58
77.72
77.54
77.55
77.54
77.6
77.63
77.63
77.61
77.61
77.64
77.65
77.5
77.5
77.5
77.53
77.54
77.53
77.52
77.52
77.5
77.5
77.51
77.49
77.51
77.49
77.49
77.52
76.52
76.28
76.29
76.46
76.52
76.64
76.62
76.75
76.71
76.42
76.77
76.74
76.71
76.64
76.57
76.72
76.56
76.52
76.33
76.27
76.31
76.4
76.24
76.28
76.36
76.39
76.35
76.28
76.19
76.25
76.32
76.41
76.45
76.43
76.42
76.35
76.39
76.49
76.39
76.33
76.32
76.28
76.35
76.22
76.3
76.25
76.35
76.29
76.06
76.02
76.19
75.97
75.9
75.9
75.94
75.96
75.97
75.94
75.98
75.96
75.77
75.69
75.72
75.66
75.69
75.74
75.76
75.86
75.73
75.75
75.84
75.87
75.83
75.85
75.81
75.79
75.82
75.8
75.82
75.86
75.86
75.85
75.9
75.9
76.01
75.94
75.93
75.9
76
76
75.98
75.98
75.98
75.99
76.01
75.91
75.93
75.96
75.99
75.91
75.87
75.91
75.91
75.92
75.92
75.93
75.94
75.97
75.99
75.92
76.07
75.92
75.95
76.03
76
75.96
75.96
75.97
75.99
76
76
76.03
75.99
76.03
76.1
76.06
76.03
76.05
76
75.96
75.94
75.97
75.94
75.99
75.97
75.94
75.97
76.01
75.97
75.93
75.95
75.97
75.93
75.96
75.94
75.93
75.95
75.92
75.98
75.98
75.97
75.95
75.99
76.02
76.03
76.02
75.97
75.95
76.04
75.99
76.04
76.03
76.02
76.04
76.11
76.07
76.03
76.02
76.03
76.07
75.99
76.01
76.11
75.95
75.97
76.02
76.04
76.04
76.04
76.02
75.98
75.99
76
75.97
75.95
75.99
75.97
75.97
75.97
75.94
75.99
75.99
75.95
75.95
75.98
75.93
75.98
75.99
75.99
75.98
75.99
75.96
76
76
76.11
76.08
76.03
76.06
76.06
76.06
76.12
76.07
76.09
76.07
76.09
76.1
76.1
76.08
76.06
76.05
76.07
76.08
76.07
76.09
75.97
75.99
76.01
76.08
76.04
76.08
76.04
76.06
76.1
76.15
76.26
76.17
76.2
76.29
76.3
76.24
76.34
76.3
76.28
76.28
76.25
76.3
76.32
76.24
76.19
76.25
76.29
76.29
76.24
76.31
76.19
76.21
76.14
76.14
76.07
76.09
75.98
76.08
75.99
75.95
75.96
75.93
75.92
75.92
75.94
75.92
75.9
75.9
75.92
75.96
75.94
75.86
75.82
75.81
75.81
75.82
75.8
76.48
76.5
76.5
76.7
76.31
76.49
76.12
76.24
76.52
76.57
76.68
76.57
76.63
76.46
76.38
76.38
76.41
76.35
76.4
76.5
76.53
76.55
76.58
76.55
76.55
76.5
76.54
76.54
76.66
76.74
76.74
76.72
76.61
76.5
76.52
76.51
76.49
76.53
76.51
76.48
76.42
76.43
76.42
76.42
76.45
76.45
76.39
76.44
76.46
76.43
76.44
76.3
76.28
76.28
76.34
76.25
76.29
76.34
76.34
76.33
76.26
76.28
76.14
76.04
76.1
76.32
76.06
76.07
76.11
76.12
76.17
76.14
76.08
76.08
76.11
76.11
76.13
76.11
76.1
76.07
76.15
76.07
76.08
76.25
76.32
76.32
76.33
76.33
76.28
76.22
76.23
76.12
76.22
76.29
76.29
76.26
76.24
76.4
76.11
76.41
76.43
76.43
76.48
76.42
76.45
76.55
76.58
76.58
76.63
76.49
76.52
76.73
76.55
76.7
76.66
76.62
76.6
76.57
76.62
76.63
76.62
76.73
76.78
76.79
76.77
76.75
76.72
76.7
76.63
76.62
76.63
76.66
76.7
76.79
76.73
76.8
76.88
76.97
76.98
76.95
76.91
76.8
76.89
76.92
76.92
76.94
76.95
77
76.99
77.02
77.03
77.09
77.18
77.21
77.19
77.14
77.14
77.13
77.24
77.29
77.33
77.21
77.31
77.35
77.32
77.29
77.37
77.38
77.35
77.27
77.32
77.29
77.28
77.3
77.27
77.34
77.27
77.32
77.43
77.55
77.59
77.56
77.53
77.48
77.56
77.43
77.53
77.53
77.46
77.38
77.33
77.35
77.47
77.55
77.49
77.32
77.49
77.32
77.44
77.4
77.41
77.43
77.4
77.24
77.35
77.31
77.26
77.32
77.42
77.41
77.4
77.38
77.33
77.36
77.4
77.37
77.4
77.39
77.38
77.39
77.4
77.4
77.4
77.39
77.42
77.42
77.4
77.39
77.39
77.38
77.21
77.29
77.2
77.18
77.19
77.04
77.05
76.76
76.66
76.81
76.54
76.69
76.71
76.64
76.73
76.6
76.65
76.56
76.6
76.59
76.62
76.65
76.56
76.6
76.52
76.46
76.47
76.52
76.37
76.23
76.49
76.18
76.19
76.3
76.28
76.38
76.45
76.44
76.41
76.43
76.42
76.52
76.71
76.76
76.9
76.88
76.79
76.74
76.8
76.85
76.85
76.71
76.53
76.53
76.57
76.65
76.59
76.45
76.43
76.48
76.36
76.41
76.48
76.54
76.29
76.43
76.42
76.55
76.63
76.74
76.65
76.34
77.16
77.17
77.36
76.77
77.27
77.08
76.82
76.74
76.52
76.61
76.54
76.73
76.3
75.81
75.39
74.92
75.25
76.44
74.3
74.49
74.62
74.92
76.5
74.71
75.03
75
75.33
75.14
75.27
75.5
75.55
75.31
75.93
75.81
76.23
76.1
75.01
75.98
76.03
76.04
76.02
74.6
76.27
76.21
76.34
76.37
76.4
76.21
76.15
75.98
76.13
76.28
76.01
74.6
76.17
76.11
76.07
76.05
75.97
75.94
75.61
75.6
75.67
74.6
76.04
76.01
75.99
75.82
75.8
75.74
75.75
75.01
75.93
76.14
74.6
76.06
76.03
76.14
76.08
75.92
76.04
76.32
76.35
75.29
76.36
76.39
76.58
76.25
76.69
77
76.9
75.01
76.3
75.25
76.87
76.6
76.74
76.14
75.25
76.69
76.75
75.29
76.67
76.45
76.6
76.53
76.72
76.67
76.83
76.79
75.01
76.82
76.82
76.85
76.86
76.88
75.25
75.25
77
76.9
76.68
76.75
77
76.99
76.52
76.54
76.67
76.71
76.73
75.25
76.8
76.72
76.59
76.68
76.34
76.39
76.26
76.14
76.26
75.25
76.29
76.14
76.62
76.33
76.43
76.46
76.47
76.41
76.49
76.35
76.45
76.61
76.14
76.54
76.47
76.47
76.74
76.52
76.7
76.87
76.71
74.74
76.62
74.74
76.66
76.72
76.71
76.62
76.51
76.66
76.5
75.25
76.62
76.7
76.65
76.64
75.01
76.62
76.64
75.29
76.6
76.6
76.68
76.6
76.63
74.74
76.56
76.14
76.56
76.14
76.59
76.5
76.54
76.5
76.7
75.29
76.52
76.49
75.01
76.14
76.83
76.86
76.88
76.97
77
76.97
77.01
76.88
76.93
76.92
76.95
76.92
76.91
77.02
76.85
76.95
76.94
76.9
76.9
76.94
76.87
76.89
76.99
77.09
77.07
77.08
77.17
75.29
75.01
77.37
77.38
77.42
77.43
77.6
77.62
77.84
75.01
77.78
77.86
77.86
77.86
77.89
77.97
75.01
77.98
77.98
77.98
77.99
77.83
77.72
77.77
77.7
77.65
77.49
77.74
77.49
77.63
77.79
77.73
77.62
77.47
77.43
77.44
77.43
77.53
77.51
77.41
77.68
77.6
77.57
77.29
77.29
77.25
77.26
77.56
77.2
77.18
77.15
76.93
76.89
77.18
76.85
76.93
76.89
76.9
77.04
77.01
76.99
77.01
76.91
77
76.9
76.86
76.79
76.71
76.63
76.66
76.61
76.81
76.82
76.83
76.82
76.78
76.6
76.66
76.64
77.2
76.54
76.6
76.73
76.73
76.72
76.75
76.74
76.81
76.81
76.69
76.74
76.7
76.74
76.71
76.74
76.73
76.69
76.77
77.2
76.76
76.74
76.74
76.73
76.89
76.92
76.94
76.95
77.04
77.07
76.96
76.94
76.89
76.99
77.02
77.02
76.98
76.91
76.88
76.98
76.92
76.97
76.98
76.94
77
76.92
77.04
77.1
77.1
77.09
77.07
77.01
76.92
76.99
77.1
76.99
76.99
77
77.01
77.2
76.92
76.96
77.03
77
76.97
76.9
76.9
76.78
76.95
76.98
76.9
76.85
76.89
76.89
76.88
76.93
77
76.97
77.09
77.09
77.08
77.04
76.97
76.96
76.86
77.05
76.94
77.08
77.11
76.86
77.11
77.07
77.11
77.05
77.03
77
77.05
76.97
76.93
77
76.98
77
77.01
77
76.99
76.96
76.84
76.92
76.89
76.86
76.86
76.84
77.2
76.86
76.98
76.94
76.94
76.86
76.87
77.2
76.86
76.92
76.95
76.94
76.93
76.9
77.2
76.87
76.82
76.86
76.87
76.86
76.81
76.81
76.78
76.72
76.64
76.6
76.81
76.76
76.81
76.77
76.75
76.69
76.63
76.61
76.71
76.75
76.75
77.2
76.71
76.73
76.71
76.7
76.68
76.66
76.64
76.68
76.68
76.74
76.75
76.65
77.2
76.75
76.71
76.67
76.67
76.63
76.72
76.63
76.64
76.67
76.67
76.68
76.71
76.65
76.65
76.69
76.65
76.36
76.43
76.46
76.54
76.33
76.43
76.6
76.54
76.55
76.56
76.68
76.7
76.68
76.64
76.61
76.64
76.67
76.58
76.55
76.51
76.49
76.35
76.33
76.35
76.33
76.32
76.37
76.37
76.32
76.35
76.17
76.14
76.25
76.26
76.13
76.19
76.03
76
76.07
76.09
76.07
76.07
76.11
76.23
76.19
76.17
76.13
76.05
76.15
76.19
76.24
76.16
76.06
75.96
76.06
75.96
76.21
75.83
75.82
75.9
75.87
75.78
