179.4
179.58
178.96
179.2
179.06
179.69
179.29
179.44
179.44
179.42
179.16
178.96
179.29
179.28
179.25
179.48
179.74
179.81
179.98
179.94
179.8
179.8
179.41
179.29
179.67
179.41
179.63
179.61
179.77
179.87
179.87
179.5
179.62
179.49
179.67
179.62
179.68
179.72
179.77
179.97
179.76
179.64
179.84
179.71
180.14
179.7
179.84
180.02
180
179.93
179.79
179.95
179.95
179.96
180.02
179.97
180
179.96
180.07
180.24
180.51
180.6
180.93
180.79
180.66
180.74
180.74
180.6
180.59
180.43
180.69
180.65
180.41
180.67
180.41
180.74
180.24
180.1
180.1
180.16
180.3
180.29
180.22
180.08
180.2
180.2
180.18
180.22
180.49
180.48
180.34
180.28
180.22
180.15
180.04
180.06
180.06
180.18
180.3
180.23
180.2
180.21
180.08
180.02
180.16
180.1
180.23
180.07
180.28
179.96
179.96
180.12
180.21
180.23
180.19
180.1
180.26
180.28
180.25
180.24
180.24
180.26
180.26
180.3
180.38
180.38
180.41
180.37
180.29
180.23
180.27
180.21
180.21
180.46
180.5
180.61
180.63
180.53
180.6
180.68
180.58
180.54
180.59
180.6
180.6
180.41
180.59
180.59
180.14
180.34
180.39
180.36
180.31
180.2
180.15
180.1
179.93
179.79
179.84
179.86
179.84
179.91
179.95
179.97
179.96
179.91
179.89
179.8
179.82
179.91
179.97
179.95
179.95
180.38
180.46
180.25
180.3
180.34
180.28
180.29
180.33
180.29
180.31
180.36
180.3
180.42
180.35
180.35
180.56
180.75
180.88
180.9
180.71
180.79
180.63
180.49
180.53
180.55
180.62
180.56
180.62
180.62
180.71
180.62
180.79
180.56
180.6
180.6
180.7
180.8
180.71
180.68
180.75
180.58
180.65
180.59
180.69
180.65
180.65
180.61
180.63
180.62
180.61
180.59
180.52
180.64
180.65
180.74
180.71
180.8
180.73
180.84
180.76
180.78
180.16
180.25
180.48
180.57
180.55
180.62
180.55
180.44
180.35
180.42
180.33
180.31
180.44
180.28
180.28
180.29
177.51
177.15
176.85
176.93
177.12
177.57
177.4
177.8
177.62
177.48
177.67
177.67
177.57
177.5
177.57
177.58
177.1
177.25
177.08
177.24
177.29
176.93
177.15
177.46
177.43
177.59
177.49
176.82
177.9
177.36
177.73
178.1
177.22
177.97
177.95
177.85
178.12
178.3
178.2
178.01
178.1
178.05
178.04
178
178.11
178.03
178.28
177.92
177.33
177.3
177.07
177.39
176.87
176.84
177.03
176.95
176.98
176.98
176.96
177
176.94
176.73
176.78
176.65
176.58
176.62
176.65
176.72
176.71
176.71
176.71
176.97
176.93
176.91
177.01
176.94
177.06
176.9
177.1
177.1
177.38
177.29
177.42
177.29
177.58
177.58
177.39
177.32
177.26
177.39
177.22
177.45
177.3
177.29
177.27
177.27
177.21
177.2
176.94
176.93
176.63
176.8
177.02
177
177.09
177.1
176.93
176.89
176.96
176.81
176.89
176.77
176.84
176.96
176.66
176.87
176.72
176.71
176.56
176.55
176.77
177.06
177.01
176.95
176.98
176.99
176.76
176.78
176.52
176.73
176.73
176.62
176.55
176.62
176.58
176.64
176.78
176.66
176.9
176.45
176.78
176.67
176.73
176.73
176.7
176.51
176.66
176.61
176.34
176.34
176.39
176.54
176.61
176.85
176.8
176.71
176.8
176.68
176.77
176.62
176.84
176.86
176.81
176.95
177.13
177.02
176.69
177.23
177.16
177.11
177.2
177.09
177.16
177.16
176.9
177.03
177.17
177.15
177.28
177.27
177.21
177.33
177.72
177.39
177.47
177.35
177.25
177.59
177.66
177.53
177.35
177.45
177.43
177.43
177.46
177.44
177.48
177.76
177.41
177.85
177.98
177.97
177.71
178.17
177.77
177.77
178.06
178.1
178.04
178.02
178.1
178.09
178.12
178.08
178.11
178.1
177.84
177.67
177.66
177.55
177.69
177.58
177.6
177.54
177.48
177.31
177.4
177.67
177.67
177.63
177.53
177.65
177.7
177.72
177.72
177.93
178.34
178.31
178.06
178.57
178.25
178.57
178.39
178.37
178.27
178.33
178.47
178.18
178.33
178.18
178.27
178.18
178.24
178.03
178.39
177.64
177.43
177.59
177.78
177.6
177.57
177.63
177.27
177.31
177.25
177.25
177.04
177.04
177.18
177.02
176.93
176.95
176.95
176.99
176.97
176.83
176.7
176.62
176.71
176.75
176.73
177.26
177
176.89
177.04
176.88
176.7
176.87
176.97
177.01
177.32
177.2
177.26
177.48
177
177.31
176.95
177.1
177.28
177.32
177.16
177.12
177.18
177.28
177.38
177.25
177.32
177.38
177.34
177.34
177.45
177.33
177.3
177.23
177.38
177.13
176.99
176.94
176.95
176.97
177.08
176.97
177.14
177.11
177.11
177.03
177.29
176.98
177.32
177.13
177.04
177.01
176.9
177.03
176.91
176.94
176.79
176.95
176.96
176.91
176.97
176.65
176.67
176.62
176.47
176.57
176.62
176.58
176.8
176.66
176.64
176.58
176.43
176.28
176.31
176.5
176.45
176.21
176.29
176.56
176.4
176.63
176.21
176.77
176.8
176.9
176.73
176.96
176.54
176.47
176.37
176.14
176.18
176.35
176.31
176.21
176.13
176.13
176.28
176.45
176.31
176.09
176.17
176.35
176.49
176.53
176.28
176.14
176.22
176.31
176.71
176.55
176.6
176.36
176.41
176.4
176.45
176.33
176.38
176.51
176.43
176.63
176.76
176.94
176.87
176.73
176.83
176.73
176.73
176.79
176.8
176.64
176.73
176.79
176.73
176.74
176.83
176.77
176.82
176.86
176.83
176.95
176.8
176.83
176.83
176.61
176.69
176.92
176.92
176.74
176.78
176.77
176.95
176.79
176.97
177
177
176.94
176.92
177.04
176.95
176.98
176.95
176.91
176.99
177.1
177.02
177.1
177.1
177.07
177.01
177.05
177
177.03
176.97
176.95
176.86
176.89
176.89
176.93
176.96
176.94
176.94
176.94
176.93
176.99
176.88
176.77
176.78
176.63
176.6
176.72
176.62
176.52
176.62
176.53
176.61
176.46
176.52
176.59
176.56
176.58
176.57
176.56
176.61
176.59
176.54
176.6
176.57
176.8
176.72
176.6
176.78
176.68
176.7
176.73
176.71
176.67
176.63
176.66
176.65
176.71
176.78
176.74
176.71
176.74
176.82
176.76
176.73
176.71
176.68
176.31
177.08
176.58
176.76
176.59
176.51
176.41
176.12
176.06
175.86
176.04
176.25
176.16
175.96
176.22
176.12
176.07
176.26
176.4
175.84
175.86
176.22
176.2
175.92
175.79
175.95
175.5
175.63
175.41
175.73
175.08
175.14
175.46
175.4
175.67
175.33
175.34
175.42
175.42
175.39
175.55
175.78
175.85
175.67
175.59
175.45
175.33
175.13
175.08
175.1
175.01
174.91
174.73
174.53
174.74
174.77
174.69
174.5
174.32
174.36
174.21
173.92
174
174.05
173.57
173.51
173.42
173.45
173.39
173.39
173.43
173.14
173.93
173.95
174.68
174.53
174.09
174.18
174.16
174.31
174.57
174.52
173.98
174.23
174.11
174.06
174.5
174.16
174.38
174.45
174.13
174.46
174.59
174.65
174.84
174.88
175.43
175.27
175.28
174.91
175.05
175.25
175.15
175.26
175.2
175.05
174.27
175.11
174.42
174.65
174.33
174.33
174.38
174.37
174.34
174.19
174.33
174.2
174.32
174.32
174.25
174.41
174.2
174.15
174.28
174.16
174.16
174.15
174.13
174.05
174.01
175.28
174.23
174.18
173.67
173.68
174.25
174.24
173.36
173.34
173.32
173.3
173.43
173.66
173.56
173.63
174.1
173.85
174.16
174.27
173.67
173.66
174.35
173.98
174.11
174.12
174.18
174.2
173.97
173.84
173.77
174.1
174
173.98
174.2
174.31
173.9
173.9
174.16
173.99
174.16
174.44
174.14
174.38
174.24
174.13
174.27
174.09
174.46
174.54
174.47
174.47
174.5
174.55
174.57
174.27
174.45
174.27
174.76
174.76
174.99
174.71
174.54
174.66
174.65
174.68
174.67
175.28
174.16
174.97
174.7
174.99
174.89
174.85
174.82
174.77
174.65
174.68
174.8
174.86
174.76
175.33
174.7
175.08
174.27
174.76
175.05
175.03
175.15
175.23
175.13
175.13
175.13
174.4
174.37
174.5
174.57
175.28
174.41
174.91
174.61
175.18
175.09
175
175.13
175.29
175.32
175.27
174.16
175.28
175.28
175.47
175.32
175.33
175.55
175.24
175.28
175.29
175.44
175.41
175.48
175.48
175.13
175.08
175.14
175.14
174.16
175.19
175.1
175.27
175.25
175.33
175.47
175.31
175.31
175.57
175.64
175.33
175.62
175.45
175.46
175.39
175.44
175.3
175.33
175.32
175.26
175.38
175.03
175.29
174.27
174.95
174.57
174.16
174.91
174.57
174.87
175
174.57
174.95
174.97
174.93
175.03
174.27
175.07
175.2
175.1
174.57
175.14
175.14
175.14
174.27
174.16
175.77
175.78
175.84
175.96
175.63
175.33
175.33
175.78
175.77
175.77
175.77
175.84
175.84
175.84
176
175.86
174.69
174.23
174.25
174.23
174.43
174.07
174.36
174.48
174.52
174.52
174.79
174.73
174.84
174.67
174.81
174.46
174.55
174.66
174.55
174.63
174.7
174.7
174.5
174.17
174.39
174.43
174.65
174.54
174.57
174.81
174.6
174.15
174.1
174.56
174.05
174.02
173.96
173.9
173.86
174.47
173.98
174.08
174.26
173.98
173.83
173.92
173.88
173.86
173.74
173.91
173.73
173.88
174
173.85
173.72
173.7
173.45
173.38
173.23
173.4
173.35
173.87
173.7
173.68
173.71
173.77
173.69
173.9
173.87
173.87
173.95
173.75
174.01
173.69
173.74
173.8
173.8
173.67
173.77
173.79
173.53
173.64
173.71
173.73
173.76
173.67
173.92
173.92
173.9
173.55
174.01
173.6
173.66
173.81
173.57
173.57
173.61
173.33
173.18
173.25
173.34
173.5
173.53
173.55
173.3
173.32
173.61
173.31
173.43
173.5
173.41
173.37
173.36
173.41
173.28
173.29
173.3
173.27
173.1
173.45
173.15
173.15
173.29
173.4
173.27
173.32
173.16
173.3
173.43
173.4
173.11
173.18
173.33
173.48
173.5
173.66
173.82
173.97
173.97
174.11
174.05
174.09
173.99
174.04
174.11
174.24
174.38
174.03
174.07
174.15
174.13
174.01
174.01
174.12
174.09
174.16
174.04
173.85
173.82
173.84
173.84
173.83
173.75
173.68
173.67
173.51
173.67
173.71
173.88
173.57
173.68
173.67
173.75
173.68
173.69
173.85
173.95
173.87
173.86
173.7
174.08
174.03
173.76
174.01
173.77
174.01
174.04
173.81
173.91
173.88
173.88
173.82
173.76
173.74
173.72
173.93
173.78
173.51
173.51
173.43
173.77
173.52
173.5
173.59
173.65
173.5
173.86
173.79
173.57
173.87
173.62
173.9
173.93
173.95
173.91
173.84
173.72
174.11
173.86
174.24
174.27
173.78
174.51
174.44
174.37
174.14
174.19
174.4
174.53
174.5
174.53
174.61
174.6
174.62
174.72
174.4
174.44
174.46
174.6
174.58
174.75
174.87
174.79
175.18
175.22
174.66
174.75
175.28
175.4
175.61
175.53
175.6
175.45
175.34
174.53
175.26
175.28
174.83
174.9
174.78
174.53
174.39
173.99
174.14
174.23
174.28
174.25
173.98
173.74
173.69
174.2
174.03
173.62
173.51
173.16
173.35
173.3
173.54
173.32
173.5
173.5
173.66
173.48
173.53
173.64
173.26
173.47
173.51
173.86
173.51
173.24
173.01
173.19
173.11
173.05
172.97
172.84
172.75
172.74
172.41
