35.97
35.97
35.95
35.95
35.87
36
35.98
35.9
35.9
36
35.99
35.97
35.92
35.92
35.94
35.98
35.96
35.99
35.94
35.9
35.9
35.9
35.85
35.85
35.86
35.83
35.85
35.81
35.84
35.86
35.86
35.82
35.8
35.8
35.78
35.77
35.74
35.74
35.62
35.65
35.66
35.65
35.65
35.62
35.62
35.61
35.58
35.59
35.62
35.63
35.62
35.61
35.61
35.65
35.7
35.68
35.69
35.7
35.68
35.71
35.69
35.7
35.71
35.73
35.73
35.74
35.73
35.76
35.74
35.72
35.71
35.73
35.72
35.75
35.74
35.74
35.76
35.8
35.8
35.79
35.8
35.8
35.81
35.79
35.81
35.75
35.79
35.77
35.79
35.8
35.78
35.76
35.77
35.78
35.78
35.76
35.77
35.74
35.71
35.68
35.68
35.65
35.63
35.77
35.63
35.64
35.62
35.64
35.65
35.63
35.62
35.62
35.63
35.61
35.6
35.61
35.58
35.6
35.59
35.59
35.61
35.61
35.63
35.63
35.65
35.66
35.65
35.67
35.67
35.67
35.69
35.69
35.69
35.69
35.72
35.68
35.74
35.74
35.75
35.74
35.76
35.75
35.76
35.78
35.78
35.75
35.74
35.73
35.73
35.74
35.78
35.75
35.74
35.74
35.74
35.72
35.71
35.72
35.74
35.72
35.76
35.74
35.75
35.74
35.73
35.71
35.71
35.73
35.74
35.74
35.74
35.74
35.74
35.78
35.83
35.83
35.77
35.77
35.82
35.81
35.85
35.87
35.87
35.87
35.86
35.88
35.87
35.89
35.9
35.89
35.91
35.94
35.95
35.95
35.95
35.93
35.92
35.92
35.93
35.92
35.92
35.92
35.93
35.92
35.9
35.9
35.9
35.89
35.94
35.86
35.88
35.87
35.81
35.86
35.83
35.85
35.85
35.83
35.82
35.82
35.83
35.81
35.82
35.81
35.78
35.8
35.79
35.8
35.83
35.83
35.83
35.83
35.83
35.84
35.76
35.76
35.78
35.79
35.8
35.81
35.79
35.79
35.78
35.78
35.78
35.78
35.79
35.8
35.8
35.81
34.08
34.09
34.07
34.21
34.3
34.28
34.37
34.04
34.11
34.23
34.14
34.14
34.04
34.13
34.28
34.16
34.12
34.15
34.11
34.15
34.15
34.2
34.15
34.17
34.1
34.1
34.2
34.22
34.26
34.16
34.18
34.22
34.17
34.12
34.13
34.13
34.13
34.06
34.02
34.05
34.1
34.09
34.03
34.03
34.06
34.04
34.13
34.01
33.98
34.11
33.91
33.86
33.86
33.76
33.8
33.7
33.72
33.76
33.7
33.7
33.59
33.59
33.58
33.56
33.67
33.67
33.69
33.77
33.64
33.85
33.85
33.87
33.92
33.9
33.9
33.91
33.93
33.93
33.96
33.96
33.95
33.99
33.91
34.01
34.06
34.06
34.06
34.07
34.09
34
33.92
33.92
33.93
34
33.99
33.99
34
34.01
34.01
34
34.02
34.09
34.08
34.06
34.09
34.1
34.15
34.12
34.06
34.15
34.17
34.14
34.14
34.15
34.11
34.09
34.07
34.08
34.05
34.06
34.06
34.08
34.04
34.03
34
34.07
34
34.01
34.03
34.04
34.04
34.06
34.04
34.07
34.11
34.04
34.17
34.07
34.06
34.12
34.13
34.09
34.12
34.12
34.13
34.1
34.12
34.15
34.18
34.15
34.2
34.24
34.29
34.31
34.3
34.31
34.33
34.27
34.25
34.24
34.26
34.24
34.25
34.26
34.25
34.24
34.26
34.25
34.22
34.17
34.15
34.25
34.15
34.15
34.16
34.16
34.15
34.17
34.15
34.14
34.18
34.18
34.15
34.15
34.16
34.21
34.23
34.21
34.21
34.21
34.22
34.21
34.21
34.2
34.25
34.25
34.28
34.31
34.32
34.35
34.26
34.37
34.39
34.39
34.39
34.39
34.35
34.37
34.37
34.38
34.35
34.38
34.36
34.37
34.4
34.44
34.39
34.39
34.35
34.36
34.38
34.38
34.33
34.33
34.31
34.32
34.32
34.32
34.35
34.35
34.32
34.32
34.35
34.4
34.4
34.51
34.53
34.57
34.6
34.68
34.66
34.62
34.59
34.55
34.58
34.6
34.56
34.54
34.6
34.55
34.55
34.51
34.55
34.47
34.44
34.4
34.38
34.39
34.41
34.42
34.34
34.34
34.32
34.28
34.32
34.31
34.3
34.3
34.33
34.28
34.29
34.3
34.31
34.31
34.28
34.29
34.25
34.22
34.19
34.2
34.19
34.46
34.44
34.37
34.4
34.37
34.38
34.42
34.46
34.6
34.59
34.58
34.58
34.64
34.64
34.61
34.6
34.62
34.68
34.58
34.69
34.66
34.62
34.68
34.66
34.67
34.68
34.62
34.64
34.62
34.68
34.57
34.51
34.53
34.51
34.49
34.4
34.42
34.42
34.4
34.41
34.38
34.38
34.37
34.38
34.39
34.41
34.41
34.42
34.37
34.32
34.37
34.43
34.27
34.27
34.27
34.28
34.28
34.29
34.28
34.28
34.21
34.27
34.17
34.28
34.22
34.21
34.19
34.2
34.12
34.13
34.12
34.03
34.05
34.04
34.1
34.09
34.09
34.13
34.02
34.14
34.06
34.16
34.15
34.14
34.16
34.11
34.13
34.13
34.17
34.09
34.06
34.08
34.08
34.08
34.06
34.03
34.06
34.07
34.07
34.06
34.11
34.09
34.14
34.13
34.14
34.14
34.18
34.2
34.21
34.21
34.21
34.21
34.15
34.14
34.21
34.2
34.2
34.21
34.23
34.23
34.23
34.27
34.29
34.26
34.26
34.25
34.23
34.21
34.29
34.17
34.27
34.22
34.24
34.25
34.24
34.28
34.27
34.29
34.28
34.29
34.28
34.29
34.26
34.28
34.3
34.29
34.29
34.3
34.29
34.29
34.29
34.3
34.33
34.33
34.29
34.31
34.31
34.3
34.28
34.32
34.33
34.33
34.33
34.3
34.28
34.32
34.33
34.33
34.31
34.31
34.31
34.27
34.29
34.31
34.27
34.3
34.29
34.31
34.32
34.3
34.31
34.32
34.3
34.29
34.31
34.28
34.26
34.26
34.25
34.24
34.25
34.25
34.22
34.23
34.23
34.18
34.2
34.19
34.2
34.22
34.18
34.19
34.19
34.17
34.15
34.17
34.17
34.24
34.24
34.22
34.23
34.25
34.25
34.24
34.24
34.24
34.21
34.2
34.2
34.23
34.24
34.24
34.23
34.25
34.22
34.24
34.25
34.25
34.22
34.2
34.14
34.31
34.29
34.29
34.19
34.28
34.13
34.02
34.07
33.94
34.04
34.06
34.08
34.1
34.14
34.1
34.1
34.16
34.14
34.13
33.95
33.94
34.09
34.01
33.96
34.01
34
33.97
33.91
33.86
34.02
33.95
33.99
33.94
33.97
34.02
34
34.01
34.01
34.07
34.1
34.15
34.15
34.14
34.12
34.19
34.11
34.04
34.09
34.05
34.05
34
33.97
33.98
34.01
33.98
33.93
33.94
33.92
33.92
33.93
33.87
33.89
33.83
33.78
33.78
33.8
33.78
33.83
33.82
33.83
33.79
33.87
33.94
33.94
33.99
33.96
33.94
33.94
33.96
33.96
33.94
33.91
33.87
33.9
33.9
33.92
33.94
33.93
33.9
33.92
33.94
33.86
33.94
33.91
33.93
34.01
33.99
33.99
33.88
33.88
34
33.86
33.94
33.88
33.85
33.87
33.81
33.93
33.75
33.75
33.87
33.74
33.68
33.68
33.66
33.73
33.75
33.66
33.7
33.92
33.61
33.57
33.61
33.63
33.58
33.6
33.61
33.63
33.58
33.64
33.6
33.63
33.94
33.57
33.62
33.64
34
33.49
33.94
33.59
33.47
33.94
33.5
34
33.5
33.56
33.54
34
34
33.65
33.52
33.66
33.55
33.68
33.61
33.59
33.59
33.62
33.59
33.59
34
33.71
33.7
33.73
33.77
33.77
33.73
33.74
33.77
33.78
33.81
33.8
33.81
33.78
33.78
33.8
33.75
33.77
34
33.84
33.81
33.83
33.84
33.96
34
33.87
33.85
33.96
33.96
33.9
33.88
34
33.89
33.93
33.96
33.94
33.92
33.92
33.98
33.99
34
33.99
33.99
33.99
34.01
33.99
34
34
33.99
33.97
34
34
34
33.98
34.04
33.97
33.97
33.96
33.97
33.94
33.94
33.94
34
33.95
33.96
33.96
33.93
34
34
33.96
34.09
34.12
34.15
34.18
33.96
34
33.96
34.24
34.22
34.22
34.22
34
33.56
34.11
34.1
33.96
34.07
33.96
34.08
34.1
34.1
33.99
33.56
34
34
33.99
33.94
34
34
33.99
34.04
34.05
34.05
34.05
34.09
34.04
34.11
34
34
34
34.06
34.02
34.03
34.03
34.02
34
34
33.97
34
33.98
33.99
33.96
33.96
33.98
33.93
33.93
33.96
33.96
33.98
33.99
33.97
34
33.96
34
33.96
33.97
34.01
34.01
34.01
34.01
34.14
34.13
34.15
34.14
34.2
34.2
34.2
34.21
34.21
34.15
34.15
34.15
34.15
34.19
34.19
34.19
34
33.94
33.91
33.87
33.83
33.86
33.92
33.71
33.71
33.95
33.93
33.91
33.77
33.72
33.85
33.81
33.79
33.79
33.78
33.83
33.76
33.78
33.74
33.66
33.79
33.62
33.54
33.58
33.78
33.63
33.63
33.64
33.62
33.64
33.62
33.67
33.56
33.56
33.53
33.52
33.56
33.56
33.57
33.59
33.58
33.55
33.59
33.51
33.5
33.49
33.51
33.49
33.49
33.52
33.49
33.52
33.5
33.48
33.46
33.4
33.4
33.66
33.39
33.42
33.42
33.42
33.43
33.43
33.44
33.46
33.42
33.43
33.43
33.45
33.47
33.46
33.43
33.48
33.48
33.47
33.47
33.45
33.42
33.43
33.44
33.48
33.44
33.48
33.46
33.47
33.48
33.49
33.47
33.43
33.47
33.47
33.47
33.47
33.4
33.39
33.37
33.43
33.36
33.38
33.37
33.38
33.37
33.45
33.45
33.48
33.47
33.5
33.51
33.51
33.5
33.53
33.44
33.49
33.49
33.49
33.42
33.42
33.42
33.41
33.43
33.45
33.46
33.43
33.42
33.4
33.42
33.43
33.39
33.41
33.48
33.48
33.51
33.5
33.58
33.58
33.58
33.66
33.6
33.59
33.59
33.61
33.62
33.63
33.62
33.62
33.59
33.62
33.62
33.61
33.59
33.58
33.61
33.63
33.59
33.59
33.58
33.58
33.6
33.58
33.56
33.53
33.54
33.57
33.51
33.47
33.47
33.48
33.48
33.46
33.48
33.46
33.47
33.46
33.66
33.5
33.49
33.5
33.52
33.47
33.52
33.53
33.53
33.51
33.49
33.51
33.5
33.47
33.47
33.51
33.49
33.48
33.45
33.43
33.44
33.44
33.44
33.45
33.47
33.47
33.47
33.45
33.66
33.49
33.51
33.47
33.54
33.53
33.53
33.53
33.51
33.5
33.47
33.45
33.46
33.51
33.51
33.51
33.54
33.54
33.53
33.52
33.48
33.49
33.51
33.47
33.51
33.49
33.48
33.51
33.5
33.43
33.44
33.66
33.48
33.42
33.4
33.4
33.42
33.4
33.41
33.46
33.48
33.47
33.46
33.48
33.52
33.54
33.51
33.49
33.51
33.48
33.43
33.52
33.48
33.5
33.5
33.43
33.37
33.35
33.39
33.34
33.32
33.35
33.28
33.22
33.34
33.22
33.22
33.28
33.27
33.18
33.13
33.17
33.2
33.21
33.2
33.21
33.25
33.28
33.24
33.25
33.28
33.26
33.24
33.27
33.29
33.22
33.19
33.25
33.2
33.12
33.13
33.13
33.07
33.06
33.03
33.03
