43.15
43.15
43.18
43.19
43.08
43.18
43.18
43.16
43.16
43.09
43.17
43.09
43.11
43.11
43.12
43.11
43.13
43.13
43.15
43.16
43.16
43.16
43.17
43.17
43.17
43.16
43.17
43.17
43.17
43.16
43.16
43.11
43.1
43.09
43.08
43.06
43.1
43.1
43.01
43.01
42.97
42.95
42.95
42.98
42.94
42.92
42.98
42.94
42.92
42.91
42.94
42.86
42.86
42.87
42.9
42.89
42.87
42.9
42.92
42.88
42.98
43.04
43.07
43.07
43.05
43.03
43.04
43.05
43.07
43.03
43.03
43.03
43.02
43.03
43.02
43.02
43.02
42.99
42.99
42.99
42.98
43
43.01
43
43.01
43.01
43.02
42.99
43.03
43.03
43.03
43.04
43.01
42.99
43
42.98
43
43.03
43.02
43.02
43.01
43.01
43
43.01
43.01
43
42.99
43
42.99
43.01
43.01
43.02
43.03
43.02
43.03
43.04
43.04
43.03
43.05
43.06
43.07
43.09
43.05
43.09
43.08
43.08
43.1
43.08
43.08
43.08
43.06
43.07
43.07
43.06
43.07
43.07
43.07
43.08
43.09
43.09
43.1
43.09
43.08
43.1
43.09
43.07
43.07
43.09
43.09
43.09
43.1
43.09
43.08
43.07
43.08
43.06
43.05
43.03
43.04
43.02
43.03
43.01
43.02
43.02
43.03
43.03
43.03
43.03
43.03
43.05
43.05
43.06
43.06
43.07
43.08
43.05
43.08
43.09
43.07
43.07
43.07
43.06
43.06
43.07
43.04
43.05
43.04
43.05
43.09
43.1
43.12
43.08
43.11
43.11
43.09
43.09
43.09
43.08
43.09
43.08
43.09
43.09
43.09
43.08
43.06
43.06
43.08
43.07
43.09
43.08
43.08
43.07
43.03
43.03
43.03
43.03
43.02
43.03
43.02
43.04
43.01
43.01
43.02
43.02
43.01
43
43.01
43.01
43.01
43.02
43.01
43.01
43.02
43
42.85
42.84
42.86
42.86
42.89
42.88
42.9
42.92
42.91
42.9
42.94
42.94
42.96
42.95
42.96
42.96
42.54
42.49
42.47
42.53
42.53
42.57
42.57
42.56
42.52
42.5
42.57
42.57
42.55
42.6
42.58
42.59
42.58
42.56
42.58
42.55
42.52
42.53
42.52
42.54
42.57
42.58
42.57
42.6
42.59
42.51
42.52
42.56
42.53
42.6
42.59
42.54
42.52
42.52
42.56
42.53
42.48
42.48
42.45
42.38
42.42
42.41
42.44
42.31
42.36
42.35
42.33
42.32
42.32
42.28
42.31
42.28
42.25
42.26
42.24
42.22
42.23
42.23
42.21
42.21
42.24
42.25
42.23
42.25
42.26
42.26
42.26
42.27
42.27
42.31
42.27
42.24
42.22
42.22
42.2
42.2
42.18
42.2
42.22
42.23
42.22
42.22
42.17
42.16
42.17
42.21
42.21
42.21
42.22
42.22
42.26
42.21
42.25
42.25
42.25
42.25
42.23
42.28
42.31
42.29
42.33
42.34
42.29
42.29
42.28
42.28
42.33
42.3
42.29
42.28
42.27
42.29
42.28
42.27
42.27
42.29
42.3
42.29
42.24
42.25
42.24
42.27
42.22
42.22
42.24
42.19
42.19
42.21
42.21
42.22
42.22
42.21
42.24
42.22
42.21
42.25
42.24
42.22
42.23
42.23
42.22
42.23
42.23
42.25
42.24
42.24
42.27
42.29
42.29
42.33
42.32
42.33
42.34
42.34
42.34
42.35
42.34
42.34
42.31
42.32
42.34
42.35
42.34
42.33
42.32
42.33
42.31
42.32
42.31
42.31
42.34
42.34
42.33
42.35
42.35
42.35
42.35
42.38
42.37
42.36
42.33
42.35
42.38
42.31
42.29
42.31
42.33
42.32
42.32
42.33
42.33
42.33
42.36
42.39
42.39
42.39
42.35
42.4
42.42
42.42
42.38
42.38
42.4
42.39
42.4
42.39
42.41
42.41
42.42
42.44
42.43
42.44
42.43
42.42
42.38
42.36
42.39
42.38
42.39
42.39
42.38
42.42
42.41
42.39
42.38
42.38
42.35
42.35
42.39
42.43
42.43
42.44
42.44
42.45
42.46
42.46
42.46
42.44
42.44
42.43
42.41
42.46
42.42
42.4
42.42
42.4
42.42
42.41
42.4
42.38
42.36
42.35
42.34
42.36
42.38
42.37
42.35
42.37
42.33
42.37
42.3
42.31
42.32
42.32
42.33
42.29
42.29
42.32
42.33
42.35
42.32
42.33
42.32
42.33
42.33
42.4
42.41
42.68
42.58
42.69
42.64
42.65
42.65
42.67
42.69
42.67
42.69
42.68
42.68
42.66
42.66
42.69
42.67
42.68
42.67
42.67
42.68
42.69
42.7
42.73
42.74
42.75
42.77
42.73
42.75
42.77
42.79
42.75
42.69
42.72
42.71
42.71
42.67
42.71
42.73
42.7
42.73
42.73
42.73
42.73
42.71
42.7
42.71
42.69
42.7
42.69
42.6
42.61
42.7
42.56
42.56
42.56
42.57
42.55
42.58
42.58
42.57
42.55
42.53
42.53
42.55
42.54
42.52
42.54
42.52
42.54
42.56
42.54
42.53
42.52
42.52
42.54
42.53
42.53
42.53
42.51
42.54
42.55
42.55
42.54
42.51
42.54
42.52
42.52
42.51
42.49
42.49
42.46
42.44
42.46
42.46
42.48
42.47
42.45
42.43
42.5
42.49
42.48
42.48
42.49
42.5
42.5
42.5
42.48
42.57
42.5
42.5
42.61
42.61
42.6
42.49
42.57
42.57
42.52
42.53
42.54
42.54
42.56
42.54
42.59
42.57
42.58
42.56
42.58
42.58
42.59
42.59
42.58
42.57
42.58
42.58
42.6
42.58
42.62
42.61
42.61
42.63
42.61
42.61
42.61
42.62
42.61
42.61
42.61
42.62
42.61
42.6
42.61
42.62
42.63
42.64
42.63
42.64
42.6
42.63
42.63
42.63
42.66
42.65
42.64
42.64
42.63
42.62
42.62
42.62
42.61
42.61
42.6
42.6
42.63
42.63
42.6
42.61
42.61
42.61
42.61
42.6
42.61
42.62
42.61
42.62
42.63
42.61
42.6
42.6
42.6
42.6
42.62
42.6
42.6
42.61
42.61
42.59
42.59
42.58
42.57
42.56
42.56
42.53
42.53
42.51
42.49
42.52
42.53
42.56
42.51
42.49
42.53
42.54
42.54
42.52
42.5
42.52
42.5
42.51
42.49
42.49
42.5
42.53
42.52
42.55
42.55
42.55
42.53
42.54
42.52
42.5
42.52
42.59
42.55
42.52
42.44
42.43
42.39
42.36
42.33
42.37
42.41
42.39
42.37
42.39
42.35
42.41
42.35
42.33
42.33
42.34
42.36
42.36
42.35
42.29
42.28
42.3
42.31
42.3
42.27
42.22
42.31
42.23
42.28
42.26
42.27
42.32
42.3
42.29
42.29
42.32
42.36
42.38
42.36
42.35
42.37
42.39
42.36
42.3
42.37
42.36
42.26
42.24
42.21
42.2
42.21
42.21
42.19
42.12
42.15
42.12
42.1
42.09
42.06
42
41.95
41.95
42
41.96
41.99
41.95
41.95
41.92
41.72
41.72
41.72
41.71
41.67
41.63
41.66
41.68
41.74
41.71
41.66
41.63
41.6
41.59
41.59
41.74
41.63
41.58
41.57
41.59
41.58
41.59
41.61
41.59
41.65
41.61
41.57
41.63
41.61
41.7
41.54
41.64
41.65
41.6
41.62
41.58
41.54
41.56
41.58
41.64
41.55
41.56
41.54
41.58
41.63
41.66
41.65
41.67
41.66
41.57
41.61
41.61
41.61
41.66
41.69
41.68
41.63
41.66
41.65
41.61
41.64
41.6
41.58
41.63
41.62
41.73
41.49
41.52
41.49
41.61
41.5
41.5
41.52
41.53
41.56
41.58
41.51
41.57
41.54
41.55
41.56
41.6
41.61
41.56
41.55
41.54
41.54
41.51
41.51
41.61
41.6
41.61
41.53
41.53
41.61
41.71
41.69
41.7
41.69
41.72
41.71
41.74
41.7
41.7
41.67
41.66
41.63
41.72
41.76
41.74
41.61
41.8
41.76
41.63
41.78
41.77
41.78
41.78
41.57
41.76
41.75
41.75
41.77
41.74
41.74
41.61
41.8
41.72
41.73
41.75
41.77
41.75
41.75
41.57
41.63
41.74
41.73
41.76
41.76
41.77
41.57
41.82
41.86
41.84
41.84
41.9
41.91
41.89
41.63
41.87
41.87
41.61
41.92
41.63
41.96
41.61
41.96
41.61
41.98
41.61
41.98
41.99
42.01
42.01
41.61
42.03
41.63
42.06
42.06
42.04
42.05
42.06
42.05
42.04
42.03
42.02
42.03
41.61
42.02
42.02
42
41.63
41.97
42
42
41.98
41.99
41.99
41.97
42.01
42.01
42.01
42.02
42.03
42.05
42.05
42.06
42.05
42.06
42.01
41.61
42.04
42.06
42.06
42.05
42.05
42.05
41.99
41.99
41.54
42.01
42.01
42.01
41.94
41.94
41.96
41.95
41.97
41.98
41.97
41.95
41.97
41.99
42.03
41.57
42.01
42
42
42
42.06
42.06
42.06
42.06
42.1
42.1
42.1
42.12
42.12
42.06
42.08
42.08
42.08
42.1
42.1
42.1
42.06
42.08
41.87
41.89
41.86
41.83
41.74
41.85
41.85
41.79
41.81
41.82
41.89
41.86
41.85
41.85
41.79
41.76
41.77
41.79
41.74
41.77
41.76
41.74
41.76
41.78
41.74
41.72
41.67
41.67
41.72
41.73
41.7
41.72
41.65
41.64
41.62
41.62
41.63
41.64
41.6
41.63
41.63
41.63
41.62
41.58
41.62
41.56
41.54
41.54
41.55
41.54
41.57
41.6
41.71
41.6
41.56
41.54
41.54
41.54
41.52
41.52
41.52
41.54
41.57
41.6
41.58
41.57
41.59
41.61
41.58
41.61
41.62
41.57
41.61
41.59
41.57
41.58
41.58
41.57
41.58
41.56
41.55
41.53
41.53
41.58
41.59
41.59
41.56
41.54
41.71
41.62
41.64
41.57
41.56
41.53
41.53
41.53
41.51
41.52
41.49
41.48
41.47
41.49
41.51
41.51
41.51
41.56
41.58
41.57
41.58
41.59
41.58
41.58
41.57
41.56
41.58
41.53
41.57
41.51
41.5
41.47
41.49
41.49
41.52
41.52
41.52
41.52
41.5
41.52
41.53
41.5
41.48
41.5
41.52
41.56
41.57
41.58
41.64
41.71
41.71
41.63
41.62
41.63
41.63
41.62
41.63
41.67
41.62
41.65
41.63
41.62
41.61
41.61
41.61
41.6
41.62
41.62
41.62
41.64
41.62
41.71
41.62
41.62
41.63
41.6
41.6
41.58
41.57
41.55
41.56
41.58
41.55
41.55
41.56
41.55
41.52
41.52
41.53
41.55
41.51
41.54
41.54
41.53
41.53
41.53
41.56
41.56
41.54
41.55
41.54
41.54
41.54
41.53
41.53
41.53
41.52
41.49
41.53
41.51
41.54
41.51
41.55
41.55
41.56
41.54
41.55
41.58
41.71
41.58
41.59
41.59
41.55
41.56
41.56
41.56
41.56
41.56
41.56
41.56
41.6
41.61
41.62
41.62
41.62
41.63
41.63
41.6
41.62
41.61
41.62
41.67
41.65
41.66
41.65
41.63
41.61
41.61
41.61
41.61
41.58
41.58
41.6
41.6
41.59
41.57
41.63
41.71
41.62
41.63
41.66
41.69
41.68
41.65
41.67
41.63
41.59
41.6
41.57
41.54
41.54
41.48
41.48
41.46
41.43
41.42
41.42
41.43
41.39
41.36
41.35
41.33
41.36
41.37
41.4
41.29
41.23
41.26
41.28
41.29
41.27
41.28
41.31
41.33
41.31
41.28
41.29
41.26
41.28
41.31
41.33
41.28
41.28
41.13
41.2
41.17
41.17
41.16
41.14
41.15
41.12
41.18
