65.39
65.39
65.43
65.32
65.3
65.3
65.35
65.34
65.34
65.41
65.26
65.27
65.25
65.26
65.27
65.33
65.34
65.41
65.4
65.4
65.39
65.39
65.43
65.5
65.53
65.57
65.59
65.55
65.6
65.6
65.61
65.61
65.58
65.54
65.6
65.61
65.56
65.55
65.5
65.55
65.54
65.5
65.55
65.6
65.66
65.62
65.53
65.67
65.67
65.65
65.57
65.56
65.56
65.62
65.69
65.66
65.72
65.71
65.68
65.71
65.74
65.72
65.69
65.64
65.63
65.66
65.62
65.64
65.62
65.58
65.59
65.59
65.58
65.65
65.66
65.68
65.65
65.68
65.68
65.7
65.68
65.69
65.68
65.63
65.59
65.64
65.68
65.68
65.69
65.69
65.68
65.61
65.58
65.61
65.57
65.59
65.59
65.62
65.64
65.61
65.61
65.61
65.59
65.62
65.6
65.59
65.56
65.65
65.61
65.6
65.57
65.59
65.6
65.58
65.59
65.57
65.59
65.61
65.58
65.59
65.6
65.62
65.64
65.65
65.64
65.65
65.68
65.71
65.7
65.69
65.7
65.7
65.7
65.73
65.75
65.8
65.81
65.79
65.82
65.89
65.89
65.89
65.9
65.94
65.9
65.89
65.89
65.89
65.91
65.97
65.98
65.94
65.92
65.91
65.91
65.89
65.83
65.91
65.86
65.83
65.83
65.84
65.84
65.86
65.83
65.83
65.88
65.88
65.89
65.88
65.88
65.85
65.85
65.99
66.02
66.02
65.97
65.94
65.96
65.97
66.02
66.01
65.98
66.02
66.04
66.04
66
66.05
66.13
66.06
66.15
66.15
66.14
66.12
66.13
66.11
66.12
66.13
66.13
66.12
66.12
66.12
66.06
66.07
66.04
66.02
66
66.04
66.07
66.04
66.02
66.01
66.01
65.99
65.99
66.03
66
66.01
65.95
65.96
65.99
65.97
65.96
65.94
65.93
65.94
65.96
65.98
65.98
65.98
65.98
65.98
65.99
65.98
65.89
65.91
65.88
65.96
65.96
65.96
65.93
65.92
65.93
65.9
65.88
65.87
65.9
65.93
65.92
65.9
65.29
65.41
65.2
65.35
65.28
65.31
65.56
65.54
65.48
65.46
65.4
65.4
65.41
65.37
65.45
65.39
65.36
65.41
65.36
65.26
65.31
65.37
65.32
65.25
65.21
65.19
65.1
65.11
65.3
65.28
65.26
65.3
65.31
65.4
65.38
65.31
65.3
65.26
65.32
65.3
65.35
65.39
65.32
65.46
65.51
65.4
65.55
65.5
65.37
65.42
65.37
65.33
65.34
65.34
65.38
65.31
65.3
65.32
65.32
65.25
65.25
65.27
65.29
65.3
65.29
65.32
65.21
65.23
65.41
65.39
65.39
65.42
65.42
65.42
65.41
65.4
65.42
65.39
65.39
65.39
65.48
65.52
65.55
65.58
65.59
65.59
65.53
65.55
65.57
65.61
65.59
65.57
65.63
65.61
65.57
65.57
65.6
65.62
65.61
65.59
65.56
65.63
65.68
65.7
65.74
65.73
65.72
65.74
65.73
65.72
65.78
65.75
65.74
65.71
65.71
65.72
65.71
65.7
65.68
65.68
65.69
65.71
65.7
65.71
65.72
65.71
65.62
65.64
65.66
65.63
65.63
65.58
65.52
65.53
65.49
65.53
65.5
65.54
65.48
65.49
65.45
65.53
65.43
65.43
65.5
65.41
65.42
65.48
65.43
65.48
65.48
65.54
65.56
65.46
65.47
65.5
65.52
65.55
65.54
65.46
65.48
65.5
65.5
65.59
65.5
65.61
65.61
65.61
65.58
65.56
65.6
65.6
65.53
65.53
65.52
65.51
65.48
65.49
65.5
65.51
65.49
65.51
65.56
65.55
65.51
65.59
65.57
65.56
65.55
65.53
65.56
65.58
65.59
65.58
65.61
65.6
65.62
65.6
65.59
65.6
65.64
65.72
65.75
65.75
65.68
65.68
65.68
65.69
65.67
65.69
65.69
65.68
65.66
65.69
65.69
65.68
65.63
65.6
65.6
65.56
65.55
65.55
65.55
65.49
65.5
65.47
65.48
65.49
65.48
65.55
65.49
65.58
65.59
65.61
65.61
65.73
65.73
65.73
65.73
65.77
65.76
65.78
65.75
65.75
65.71
65.76
65.8
65.74
65.71
65.75
65.72
65.66
65.73
65.72
65.65
65.67
65.56
65.61
65.67
65.64
65.62
65.64
65.54
65.52
65.5
65.51
65.49
65.49
65.5
65.51
65.5
65.56
65.62
65.59
65.56
65.54
65.47
65.44
65.4
65.46
65.42
66.22
66.26
66.12
66.37
66.33
66.26
66.26
66.26
66.24
66.2
66.16
66.13
66.17
66.19
66.28
66.28
66.2
66.17
66.17
66.15
66.1
66.17
66.1
66.09
66.07
66.1
66.09
66.08
66.11
66.15
66.13
66.02
66.01
65.91
66.09
65.93
65.9
65.92
65.89
65.93
65.91
66.07
65.96
66.02
65.97
66.02
65.86
65.97
66.05
65.82
65.8
65.97
65.76
65.78
65.77
65.74
65.76
65.7
65.71
65.72
65.61
65.62
65.57
65.55
65.57
65.71
65.55
65.66
65.63
65.59
65.61
65.55
65.46
65.42
65.43
65.48
65.47
65.48
65.53
65.53
65.5
65.5
65.59
65.56
65.58
65.63
65.57
65.55
65.52
65.45
65.38
65.43
65.44
65.46
65.46
65.4
65.39
65.46
65.5
65.39
65.44
65.4
65.5
65.53
65.52
65.54
65.56
65.55
65.44
65.56
65.58
65.53
65.58
65.57
65.52
65.53
65.51
65.51
65.55
65.52
65.54
65.59
65.53
65.6
65.59
65.59
65.56
65.56
65.6
65.59
65.61
65.56
65.58
65.59
65.63
65.58
65.59
65.64
65.63
65.62
65.61
65.59
65.59
65.58
65.63
65.53
65.63
65.62
65.55
65.55
65.58
65.54
65.65
65.67
65.67
65.69
65.72
65.62
65.72
65.7
65.66
65.8
65.8
65.74
65.74
65.72
65.73
65.73
65.71
65.72
65.68
65.7
65.69
65.72
65.73
65.74
65.75
65.73
65.74
65.75
65.72
65.72
65.74
65.74
65.73
65.7
65.77
65.73
65.7
65.69
65.75
65.72
65.71
65.72
65.72
65.72
65.72
65.72
65.73
65.72
65.74
65.73
65.72
65.7
65.7
65.73
65.75
65.77
65.81
65.79
65.75
65.74
65.74
65.76
65.77
65.76
65.75
65.73
65.73
65.74
65.73
65.73
65.77
65.8
65.8
65.81
65.85
65.85
65.82
65.81
65.75
65.93
65.89
65.87
65.8
65.73
65.73
65.69
65.71
65.61
65.7
65.7
65.73
65.72
65.77
65.67
65.74
65.72
65.75
65.7
65.77
65.77
65.77
65.7
65.69
65.7
65.61
65.58
65.55
65.47
65.5
65.5
65.63
65.66
65.66
65.62
65.56
65.56
65.56
65.54
65.56
65.63
65.71
65.63
65.58
65.64
65.57
65.46
65.5
65.47
65.42
65.54
65.35
65.32
65.35
65.35
65.32
65.3
65.27
65.29
65.22
65.08
65.11
65.18
64.97
65.2
64.92
64.92
64.91
64.94
64.94
64.87
64.79
64.73
64.75
64.98
65.01
64.91
64.85
64.86
64.79
64.67
64.54
64.6
64.6
64.57
64.78
64.78
64.8
64.69
64.63
64.6
64.64
64.69
64.74
64.71
64.78
64.78
64.66
64.61
64.59
64.67
64.72
64.69
64.71
64.67
64.75
64.65
64.55
64.6
64.63
64.59
64.6
64.63
64.77
64.61
64.59
64.58
64.57
64.63
64.63
64.68
64.61
64.62
64.56
64.72
64.7
64.67
64.68
64.68
64.63
64.63
64.6
64.7
64.52
64.48
64.56
64.5
64.77
64.65
64.63
64.43
64.37
64.36
64.37
64.41
64.77
64.48
64.79
64.56
64.56
64.36
64.41
64.47
64.37
64.37
64.37
64.33
64.33
64.33
64.33
64.38
64.33
64.56
64.41
64.33
64.31
64.41
64.37
64.34
64.34
64.39
64.45
64.41
64.37
64.38
64.34
64.34
64.34
64.39
64.68
64.44
64.5
64.52
64.8
64.55
64.56
64.57
64.56
64.56
64.74
64.79
64.71
64.66
64.64
64.7
64.65
64.64
64.8
64.66
64.72
64.69
64.78
64.79
64.79
64.68
64.79
64.69
64.71
64.72
64.69
64.68
64.73
64.79
64.7
64.81
64.78
64.8
64.68
64.78
64.76
64.74
64.74
64.76
64.76
64.84
64.81
64.84
64.85
64.8
64.8
64.83
64.85
64.93
64.92
64.96
64.98
64.97
65.03
65.04
65.04
65.11
65.08
65.07
64.79
65.05
64.8
65.04
65.04
65.06
65.08
65.08
65.02
65
64.77
65.04
64.8
65.07
65.05
65.09
65.07
65.09
65.11
65.07
65.11
65.1
65.16
65.17
64.79
65.16
65.18
65.2
65.15
65.15
64.8
65.15
65.15
65.15
65.11
64.8
65.11
65.08
65.08
64.8
65.09
65.06
65.05
65.07
65.05
65.05
65.12
64.79
65.05
64.8
65.12
65.18
65.18
64.68
64.77
64.77
64.77
65.34
65.31
65.33
64.8
65.35
65.3
65.4
65.32
65.32
65.29
65.28
65.28
65.28
65.37
65.37
65.37
65.36
65.36
64.75
64.68
64.66
64.78
64.73
64.71
64.76
64.82
64.81
64.82
64.73
64.93
64.92
64.82
64.81
64.7
64.7
64.73
64.7
64.71
64.69
64.64
64.67
64.57
64.59
64.46
64.45
64.41
64.42
64.47
64.53
64.44
64.36
64.48
64.46
64.42
64.48
64.37
64.53
64.36
64.37
64.36
64.37
64.35
64.3
64.31
64.26
64.2
64.27
64.08
64.15
64.16
64.48
64.2
64.21
64.15
64.15
63.93
64.48
64.11
63.97
64.15
64
64.02
64.02
64.04
64.11
64.14
64.03
64.11
64.17
64.11
64.16
64.09
64.12
64.08
64.08
64.16
64.08
64.06
64.01
63.97
63.96
64.48
64.03
64.12
64.15
64.16
64
64.18
64.21
64.19
64.18
64.21
64.24
64.24
64.13
64.21
64.09
64.13
64.19
64.16
64.19
64.14
64.14
64.18
64.16
64.23
64.29
64.21
64.17
64.3
64.24
64.28
64.25
64.23
64.27
64.26
64.26
64.3
64.15
64.16
64.18
64.24
64.23
64.2
64.2
64.22
64.17
64.23
64.18
64.13
64.23
64.25
64.23
64.18
64.36
64.4
64.4
64.41
64.42
64.36
64.45
64.43
64.48
64.41
64.53
64.53
64.48
64.48
64.48
64.51
64.46
64.42
64.47
64.47
64.41
64.4
64.39
64.43
64.45
64.37
64.35
64.33
64.41
64.28
64.33
64.35
64.36
64.33
64.38
64.36
64.4
64.36
64.33
64.34
64.24
64.25
64.27
64.34
64.35
64.35
64.38
64.37
64.34
64.35
64.31
64.3
64.3
64.34
64.33
64.32
64.32
64.31
64.26
64.22
64.32
64.22
64.32
64.27
64.21
64.23
64.23
64.25
64.21
64.23
64.26
64.39
64.21
64.43
64.41
64.41
64.41
64.36
64.41
64.38
64.4
64.41
64.46
64.36
64.51
64.53
64.54
64.48
64.41
64.45
64.48
64.49
64.53
64.5
64.54
64.56
64.56
64.47
64.54
64.57
64.46
64.46
64.42
64.44
64.47
64.44
64.41
64.48
64.56
64.48
64.59
64.61
64.63
64.7
64.69
64.61
64.6
64.57
64.53
64.54
64.47
64.42
64.43
64.42
64.36
64.29
64.14
64.38
64.24
64.26
64.19
64.2
64.28
64.22
64.11
64.24
64.19
64.19
63.97
64.04
64.06
64.14
64.04
64.11
64.16
64.19
64.16
64.09
64.13
64.05
64.13
64.09
64.16
64.12
64.05
63.91
64.03
64.02
63.95
63.96
63.88
63.84
63.82
63.84
