34.95
34.92
34.92
34.94
34.99
34.93
34.93
34.82
34.73
34.78
34.76
34.78
34.81
34.78
34.8
34.87
34.88
34.9
34.92
34.91
34.9
34.9
34.9
34.73
34.74
34.76
34.78
34.74
34.8
34.76
34.86
34.84
34.84
34.83
34.85
34.84
34.85
34.83
34.8
34.83
34.79
34.79
34.78
34.76
34.79
34.79
34.72
34.74
34.71
34.67
34.68
34.71
34.71
34.78
34.79
34.77
34.77
34.81
34.8
34.87
34.97
34.77
35.03
35.01
34.97
34.97
34.97
34.98
34.97
34.94
34.93
34.97
34.94
34.96
34.96
34.96
34.94
34.91
34.91
34.9
34.92
34.86
34.87
34.85
34.85
34.85
34.86
34.87
34.9
34.94
34.92
34.84
34.89
34.9
34.85
34.84
34.87
34.86
34.88
34.88
34.85
34.85
34.84
34.85
34.87
34.86
34.9
34.9
34.89
34.89
34.9
34.93
34.93
34.94
34.94
34.94
34.96
34.95
34.95
34.96
34.95
34.96
34.99
34.95
34.92
34.92
34.94
34.94
34.93
34.92
34.92
34.93
34.93
34.93
34.97
34.99
34.97
34.95
34.95
34.96
34.94
34.94
34.94
34.95
34.93
34.89
34.94
34.9
34.9
34.94
34.95
34.95
34.92
34.92
34.93
34.91
34.88
34.85
34.87
34.88
34.88
34.9
34.9
34.91
34.88
34.91
34.88
34.83
34.83
34.84
34.84
34.83
34.83
34.94
34.98
34.95
34.96
34.94
34.94
34.94
34.95
34.98
34.96
34.95
34.96
34.96
34.95
34.97
35
34.98
35.06
35.06
35.05
35.04
35.03
35.01
35.03
35.02
35.06
35.05
35.05
35.05
35.09
35.08
35.08
35.06
35.05
35.06
35.08
35.07
35.07
35.07
35.07
35.07
35.06
35.07
35.07
35.05
35.04
35.05
35.05
35.06
35.05
35.06
35.04
35.04
35.06
35.05
35.08
35.08
35.08
35.08
35.08
35.06
35.01
35.02
35.07
35.1
35.08
35.09
35.09
35.08
35.08
35.06
35.08
35.09
35.1
35.1
35.09
35.09
34.5
34.42
34.4
34.47
34.56
34.58
34.58
34.66
34.47
34.58
34.54
34.54
34.56
34.65
34.63
34.57
34.52
34.53
34.44
34.51
34.43
34.44
34.42
34.48
34.48
34.51
34.53
34.54
34.61
34.47
34.56
34.65
34.42
34.64
34.62
34.65
34.64
34.6
34.63
34.65
34.64
34.64
34.65
34.6
34.65
34.67
34.73
34.66
34.61
34.56
34.47
34.47
34.46
34.46
34.49
34.5
34.5
34.48
34.52
34.44
34.42
34.44
34.48
34.46
34.48
34.44
34.48
34.44
34.49
34.51
34.51
34.54
34.56
34.54
34.58
34.55
34.55
34.54
34.59
34.59
34.62
34.6
34.61
34.56
34.58
34.58
34.58
34.58
34.6
34.59
34.59
34.59
34.59
34.6
34.59
34.59
34.58
34.54
34.58
34.53
34.59
34.55
34.6
34.57
34.59
34.59
34.59
34.58
34.55
34.56
34.58
34.6
34.58
34.57
34.59
34.56
34.59
34.59
34.58
34.58
34.62
34.66
34.64
34.65
34.63
34.6
34.62
34.61
34.59
34.65
34.65
34.54
34.51
34.54
34.53
34.5
34.52
34.56
34.54
34.56
34.54
34.54
34.55
34.55
34.53
34.57
34.57
34.58
34.58
34.53
34.58
34.6
34.55
34.54
34.67
34.64
34.58
34.67
34.6
34.72
34.71
34.71
34.69
34.68
34.71
34.69
34.7
34.75
34.71
34.72
34.72
34.74
34.76
34.76
34.74
34.76
34.76
34.77
34.78
34.78
34.79
34.84
34.84
34.82
34.8
34.79
34.84
34.83
34.78
34.8
34.79
34.82
34.81
34.79
34.79
34.79
34.8
34.84
34.85
34.86
34.87
34.86
34.85
34.9
34.92
34.92
34.85
34.87
34.86
34.86
34.87
34.85
34.89
34.87
34.86
34.87
34.84
34.81
34.82
34.81
34.82
34.81
34.82
34.8
34.79
34.83
34.82
34.86
34.85
34.87
34.84
34.86
34.87
34.9
34.9
34.99
34.98
34.94
34.97
35.01
34.98
34.97
34.95
34.95
34.91
34.97
34.99
34.94
34.99
34.96
34.96
34.99
34.99
34.93
34.81
34.81
34.81
34.79
34.85
34.82
34.79
34.84
34.85
34.71
34.83
34.79
34.68
34.68
34.72
34.69
34.69
34.68
34.7
34.7
34.69
34.68
34.69
34.65
34.66
34.7
34.68
34.51
34.5
34.45
34.49
34.48
34.44
34.48
34.48
34.51
34.55
34.51
34.44
34.56
34.47
34.5
34.52
34.47
34.51
34.45
34.46
34.47
34.46
34.49
34.49
34.48
34.49
34.48
34.48
34.48
34.48
34.48
34.44
34.46
34.49
34.45
34.44
34.42
34.42
34.42
34.44
34.42
34.41
34.42
34.39
34.39
34.39
34.35
34.4
34.38
34.38
34.37
34.33
34.37
34.37
34.36
34.32
34.34
34.34
34.35
34.37
34.31
34.33
34.32
34.31
34.3
34.34
34.29
34.34
34.31
34.29
34.29
34.27
34.24
34.25
34.25
34.26
34.27
34.3
34.32
34.33
34.38
34.39
34.42
34.4
34.42
34.38
34.42
34.44
34.35
34.32
34.29
34.33
34.31
34.31
34.32
34.31
34.28
34.36
34.34
34.29
34.29
34.25
34.31
34.33
34.36
34.34
34.39
34.28
34.29
34.31
34.33
34.43
34.41
34.32
34.4
34.4
34.39
34.39
34.37
34.4
34.43
34.41
34.43
34.43
34.41
34.4
34.44
34.43
34.42
34.41
34.38
34.4
34.39
34.38
34.42
34.4
34.37
34.42
34.43
34.44
34.4
34.41
34.41
34.41
34.42
34.44
34.46
34.47
34.47
34.47
34.49
34.49
34.51
34.51
34.51
34.5
34.51
34.53
34.51
34.49
34.55
34.52
34.48
34.53
34.54
34.54
34.55
34.55
34.54
34.52
34.5
34.51
34.52
34.54
34.5
34.49
34.53
34.52
34.54
34.53
34.55
34.55
34.55
34.55
34.5
34.47
34.51
34.49
34.49
34.46
34.45
34.46
34.45
34.46
34.44
34.45
34.44
34.48
34.5
34.48
34.49
34.48
34.49
34.47
34.47
34.48
34.5
34.47
34.53
34.47
34.46
34.52
34.53
34.53
34.52
34.53
34.53
34.52
34.51
34.54
34.53
34.55
34.53
34.54
34.52
34.54
34.53
34.51
34.5
34.48
34.44
34.56
34.56
34.51
34.48
34.42
34.43
34.35
34.27
34.35
34.32
34.35
34.36
34.34
34.4
34.32
34.28
34.37
34.37
34.28
34.29
34.35
34.35
34.29
34.26
34.29
34.18
34.15
34.1
34.06
34.04
34.06
34.17
34.23
34.22
34.18
34.19
34.17
34.17
34.16
34.19
34.24
34.28
34.22
34.24
34.27
34.24
34.17
34.17
34.17
34.15
34.14
34.09
34.08
34.07
34.07
34.08
34
34.05
33.97
33.95
33.91
33.92
33.92
33.77
33.78
33.77
33.83
33.83
33.83
33.85
33.76
33.94
33.88
34.07
33.98
33.91
33.97
33.93
33.92
34.01
33.91
33.91
33.93
33.9
33.96
33.86
33.91
33.94
33.95
33.94
34.01
34.03
34.07
34.08
34.07
34.19
34.17
33.93
34.17
34.11
34.14
33.93
34.13
34.15
34.12
34.03
34
34.03
34.17
34
33.98
33.99
33.95
33.94
33.97
34.03
34.01
34.02
33.99
34.01
34.17
33.97
33.96
33.97
34.03
34.03
34.01
34.02
33.98
34
34.18
33.92
33.89
33.88
33.87
33.92
33.86
33.83
33.83
33.82
33.83
33.81
34.03
33.84
34.17
33.87
33.86
33.85
33.88
33.92
33.9
34.18
33.98
33.91
33.9
33.9
33.87
33.83
33.88
33.89
33.88
34.18
33.91
33.84
33.87
33.9
33.86
33.84
33.84
34.18
33.94
33.94
33.95
33.98
33.93
33.93
33.91
33.94
33.99
34.02
34.03
34.17
34.05
33.97
34.08
34.17
33.94
34.14
34.14
34.14
34.11
34.18
34.11
34.14
34.11
34.1
34.11
34.13
34.12
34.1
34.17
34.16
34.17
34.16
34.2
33.94
34.16
34.17
34.19
34.19
33.94
34.03
34.23
34.27
34.22
34.21
34.23
34.24
34.22
34.21
34.17
34.2
34.17
33.94
34.17
34.17
34.17
33.93
34.25
34.03
34.3
34.29
34.28
34.3
34.33
34.34
34.33
34.37
34.35
34.35
34.36
34.32
34.33
34.31
34.3
34.31
34.3
34.34
34.33
34.35
34.35
34.3
34.24
34.29
34.27
34.27
34.27
34.26
34.03
34.18
34.29
34.17
34.28
34.28
34.3
34.34
33.93
34.03
34.3
34.3
34.27
34.18
34.25
34.26
34.3
34.28
34.28
34.27
34.24
34.24
34.21
34.19
34.23
34.19
34.17
34.2
34.21
34.19
34.21
34.2
34.21
34.2
34.19
34.22
34.25
34.25
34.25
34.27
34.27
34.27
34.42
34.39
34.39
34.03
34.4
34.44
34.48
34.18
34.18
34.36
34.36
34.36
34.36
34.37
34.37
34.37
34.33
34.35
34.09
34
34.09
34.11
34.16
34.06
34.14
34.2
34.22
34.22
34.23
34.24
34.25
34.23
34.25
34.2
34.2
34.26
34.21
34.21
34.21
34.21
34.18
34.17
34.18
34.21
34.25
34.19
34.18
34.17
34.16
34.09
34.19
34.08
34.06
34.04
34.03
34.05
34.05
34.03
34.01
34.03
34.06
34
34.09
34.01
33.99
33.98
33.98
33.93
33.98
33.97
34.01
33.95
33.93
33.9
33.85
33.86
33.95
33.94
33.92
33.96
33.87
34.17
33.88
33.89
33.92
34.17
33.97
33.97
34
33.98
34.01
34
33.98
34.01
34.01
33.98
34.01
34.01
33.95
33.95
33.9
33.93
33.99
34
33.99
34
33.95
34.02
33.93
33.94
33.96
33.96
33.96
33.96
33.96
33.86
33.88
33.92
33.93
33.95
33.95
33.94
33.91
33.92
33.97
33.94
33.95
33.97
33.95
33.94
34.17
33.92
33.95
33.89
33.9
34.17
33.84
33.95
33.83
33.86
33.85
33.87
33.87
33.88
33.83
33.83
33.85
33.85
33.83
33.85
33.93
33.87
33.94
33.98
34.01
34.04
34.04
34.08
34.1
34.09
34.08
34.09
34.1
34.12
34.13
34.08
34.08
34.09
34.05
34.05
34.05
34.17
34.07
34.07
34.07
34.04
34.01
34.02
34.03
34.03
34.02
34.01
34.02
34
34.03
34.04
34.03
34.03
34.03
34.17
34.04
34.03
34.02
34.07
34.08
34.08
34.03
34.04
34.09
34.08
34.1
34.08
34.09
34.07
34.05
34.04
34.05
34.05
34.04
34.02
34.02
34.04
33.98
33.95
33.98
33.97
34.02
34.02
34
34
34
34
34.17
34.03
34.05
34.03
34
34.04
34.01
34.17
34.03
34.03
34.04
34.01
34.04
34.05
34.1
34.02
34.1
34.16
34.17
34.17
34.04
34.06
34.08
34.17
34.18
34.2
34.18
34.2
34.2
34.18
34.19
34.15
34.18
34.17
34.2
34.19
34.22
34.23
34.23
34.29
34.31
34.29
34.32
34.35
34.35
34.41
34.39
34.4
34.38
34.36
34.33
34.37
34.37
34.31
34.32
34.28
34.28
34.22
34.12
34.1
34.14
34.17
34.16
34.13
34.06
34.05
34.07
34.11
34.06
33.99
33.91
34.01
33.95
34
33.97
34
34
34.02
34
33.97
34.01
33.95
34.01
33.98
34.04
33.99
33.93
33.89
33.91
33.92
33.9
33.88
33.86
33.82
33.81
33.76
