46.86
46.88
46.8
46.76
46.75
46.64
46.67
46.72
46.69
46.71
46.83
46.73
46.71
46.67
46.7
46.73
46.77
46.73
46.77
46.74
46.73
46.76
46.72
46.69
46.7
46.67
46.72
46.74
46.79
46.78
46.79
46.78
46.78
46.72
46.7
46.66
46.67
46.67
46.53
46.51
46.5
46.53
46.58
46.57
46.58
46.58
46.54
46.52
46.56
46.54
46.49
46.49
46.49
46.5
46.5
46.49
46.51
46.47
46.51
46.54
46.5
46.56
46.62
46.61
46.62
46.6
46.63
46.59
46.62
46.6
46.58
46.62
46.56
46.6
46.58
46.57
46.52
46.54
46.54
46.54
46.55
46.54
46.55
46.54
46.53
46.51
46.49
46.46
46.53
46.48
46.46
46.46
46.43
46.39
46.4
46.35
46.32
46.35
46.35
46.4
46.34
46.38
46.39
46.39
46.39
46.37
46.35
46.31
46.33
46.33
46.36
46.34
46.31
46.31
46.29
46.24
46.27
46.33
46.27
46.25
46.33
46.36
46.42
46.34
46.35
46.39
46.38
46.37
46.4
46.4
46.41
46.45
46.46
46.48
46.44
46.44
46.51
46.49
46.49
46.49
46.51
46.5
46.51
46.53
46.52
46.51
46.49
46.47
46.48
46.49
46.53
46.48
46.51
46.51
46.49
46.5
46.49
46.49
46.49
46.49
46.49
46.51
46.54
46.57
46.56
46.56
46.58
46.57
46.58
46.57
46.59
46.59
46.58
46.54
46.54
46.54
46.54
46.54
46.54
46.59
46.61
46.7
46.69
46.65
46.65
46.69
46.69
46.69
46.69
46.76
46.79
46.7
46.72
46.71
46.79
46.75
46.74
46.79
46.79
46.78
46.75
46.75
46.75
46.76
46.76
46.74
46.74
46.73
46.75
46.7
46.68
46.69
46.68
46.63
46.63
46.67
46.62
46.63
46.63
46.63
46.63
46.64
46.64
46.63
46.63
46.63
46.63
46.63
46.63
46.64
46.63
46.63
46.63
46.63
46.72
46.74
46.77
46.83
46.84
46.85
46.85
46.82
46.82
46.81
46.82
46.83
46.84
46.83
46.87
46.88
42.9
42.91
42.99
42.83
42.67
42.54
42.56
42.74
42.7
42.36
42.62
42.24
42.21
42.24
42.55
42.38
42.26
42.38
42.22
42.38
42.43
42.46
42.4
42.47
42.47
42.51
42.52
42.42
42.56
42.55
42.49
42.51
42.45
42.49
42.51
42.54
42.31
42.35
42.36
42.28
42.31
42.29
42.28
42.24
42.22
42.24
42.3
42.33
42.35
42.32
42.38
42.34
42.29
42.31
42.31
42.29
42.25
42.2
42.23
42.22
42.22
42.22
42.28
42.3
42.27
42.26
42.25
42.24
42.21
42.24
42.29
42.33
42.34
42.33
42.35
42.35
42.38
42.35
42.4
42.44
42.47
42.48
42.47
42.42
42.4
42.35
42.36
42.36
42.33
42.36
42.33
42.3
42.34
42.35
42.35
42.31
42.34
42.35
42.39
42.39
42.35
42.33
42.36
42.35
42.38
42.37
42.38
42.4
42.39
42.45
42.52
42.53
42.5
42.46
42.46
42.47
42.52
42.54
42.6
42.62
42.7
42.7
42.7
42.74
42.74
42.75
42.76
42.63
42.6
42.6
42.58
42.66
42.67
42.7
42.66
42.69
42.7
42.7
42.81
42.79
42.75
42.79
42.7
42.83
42.85
42.73
42.95
42.99
42.93
42.87
42.9
42.88
42.83
42.96
42.96
42.9
42.89
42.88
42.9
42.95
42.95
42.99
42.96
43
42.87
42.99
42.85
42.85
42.7
42.7
42.71
42.71
42.75
42.78
42.77
42.83
42.86
42.84
42.83
42.78
42.78
42.77
42.78
42.83
42.82
42.79
42.75
42.77
42.76
42.81
42.8
42.78
42.8
42.85
42.84
42.88
42.89
42.88
42.88
42.87
42.87
42.9
42.96
42.99
43.04
43.08
43
43.03
43.15
43.12
43.13
43.05
43.01
43
43.12
43.01
43.01
43.01
43.02
43.04
43
43
43.02
43.02
43.02
43.02
43.01
42.95
42.97
42.97
42.94
42.94
42.98
42.98
43.02
43.08
43.08
43.02
42.97
43.03
43.04
42.99
42.96
42.93
42.87
42.94
42.92
42.87
42.88
42.94
42.94
43.01
43.01
43.01
42.93
42.96
42.98
42.98
42.96
42.94
42.88
42.98
42.8
42.79
42.8
42.79
42.88
42.69
42.76
42.75
42.69
42.69
42.7
42.66
42.7
42.69
42.69
42.59
42.58
42.61
42.56
42.35
42.4
42.37
42.31
42.22
42.3
42.25
42.24
42.29
42.31
42.31
42.35
42.38
42.37
42.3
42.38
42.36
42.39
42.44
42.45
42.38
42.4
42.4
42.35
42.37
42.37
42.35
42.31
42.37
42.35
42.34
42.34
42.31
42.3
42.3
42.33
42.31
42.35
42.37
42.34
42.32
42.28
42.3
42.31
42.31
42.31
42.32
42.36
42.33
42.35
42.3
42.29
42.29
42.3
42.29
42.26
42.26
42.28
42.28
42.31
42.26
42.25
42.25
42.26
42.28
42.28
42.29
42.28
42.28
42.25
42.26
42.24
42.22
42.21
42.19
42.15
42.17
42.22
42.21
42.24
42.28
42.29
42.26
42.23
42.2
42.24
42.25
42.17
42.15
42.12
42.11
42.06
42.05
42.06
42.06
42.03
42.01
42.09
42.08
42.04
42.08
42.03
42.04
42.03
42
41.97
41.97
41.99
41.99
41.99
42.03
41.98
41.99
42
41.99
42.03
42.06
42.03
42.07
42.06
42.11
42.1
42.1
42.12
42.12
42.16
42.15
42.16
42.14
42.15
42.13
42.12
42.15
42.16
42.15
42.19
42.2
42.21
42.16
42.15
42.2
42.22
42.21
42.19
42.15
42.15
42.16
42.19
42.12
42.1
42.12
42.15
42.12
42.13
42.15
42.15
42.16
42.19
42.2
42.17
42.17
42.19
42.17
42.17
42.17
42.22
42.21
42.2
42.18
42.22
42.19
42.19
42.17
42.15
42.18
42.25
42.24
42.28
42.29
42.26
42.26
42.28
42.28
42.28
42.29
42.27
42.26
42.26
42.28
42.24
42.23
42.23
42.28
42.33
42.28
42.35
42.34
42.31
42.33
42.32
42.33
42.3
42.29
42.29
42.29
42.28
42.29
42.33
42.34
42.37
42.38
42.34
42.31
42.31
42.31
42.28
42.31
42.31
42.32
42.33
42.33
42.29
42.32
42.33
42.33
42.35
42.34
42.31
42.3
42.24
42.28
42.3
42.26
42.22
42.2
42.17
42.19
42.11
42.12
42.07
42.04
42.04
42.07
42.06
42.04
42.04
42.06
42.1
42.06
42.01
41.99
41.97
42.04
41.88
41.83
41.79
41.83
41.88
41.9
41.83
41.83
41.87
41.9
41.95
41.84
41.9
41.91
41.9
41.88
41.93
41.9
41.93
42
41.92
41.99
41.97
41.97
41.89
41.89
41.81
41.76
41.74
41.63
41.63
41.63
41.75
41.63
41.64
41.62
41.68
41.6
41.56
41.5
41.43
41.45
41.32
41.53
41.47
41.29
41.25
41.23
41.18
40.91
40.94
40.97
40.97
40.93
40.91
41.03
40.98
40.97
41.13
41.09
41.05
41.05
41.04
41.02
41.15
41.14
41.14
41.03
41.11
41.11
41.25
41.26
41.26
41.21
41.32
41.31
41.19
41.34
41.29
41.33
41.23
41.29
41.23
41.24
41.18
41.15
41.2
41.12
41.24
41.24
41.28
41.15
41.09
41.29
41.32
41.32
41.34
41.3
41.28
41.21
41.13
41.25
41.31
41.32
41.31
41.39
41.15
41.28
41.31
41.28
41.26
41.23
41.23
41.4
41.36
41.07
41.21
41.12
41.29
41.14
41.15
41.12
41.14
41.15
41.12
41.15
41.2
41.22
41.18
41.2
41.24
41.07
41.06
41.08
41.14
41.06
41.08
41.04
41.15
41.14
41.31
41.13
41.03
41.03
41.12
41.15
41.12
41.15
41.15
41.21
41.14
41.13
41.04
41.14
41.14
41.05
41.04
41.09
41.14
41.09
41.11
41.15
41.13
41.13
41.15
41.31
41.31
41.25
41.17
41.26
41.26
41.25
41.24
41.23
41.23
41.28
41.25
41.28
41.28
41.29
41.29
41.29
41.28
41.24
41.15
41.23
41.29
41.22
41.19
41.18
41.3
41.34
41.33
41.32
41.31
41.33
41.3
41.33
41.23
41.26
41.38
41.38
41.38
41.15
41.4
41.36
41.39
41.14
41.29
41.56
41.54
41.58
41.62
41.62
41.6
41.67
41.71
41.72
41.63
41.71
41.73
41.71
41.67
41.72
41.74
41.72
41.7
41.74
41.72
41.67
41.63
41.68
41.69
41.21
41.14
41.72
41.14
41.71
41.31
41.76
41.14
41.76
41.81
41.88
41.9
41.21
41.91
41.92
41.92
41.89
41.86
41.89
41.9
41.14
41.15
41.91
41.21
41.92
41.9
41.88
41.83
41.88
41.84
41.8
41.86
41.86
41.86
41.87
41.21
41.83
41.81
41.87
41.86
41.31
41.31
41.95
41.92
42.06
42.1
42.04
42.04
42
42
42.04
42.1
41.31
42.04
42
41.29
41.14
42.01
42.01
42.02
42
41.98
41.97
41.55
41.49
41.5
41.45
41.4
41.41
41.35
41.36
41.31
41.22
41.34
41.36
41.33
41.28
41.23
41.22
41.22
41.29
41.27
41.26
41.3
41.26
41.26
41.22
41.21
41.17
41.24
41.29
41.26
41.29
41.33
41.26
41.28
41.18
41.29
41.15
41.12
41.06
41.06
41.11
41.15
41.26
41.15
41.13
41.06
41.04
41.04
41.05
41.28
41.05
41.06
41.07
41.06
41.06
41.04
41.02
40.97
40.95
41.05
40.95
40.9
40.9
40.95
40.95
40.92
40.92
40.92
40.99
40.95
40.9
40.94
41.28
41
40.99
40.98
40.99
40.98
40.95
40.97
40.96
40.95
40.95
40.97
40.95
40.97
41.03
40.95
41.04
41.09
41.11
40.97
41.01
41
41.01
40.98
40.99
40.96
40.96
40.97
40.9
40.92
40.99
40.93
40.94
40.93
40.92
40.97
40.97
40.97
40.99
41.28
40.96
40.96
41.28
40.96
40.88
40.88
40.87
40.84
40.81
40.84
40.85
40.83
40.85
40.83
40.8
40.77
40.78
40.82
40.81
40.81
40.8
40.84
40.87
40.78
40.89
40.89
40.97
40.98
41.13
41.15
41.1
41.12
41.1
41.12
41.14
41.17
41.13
41.14
41.12
41.12
41.15
41.12
41.12
41.11
41.12
41.12
41.28
41.07
41.09
41.1
41.1
41.1
41.1
41.07
41.04
41.06
41.04
40.9
41.04
41.04
41.04
41.03
41.05
41.01
41.03
40.95
41.04
41.04
40.99
41
41
40.98
40.99
40.99
40.93
40.95
40.9
40.92
40.93
41.28
41.28
40.93
40.88
40.88
40.93
40.83
40.83
40.9
40.85
40.88
40.89
40.9
40.94
40.94
40.95
40.99
40.97
40.98
40.98
40.97
40.96
40.97
40.96
40.95
40.94
40.92
40.95
40.98
41
40.93
41.01
41.02
40.95
41
40.95
40.98
40.97
40.94
41.04
41.01
40.98
41.03
41.03
40.93
40.89
40.95
40.97
40.86
40.85
40.85
40.88
40.89
40.94
40.97
40.97
40.86
40.93
40.97
40.99
40.96
40.97
41.28
40.95
40.98
40.81
40.78
40.76
40.76
40.73
40.66
40.63
40.72
40.74
40.57
40.73
40.7
40.67
40.56
40.6
40.6
40.63
40.58
40.58
40.56
40.56
40.57
40.61
40.57
40.56
40.58
40.63
40.61
40.63
40.57
40.56
40.6
40.61
40.66
40.56
40.49
40.46
40.48
40.47
40.44
40.38
40.4
40.4
40.39
40.37
