109.99
110.24
110.19
109.84
109.75
109.67
109.74
109.94
109.97
110.44
110.24
110.39
110.1
110.19
110.08
110.15
110.14
110.21
110.16
109.99
109.9
109.85
109.91
109.85
109.77
109.87
109.63
109.84
109.93
109.9
109.96
109.99
110.05
109.98
109.9
109.83
109.87
109.89
109.73
109.7
109.76
109.71
109.75
109.51
109.69
109.8
109.58
109.66
109.53
109.61
109.6
109.57
109.48
109.41
109.6
109.17
109.14
109
109.37
109.3
109.32
109.3
109.43
109.35
109.25
109.34
109.29
109.25
108.97
109.14
109.29
109.24
109.26
109.36
109.49
109.36
109.55
109.53
109.5
109.6
109.53
109.62
109.55
109.6
109.7
109.76
109.79
109.69
109.76
109.88
109.89
109.87
109.87
109.88
109.97
109.78
109.71
109.69
109.62
109.64
109.47
109.51
109.69
109.6
109.55
109.49
109.38
109.55
109.44
109.51
109.51
109.52
109.71
109.8
109.78
109.61
109.69
109.58
109.72
109.74
109.87
109.9
109.95
109.93
109.95
109.86
109.93
109.93
110.13
109.84
110.04
110.06
110.12
110.11
110.17
110.08
110.16
110.16
110.09
110.05
109.96
110.08
110.08
110.17
109.97
110.15
110.09
110.11
110.17
110.15
110.12
110.04
110.39
110.22
110.25
110.24
110.23
110.3
110.12
110.17
110.21
110.14
110.16
110.18
110.18
109.93
109.87
109.91
109.88
109.85
109.89
109.87
109.91
109.97
110.07
110.08
110.06
110.06
110.02
110.06
110.02
110.04
109.75
109.76
109.79
109.82
109.86
109.85
109.8
109.85
109.76
109.79
109.87
109.84
109.97
109.76
109.92
109.93
109.96
109.93
109.9
109.91
109.94
109.79
109.79
109.81
109.84
109.88
109.82
109.89
109.87
109.92
109.98
109.8
109.85
109.92
109.89
109.93
109.92
109.94
109.89
109.89
109.93
109.89
109.84
109.88
109.91
109.82
109.81
109.91
109.91
109.85
109.88
109.84
109.87
109.9
109.88
109.79
109.8
109.74
109.67
109.69
109.68
109.73
109.69
109.76
109.78
109.78
109.78
109.73
109.77
109.74
109.63
109.62
109.68
109.77
109.7
109.7
109.67
109.67
109.71
109.65
109.69
109.5
109.48
109.55
109.52
109.43
109.45
109.46
109.39
109.46
109.5
109.65
109.5
109.6
109.51
109.48
109.51
109.44
109.43
109.46
109.55
109.57
109.59
109.6
109.6
109.55
109.56
109.49
109.48
109.61
109.23
109.22
109.15
109.08
109.13
109.21
109.29
109.29
109.1
109.08
109.18
109.29
109.28
109.04
109.22
109.08
109.05
109.17
109.07
109.24
109.24
109.21
109.22
109.2
109.05
109.13
109.06
109.06
109.07
109.06
109.07
109.02
109.07
109.02
109.02
109
109
109.79
109.84
109.51
109.25
109.34
109.2
108.9
109.26
109.17
109.15
108.86
108.81
109.03
109.31
109.37
109.23
109.47
109.3
109.33
109.43
109.38
109.42
109.42
109.59
109.9
109.7
109.78
109.57
109.49
109.33
109.4
109.35
109.39
109.42
109.25
109.34
109.31
109.39
109.38
109.38
109.43
109.44
109.27
109.1
109.3
109.1
109.04
108.96
108.99
109.19
109.04
109.32
109.24
109.21
109.21
109.3
109.25
109.22
109.23
109.16
109.11
109.12
109.13
109.12
109.09
109.1
109.18
109.25
109.29
109.32
109.2
109.23
109.15
109.1
109.08
109.01
108.95
108.85
108.81
108.88
108.74
108.58
108.49
108.6
108.56
108.27
108.35
108.26
108.24
108.31
108.32
108.32
108.35
108.31
108.36
108.3
108.34
108.37
108.4
108.41
108.52
108.54
108.57
108.64
108.64
108.68
108.54
108.62
108.6
108.84
108.89
108.72
108.63
108.48
108.61
108.45
108.53
108.58
108.6
108.58
108.62
108.65
108.63
108.59
108.62
108.62
108.8
108.7
108.76
108.7
108.69
108.72
108.77
108.78
108.8
108.83
108.82
108.79
108.76
108.71
108.74
108.88
108.88
108.95
108.9
108.79
108.79
108.67
108.67
108.74
108.59
108.61
108.52
108.69
108.75
108.71
108.76
108.67
108.67
108.65
108.71
108.62
108.64
108.69
108.69
108.79
108.84
108.85
108.89
108.9
108.87
108.85
108.85
108.89
108.64
108.93
108.86
108.72
108.8
108.77
108.75
108.69
108.74
108.66
108.66
108.6
108.65
108.67
108.66
108.52
108.38
108.45
108.45
108.44
108.54
108.54
108.58
108.57
108.62
108.58
108.56
108.51
108.37
108.37
108.32
108.41
108.44
108.5
108.42
108.51
108.47
108.47
108.58
108.63
108.53
108.53
108.51
108.48
108.49
108.46
108.46
108.41
108.47
108.39
108.36
108.34
108.39
108.39
108.37
108.32
108.45
108.38
108.32
108.39
108.41
108.53
108.61
108.62
108.75
108.67
108.62
108.58
108.45
108.47
108.38
108.54
108.56
108.53
108.56
108.65
108.61
108.67
108.78
108.77
108.53
108.6
108.6
108.72
108.67
108.59
108.62
108.52
108.53
108.59
108.51
108.47
108.41
108.33
108.39
108.49
108.43
108.38
108.5
108.39
108.41
108.37
108.33
108.16
108.38
108.29
108.31
108.25
108.32
108.29
108.32
108.29
108.22
108.33
108.23
108.33
108.35
108.4
108.34
108.33
108.28
108.19
108.15
108.22
108.28
108.21
108.31
108.3
108.23
108.24
108.26
108.28
108.23
108.24
108.19
108.18
108.15
108.15
108.18
108.12
108.16
108.15
108.17
108.18
108.26
108.22
108.08
108.08
108.16
108.15
108.1
108.13
108.06
107.95
107.9
107.89
107.91
108
107.95
107.88
107.9
107.95
107.94
107.87
107.85
107.92
107.88
107.95
107.91
107.88
107.87
107.9
107.83
107.8
107.9
105.71
105.5
106.27
106.37
106.68
106.51
106.13
106.55
106.64
106.6
106.73
107.37
107.3
106.75
106.92
106.84
106.67
107.35
107
106.79
106.74
106.5
106.5
106.64
106.49
106.28
106.15
106.17
106.31
106.3
106.04
105.99
105.91
106.02
106.1
105.98
105.93
105.98
106.11
106
106.1
106.19
106.38
106.32
106.2
106.4
106.47
106.33
106.5
106.36
106.33
106.4
106.29
106.29
106.19
106.18
106.02
105.77
105.75
105.78
105.66
105.79
105.85
105.99
105.79
105.75
105.96
105.83
105.94
106.07
105.84
105.84
105.84
105.83
105.95
105.92
105.99
105.86
106.01
106.03
105.77
105.78
105.75
105.87
105.84
105.82
105.83
105.97
105.9
105.92
105.93
105.83
105.96
106.12
106.06
106.09
106.08
106.01
105.92
106.39
106.01
106.64
106.77
106.67
106.52
106.4
105.99
106.55
106.44
106.46
106.33
106.26
106.25
106.34
106.38
106.3
106.33
106.39
106.35
106.5
106.39
106.34
106.25
106.36
106.35
106.37
106.35
106.21
106.2
106.1
106.07
106.08
106.08
106.17
106.03
105.95
105.88
105.69
106.09
105.76
105.53
105.51
105.42
105.32
105.3
105.19
105.04
105.31
104.9
104.92
104.79
105
105.23
105.12
105.32
105.35
105.32
105.32
105.09
105.13
105.04
105.12
105.1
105.17
105.24
105.23
105.22
105.26
105.06
105.19
105.08
105.33
105.34
105.53
105.5
105.45
105.37
105.43
105.49
105.5
105.42
105.34
105.34
105.25
105.37
105.32
105.28
105.35
105.21
105.3
105.27
105.25
105.33
105.47
105.26
105.27
105.23
105.31
105.27
105.15
105.07
105.02
104.98
105.06
105.08
104.98
104.98
105.11
105.02
105.01
104.82
104.84
104.9
105.07
105
105.14
105.05
104.92
104.92
104.77
104.85
104.74
104.68
104.6
104.58
104.39
104.24
104.41
104.43
104.35
104.45
104.79
104.43
104.73
104.71
104.82
104.73
104.77
104.74
104.81
104.7
104.75
104.76
104.78
104.7
104.79
104.45
104.38
104.29
104.41
104.34
104.44
104.49
104.43
104.48
104.44
104.45
104.3
104.36
104.59
104.64
104.65
104.72
104.6
104.4
104.4
104.37
104.7
104.86
104.94
104.94
105
105.19
105.09
104.87
104.92
104.97
104.95
104.92
104.93
104.73
104.66
104.49
104.64
104.67
104.68
104.78
104.87
104.91
104.85
104.97
105.01
104.82
105.06
105.14
105.13
105.16
104.95
104.91
104.88
104.86
104.85
104.8
104.76
104.78
104.89
105.04
104.9
104.8
104.76
104.74
104.6
104.67
104.76
104.78
104.77
104.87
104.73
104.78
104.67
104.81
104.82
104.77
104.73
104.75
104.72
104.73
104.79
104.79
104.82
104.79
104.79
104.79
104.75
104.76
104.78
104.77
104.73
104.73
104.7
104.71
104.65
104.75
104.72
104.8
104.71
104.73
104.75
104.76
104.75
104.78
104.85
104.92
104.95
104.99
105.06
105.09
101.94
102.11
101.55
101.46
101.63
101.38
101.88
101.74
101.75
101.94
101.85
102.66
102.72
102.75
101.91
102.45
102.85
101.95
102.68
102.61
103.29
103.48
103.51
104.09
104.04
103.92
103.9
103.65
103.76
103.64
103.74
103.64
103.39
103.26
103.27
103.52
103.55
103.48
103.38
103.32
103.4
103.47
103.6
103.82
103.97
103.85
103.61
103.45
103.45
103.54
103.54
103.49
103.24
103.13
103.07
102.98
102.96
102.96
103.14
103.11
103.09
103.11
103.23
103.54
103.48
103.49
103.35
103.38
103.88
104.24
104.02
104.15
104.3
104.4
104.17
104.31
104.36
104.17
104.11
103.84
103.9
103.89
103.78
103.98
103.95
104.18
104.14
103.77
104.03
103.85
104.02
103.92
103.83
104.4
104.7
104.87
105.07
105.06
105.09
105.24
105.25
104.96
104.97
104.86
104.73
104.72
104.82
104.87
104.74
104.97
105.09
104.9
104.9
104.92
104.96
104.6
104.6
104.75
104.69
104.53
104.59
104.69
104.6
104.61
104.6
104.62
104.62
104.22
104.4
104.45
104.44
104.68
104.53
104.79
104.82
104.81
104.71
104.7
104.64
104.92
104.62
104.62
104.56
104.35
104.48
104.47
104.53
104.6
104.75
104.69
106.16
106.15
106.4
106.58
106.59
106.51
106.52
106.54
106.59
106.77
106.78
106.85
106.76
106.73
106.78
106.72
106.87
106.83
106.8
106.81
106.64
106.64
106.48
106.76
106.36
106.36
106.66
106.62
106.54
106.6
106.77
106.76
107.08
107.16
107.17
107.31
107.3
107.22
107.34
107.24
107.3
107.27
107.27
107.2
107.06
107.09
107.12
107.39
107.5
107.03
107.43
106.96
107.27
107.2
107.3
107.29
107.22
107.37
107.33
107.44
107.45
107.36
107.34
107.39
107.52
107.14
107.34
107.26
107.11
107.08
107.1
107
106.97
106.92
107.21
107.1
107.19
107.13
107.17
107.35
107.35
107.38
107.06
107.38
107.21
107.26
107.16
107.02
107.02
106.81
106.94
107.09
107.12
107.08
106.83
107.01
106.96
107.06
107.01
106.81
107.06
106.92
106.95
106.94
106.95
106.99
106.83
107.02
107
106.87
107
106.94
106.88
106.98
107.2
107.44
107.4
107.53
107.63
107.23
107.6
107.5
107.29
107.5
107.53
107.65
107.75
107.7
107.81
107.83
107.78
107.7
107.84
107.78
107.69
107.57
107.65
107.47
107.4
107.43
107.47
107.49
107.46
107.47
107.42
107.51
107.5
107.53
107.47
107.5
107.43
107.53
107.72
107.72
107.82
107.74
107.55
107.51
107.47
107.54
107.41
107.35
107.35
107.45
107.4
107.81
107.49
107.7
107.71
107.51
107.2
106.5
105.82
106.05
106.17
106.17
106.4
106.05
106.21
106.02
105.81
105.77
105.81
105.75
105.57
105.45
105.53
105.45
105.56
105.8
105.8
105.6
105.78
105.66
105.48
105.62
105.76
105.75
105.76
105.74
105.66
105.62
105.03
105
104.85
105.06
105.65
105.26
104.97
104.97
105.03
105.02
105.09
105.01
104.81
104.78
104.73
104.81
104.61
104.68
105.03
104.82
104.7
104.69
104.73
104.67
104.83
104.89
105.24
105.4
105.56
105.81
106
105.94
105.88
105.86
105.75
105.25
105.64
106.01
105.88
105.6
105.61
105.58
105.23
105.65
105.58
105.27
105.67
105.54
105.63
105.6
105.32
105.42
105.42
105.2
105.55
105.33
105.18
105.21
105.08
105.2
105.17
105.04
104.96
104.82
104.78
104.77
105.14
105.14
105.11
105.1
105.08
105.07
104.88
104.86
104.75
104.72
104.73
104.99
104.96
104.81
104.88
104.9
104.92
104.67
104.82
104.73
104.28
104.16
104.14
104.39
103.91
103.84
103.89
104.3
104.22
104.25
104.31
104.39
104.36
104.34
104.29
104.42
104.55
104.66
104.79
104.82
104.86
104.91
104.62
104.95
105
104.96
105.03
104.84
104.86
104.97
105.25
105.25
105.29
105.55
105.61
105.54
105.22
105.35
105.27
105.3
105.23
105.15
105.3
105.39
105.54
105.57
105.57
105.7
105.62
105.54
105.57
105.62
105.55
105.53
105.47
105.44
105.5
105.51
105.54
105.35
105.5
105.48
105.58
106.14
105.95
105.91
106.11
105.93
106
105.94
105.88
105.79
105.61
105.66
105.8
105.26
105.3
105.45
105.92
105.17
105.18
105.11
105.17
105.22
105.17
105.37
105.5
105.62
105.6
105.65
105.55
105.46
105.3
105.23
105.17
105.16
105.07
105.11
105.06
104.92
105.1
105.25
105.31
105.19
105.26
105.32
105.31
105.21
105.31
105.21
105.41
105.19
105.23
105.21
105.27
105.24
105.2
105.16
105.21
105.29
105.25
105.24
105.26
105.25
105.26
105.46
105.47
105.54
105.47
105.45
105.46
105.34
105.42
105.38
105.4
105.36
105.36
105.28
105.24
105.17
105.33
105.14
105.19
105.19
105.2
105.27
105.24
105.52
105.54
105.5
105.6
105.8
105.89
105.72
105.58
105.79
105.58
105.35
105.31
105.45
105.47
105.56
105.75
105.59
105.58
105.58
105.5
105.46
105.26
105.35
105.32
105.46
105.22
105.31
105.26
105.36
105.31
105.37
105.36
105.26
105.36
105.49
105.43
105.37
105.33
105.28
105.25
105.25
105.39
105.31
105.3
105.35
105.5
105.37
105.33
105.14
105.22
105.15
105.21
105.22
105.17
105.19
105.3
105.24
105.25
105.25
105.4
105.18
105.01
104.82
104.66
104.7
104.69
104.76
104.83
104.98
105.21
105.31
105.41
105.23
105.17
105.18
105.24
105.03
105.01
104.78
105
104.93
104.92
105.1
105.07
104.87
104.85
105
104.93
104.82
104.9
104.7
105.12
105.17
104.97
104.85
105.1
105.21
105.8
105.67
104.85
105.77
105.1
105.55
105.41
105.68
105.62
106
105.92
105.8
105.71
105.86
105.9
105.98
106.04
105.83
105.81
106
105.9
105.64
105.5
105.48
105.3
105.1
105.21
104.9
105.05
105.51
105.15
105.64
105.62
105.76
106.05
105.34
105.37
105.67
105.68
105.99
105.93
105.68
105.79
105.79
105.75
105.94
105.71
105.74
105.7
105.69
105.5
105.81
105.65
105.53
105.67
105.85
105.64
105.75
105.95
105.8
105.77
105.99
105.96
106
106.08
105.76
106.7
106.76
106.62
106.54
106.68
106.78
106.49
106.75
106.67
106.9
107.17
106.9
106.87
106.99
106.49
106.83
107.01
107.03
107.04
106.94
107
107.24
107.39
107.27
107.22
107.35
107.34
107.34
107.35
107.48
107.6
107.29
107.34
107.45
107.5
107.27
107.23
107.13
107.27
107.38
107.4
107.27
107.31
107.39
107.4
107.51
107.38
107.37
107.48
107.54
107.37
107.38
107.39
107.34
107.41
107.47
107.44
107.47
107.44
107.33
107.35
107.06
106.92
106.6
106.65
106.83
106.85
106.93
106.86
106.87
107.04
107.13
106.99
107.07
107.28
106.86
107.39
107.29
107.24
107.28
107.33
107.56
107.6
107.39
107.46
107.42
107.3
107.24
107.19
107.1
106.97
107.07
107
106.87
106.96
106.92
106.92
106.84
106.9
106.85
106.77
106.61
106.68
106.56
106.73
106.71
106.79
106.72
106.66
106.55
106.65
106.63
106.6
106.53
106.63
106.51
106.6
106.6
106.31
106.3
106.29
106.22
106.54
106.43
106.35
106.3
106.5
106.57
106.47
106.5
106.5
106.55
106.66
106.48
106.57
106.51
106.48
106.28
106.36
106.51
106.68
106.74
106.75
106.67
106.69
106.68
106.62
106.73
106.7
106.65
106.45
106.63
106.59
106.58
106.58
106.48
106.49
106.5
106.73
106.71
106.9
106.95
106.82
106.59
106.78
106.79
106.71
106.64
106.6
106.48
106.8
106.71
106.56
106.77
106.6
106.42
106.42
106.39
106.42
106.47
106.44
106.41
106.4
106.53
106.53
106.35
106.45
106.53
106.82
106.62
106.52
106.69
106.8
106.93
106.83
106.74
106.73
106.78
106.76
106.71
106.7
106.67
106.64
106.66
106.55
106.78
106.36
106.41
106.57
106.6
106.7
106.71
106.7
106.81
106.63
106.48
106.6
106.76
106.66
106.7
106.6
106.48
106.68
106.52
106.54
106.54
106.55
106.42
106.47
106.54
106.52
106.18
106.1
106.04
106.06
106.42
106.39
105.86
106.12
106.28
106.18
106.04
106.11
106.06
106.1
106.02
106.14
106.08
106.04
106.01
105.86
105.71
105.93
106
105.98
106.04
105.94
105.77
105.66
105.72
105.67
105.99
105.91
106.9
106.54
106.5
106.81
107.68
107.42
106.48
108.27
108.36
108.27
107.98
107.9
107.74
108.05
108.15
108.28
108.32
108.34
108.41
108.71
108.65
108.59
108.56
108.67
108.54
108.47
108.16
108.39
108.24
108.34
108.32
108.22
108.2
108.14
108.07
108.23
108.03
107.8
107.78
107.73
107.75
107.75
107.81
107.74
107.4
107.36
107.42
107.63
107.4
107.42
107.51
107.79
107.73
107.83
107.81
107.7
107.7
107.86
107.79
107.96
107.78
107.89
107.94
107.83
107.78
107.66
107.76
107.85
107.75
107.66
107.71
107.68
107.65
107.72
107.66
107.65
107.93
107.99
108.17
108.15
108.06
108.19
107.64
108.06
107.98
108.03
107.95
107.88
107.85
107.88
107.9
107.93
108.03
108.19
108.18
108.17
108.09
108.11
108.14
108.13
107.98
107.91
107.84
107.94
107.92
107.93
107.78
107.96
107.96
107.93
107.92
107.86
107.98
108.14
108.05
107.86
108.23
108.13
108.13
108
108.19
108.19
108.16
108.1
108.04
108.04
107.9
107.87
107.92
107.74
107.97
107.89
107.74
107.61
107.53
107.65
107.61
107.67
107.73
107.7
107.81
107.77
107.78
107.83
107.71
107.8
107.7
107.8
107.8
107.78
107.75
107.8
107.96
107.9
107.89
107.9
107.82
107.79
107.79
107.79
107.81
107.83
107.79
107.88
107.9
107.8
107.85
107.86
107.92
107.9
107.93
107.94
107.97
107.96
107.94
107.97
107.96
107.88
107.8
107.89
107.83
107.75
107.84
107.83
107.8
107.82
107.75
107.75
107.73
107.78
107.82
107.81
107.85
107.81
107.75
107.64
107.8
107.76
107.8
107.71
107.6
107.62
107.73
107.74
107.73
107.73
107.75
107.8
107.75
107.8
107.76
107.75
107.76
107.81
107.75
107.76
107.77
107.63
107.75
107.75
107.75
107.62
107.53
107.39
107.6
107.33
107.37
108.04
108.26
108.07
108.1
108.03
108.07
108.04
108.07
108.08
108.11
108.07
108.02
108.11
108
108.1
108.14
108.21
108.25
108.21
108.11
107.86
107.79
107.95
108.03
107.81
107.72
107.85
107.52
107.59
107.72
107.66
107.73
107.82
107.93
107.74
107.74
107.88
107.61
107.74
107.38
107.25
107.32
107.71
107.37
107.31
107.47
107.47
107.49
107.5
107.53
107.44
107.51
107.62
107.74
107.62
107.48
107.83
107.9
107.83
107.89
107.78
107.74
107.71
107.73
107.96
107.98
108.23
108.37
108.4
108.48
108.7
108.35
108.31
108.3
108.35
108.35
108.55
108.55
108.58
108.94
109.04
109.08
109.11
108.92
109.1
108.8
108.84
108.6
108.54
108.8
108.78
108.53
108.47
108.65
108.89
109.11
109.15
110.36
110.38
110.27
110.75
110.7
110.7
110.94
110.93
110.8
110.57
110.35
110.57
110.4
110.28
110.27
110.38
110.44
110.47
110.47
110.66
110.8
110.46
110.85
110.87
110.77
110.69
110.72
110.76
110.82
110.76
110.76
110.88
110.87
110.76
110.78
110.81
110.76
110.71
110.9
111.13
110.89
110.88
110.67
110.41
110.45
110.39
110.4
110.39
110.45
110.17
110.51
110.21
110.37
110.05
109.82
109.82
110
110.05
110.05
109.99
109.86
109.77
109.77
109.87
109.91
109.84
109.89
109.8
109.95
109.88
109.89
109.94
109.82
109.77
109.61
109.63
109.64
109.69
109.63
109.65
109.62
109.47
109.57
109.63
109.64
109.69
109.62
109.62
109.62
109.61
109.7
109.72
109.72
109.78
109.95
110
109.99
110
109.96
109.95
109.84
109.84
109.84
109.7
109.65
109.71
109.64
109.53
109.62
109.54
109.7
109.46
109.49
109.45
109.57
109.44
109.4
109.6
109.28
109.21
109.21
109.34
109.41
109.44
109.37
109.44
109.36
109.36
109.67
109.83
109.88
109.79
109.85
109.75
109.66
109.65
109.67
109.72
109.64
109.63
109.72
109.7
109.68
109.71
109.64
109.64
109.69
109.78
109.8
109.79
109.67
109.81
109.85
109.85
109.84
109.9
109.85
109.87
109.84
109.88
109.86
109.85
109.84
109.84
109.94
109.97
109.97
109.99
110.01
110.09
110.17
110.06
110.01
110.02
110.02
110.02
110.06
110.08
110.26
110.39
110.21
110.1
110.1
110
110.01
109.99
110.12
110.06
110.09
110.01
110
110.01
110.2
110.15
110.1
110.24
110.12
110.08
110.01
110.01
110.05
110.03
110.13
110.17
110.1
110.08
110.06
110.05
110.02
109.72
109.7
109.59
109.59
109.46
109.51
109.59
109.64
109.68
109.69
109.61
109.67
109.47
109.79
109.8
109.83
109.74
109.74
109.76
109.7
109.7
109.68
109.68
109.68
109.4
109.69
109.21
109.17
109.22
109.11
108.81
109.13
108.88
108.65
108.63
108.87
108.87
109.02
108.93
108.95
109
108.97
108.68
108.72
108.75
108.75
108.7
108.94
108.58
108.5
108.27
108.45
108.64
108.66
108.39
108.68
108.74
108.9
109
108.92
109.02
108.99
108.63
108.98
108.95
108.95
108.89
108.8
108.79
108.88
108.93
108.93
108.9
108.9
108.96
108.68
108.94
108.51
108.51
108.52
108.65
108.68
108.68
109.14
109.08
109
108.92
108.78
108.74
108.74
109
109
108.94
109.02
108.99
108.98
108.9
108.26
108.13
108.15
108.14
108.17
108.6
108.61
108.68
108.74
108.9
109.06
109.07
108.68
109.14
109.13
108.95
109.15
108.65
109.11
109.14
109.24
109.49
109.49
109.5
109.42
109.46
109.48
109.51
109.45
109.41
109.46
109.39
109.48
109.51
109.45
109.38
109.27
109.31
109.28
109.31
109.12
109.05
109.16
109.11
109.04
109.08
109.05
108.96
109.03
108.92
108.91
109.07
109.02
108.94
109.1
109.23
109.29
109.18
109.21
109.29
109.26
109.26
109.3
109.27
109.2
109.12
109.18
109.19
109.15
109.17
109.14
109.16
109.2
109.19
109.04
109.08
109.11
109.06
109.11
109.02
109
109.05
109.14
109.07
109.09
109.04
108.94
108.96
108.87
108.92
108.98
108.89
108.91
108.95
108.92
108.89
108.91
108.86
108.82
108.82
108.79
108.66
108.94
108.91
108.64
108.67
108.68
108.7
108.72
108.82
108.9
108.89
108.76
108.72
108.8
108.87
108.89
108.89
108.89
108.69
108.8
108.67
108.67
108.76
108.6
108.61
108.51
108.69
108.7
108.67
108.6
108.6
108.52
108.47
108.3
108.33
108.24
108.38
108.24
108.45
108.52
108.52
108.51
108.52
108.58
108.6
108.6
108.63
108.67
108.64
108.65
108.62
108.63
108.61
108.64
108.68
108.74
108.76
108.78
108.8
108.84
108.78
108.76
108.79
108.81
108.78
108.66
108.58
108.61
108.54
108.51
108.49
108.56
108.57
108.55
108.58
108.57
108.49
108.48
108.53
108.61
108.61
108.59
108.6
108.61
108.59
108.61
108.56
108.61
108.6
108.6
108.59
108.59
108.56
108.57
108.6
108.61
108.69
108.79
108.73
108.73
108.65
108.64
108.73
108.59
108.64
108.63
108.65
108.64
108.59
108.79
108.66
108.74
108.73
108.73
108.79
108.85
108.73
108.67
108.74
108.68
108.69
108.67
108.81
108.78
108.78
108.82
108.81
108.84
108.68
108.87
108.91
108.85
108.9
108.89
108.94
108.94
108.97
108.95
108.72
108.64
108.73
108.79
108.87
108.79
108.84
108.9
108.89
108.9
108.88
108.85
108.86
108.91
108.9
108.82
108.95
108.85
108.96
108.97
108.89
108.9
108.9
108.91
108.89
108.94
109.11
109.15
109.25
109.22
109.19
109.21
109.19
109.27
109.21
109.4
109.19
109.17
109.46
109.4
109.42
109.4
109.47
109.36
109.46
109.4
109.43
109.43
109.42
109.41
109.38
109.41
109.57
109.67
109.56
109.38
109.38
109.33
109.53
109.49
109.47
109.38
109.58
109.41
109.47
109.68
109.54
109.46
109.55
109.5
109.62
109.54
109.79
109.8
109.96
109.99
109.97
109.78
109.86
109.93
109.94
109.96
109.97
109.9
109.92
109.94
109.94
109.97
109.7
109.79
109.74
109.74
109.76
109.87
109.89
109.98
109.97
109.91
109.84
109.82
109.91
109.98
110
109.98