63
62.95
63.16
63.2
63.2
63.08
63.03
63.03
63
63.11
63.02
63.01
62.98
62.93
63.02
63.04
62.99
62.87
62.89
62.9
62.91
62.89
62.92
62.88
62.86
62.89
62.83
62.77
62.81
62.81
62.79
62.7
62.52
62.58
62.76
62.64
62.65
62.68
62.67
62.65
62.63
62.58
62.45
62.45
62.43
62.43
62.4
62.34
62.28
62.2
62.24
62.24
62.24
62.2
62.23
62.26
62.26
62.24
62.26
62.23
62.19
62.16
62.17
62.2
62.24
62.23
62.14
62.15
62.04
62.03
62.03
62.04
62.17
62.2
62.12
62.24
62.24
62.26
62.31
62.21
62.21
62.24
62.22
62.2
62.2
62.23
62.26
62.27
62.24
62.21
62.23
62.19
62.15
62.16
62.15
62.21
62.17
62.15
62.08
62.17
62.15
62.14
62.16
62.2
62.24
62.27
62.16
62.27
62.22
62.27
62.28
62.26
62.27
62.28
62.28
62.27
62.28
62.28
62.26
62.42
62.47
62.41
62.4
62.38
62.38
62.4
62.4
62.46
62.54
62.52
62.48
62.4
62.54
62.55
62.59
62.61
62.58
62.6
62.55
62.6
62.58
62.55
62.61
62.57
62.53
62.55
62.56
62.54
62.53
62.54
62.46
62.52
62.67
62.58
62.64
62.61
62.6
62.55
62.52
62.72
62.7
62.48
62.48
62.44
62.51
62.49
62.48
62.48
62.47
62.46
62.5
62.51
62.42
62.42
62.45
62.47
62.46
62.45
62.46
62.4
62.35
62.4
62.41
62.45
62.45
62.46
62.45
62.45
62.43
62.44
62.47
62.45
62.44
62.45
62.44
62.4
62.39
62.42
62.37
62.36
62.38
62.41
62.38
62.41
62.41
62.39
62.42
62.39
62.45
62.44
62.44
62.47
62.47
62.44
62.45
62.45
62.44
62.42
62.42
62.41
62.4
62.36
62.36
62.29
62.31
62.36
62.32
62.35
62.39
62.41
62.43
62.44
62.44
62.42
62.42
62.41
62.41
62.41
62.45
62.43
62.41
62.41
62.4
62.41
62.38
62.41
62.4
62.38
62.38
62.38
62.39
62.38
62.33
62.34
62.33
62.29
62.27
62.28
62.28
62.24
62.26
62.26
62.25
62.24
62.23
62.24
62.24
62.31
62.31
62.31
62.26
62.28
62.33
62.33
62.33
62.35
62.32
62.33
62.3
62.3
62.26
62.24
62.21
62.18
62.18
62.17
62.17
62.12
62.13
62.16
62.18
62.19
62.1
62.09
62.08
62.05
62.06
62.11
62.1
62.16
62.1
62.12
62.13
62.15
62.15
62.17
62.17
62.18
62.15
62.17
62.16
62.21
62.2
62.22
62.29
62.27
62.31
62.31
62.33
62.35
62.37
62.39
62.38
62.37
62.39
62.39
62.39
62.45
62.49
62.66
62.72
62.73
62.47
62.38
62.53
62.58
62.47
62.44
62.44
62.36
62.37
62.35
62.37
62.38
62.37
62.37
62.41
62.42
62.45
62.36
62.31
62.23
62.21
62.17
62.18
62.11
62.16
62.07
62.09
62.14
62.13
62.15
62.21
62.26
62.09
62.14
62.18
62.11
62.06
62.1
62.03
62.04
62.06
62.08
62.16
62.21
62.22
62.23
62.27
62.25
62.26
62.22
62.18
62.2
62.22
62.16
62.15
62.2
62.25
62.21
62.14
62.22
62.22
62.21
62.19
62.21
62.21
62.18
62.14
62.12
62.12
62.12
62.06
62.06
62.06
62.02
62.01
62.01
62.02
62
62.01
62.01
62.01
62.04
62.05
62.07
62.08
62.07
62.08
62.1
62.13
62.13
62.18
62.17
62.15
62.13
62.17
62.2
62.23
62.23
62.24
62.25
62.25
62.24
62.19
62.22
62.22
62.17
62.15
62.2
62.19
62.15
62.15
62.12
62.1
62.08
62.06
62.08
62.11
62.11
62.12
62.11
62.11
62.19
62.17
62.12
62.13
62.15
62.13
62.15
62.14
62.15
62.08
62.03
62.04
62
62
61.97
61.99
62.04
62.03
62.03
61.99
61.97
61.97
62.01
61.93
61.95
61.94
61.94
61.97
61.98
62
62
62.03
62.04
62.03
61.99
61.97
61.94
61.97
61.96
61.98
61.97
62.02
62.06
61.99
62.08
62.06
62.08
62.08
62.13
62.15
62.07
62.04
62.21
62.18
62.16
62.18
62.15
62.19
62.15
62.16
62.17
62.16
62.17
62.13
62.11
62.17
62.12
62.12
62.12
62.09
62.15
62.12
62.14
62.2
62.22
62.2
62.22
62.24
62.24
62.25
62.26
62.28
62.33
62.36
62.34
62.35
62.33
62.34
62.36
62.36
62.35
62.36
62.36
62.34
62.34
62.4
62.4
62.45
62.49
62.49
62.49
62.51
62.51
62.53
62.54
62.53
62.54
62.54
62.56
62.57
62.5
62.55
62.43
62.43
62.47
62.47
62.47
62.48
62.43
62.46
62.42
62.42
62.42
62.39
62.4
62.38
62.36
62.38
62.38
62.39
62.36
62.37
62.36
62.36
62.35
62.37
62.35
62.35
62.31
62.32
62.33
62.27
62.29
62.26
62.24
62.29
62.24
62.26
62.29
62.3
62.26
62.26
62.21
62.22
62.19
62.17
62.13
62.14
62.16
62.15
62.16
62.17
62.17
62.21
62.16
62.2
62.22
62.22
62.23
62.21
62.21
62.16
62.16
62.16
62.16
62.14
62.17
62.16
62.22
62.24
62.26
62.29
62.32
62.34
62.33
62.32
62.37
62.32
62.34
62.39
62.4
62.37
62.38
62.39
62.42
62.36
62.36
62.35
62.34
62.38
62.33
62.34
62.32
62.35
62.34
62.36
62.35
62.36
62.28
62.28
62.28
62.33
62.29
62.24
62.25
62.23
62.28
62.28
62.28
62.26
62.3
62.3
62.26
62.28
62.29
62.04
62.04
61.97
61.97
61.97
61.97
61.84
61.87
61.87
61.85
61.91
61.9
62.06
61.95
61.94
61.9
61.89
61.89
61.81
61.73
61.74
61.75
61.92
61.85
61.72
61.69
61.69
61.67
61.69
61.7
61.7
61.66
61.69
61.64
61.6
61.58
61.7
61.63
61.69
61.62
61.6
61.65
61.61
61.54
61.52
61.55
61.43
61.53
61.62
61.7
61.48
61.69
61.74
61.73
61.72
61.72
61.75
61.73
61.75
61.78
61.73
61.81
61.79
61.75
61.86
61.78
61.94
61.94
61.97
61.97
61.96
61.95
61.99
62.02
61.99
62.09
62.13
62.09
62.08
62.03
62.08
62.19
62.19
62.2
62.2
62.2
62.21
62.14
62.1
62.14
62.19
62.2
62.2
62.24
62.24
62.23
62.19
62.2
62.13
62.08
62.06
62.05
62.23
62.03
62.13
62.01
62.03
62.01
61.95
61.94
61.92
61.92
61.96
61.96
61.94
61.89
61.93
61.96
61.96
61.83
61.83
61.76
61.78
61.8
61.81
61.81
61.81
61.75
61.78
61.75
61.78
61.76
61.72
61.68
61.7
61.66
61.69
61.69
61.67
61.69
61.56
61.56
61.52
61.51
61.48
61.45
61.42
61.44
61.53
61.52
61.48
61.48
61.47
61.47
61.49
61.5
61.52
61.49
61.49
61.45
61.47
61.5
61.5
61.48
61.48
61.42
61.49
61.49
61.5
61.51
61.51
61.51
61.5
61.53
61.52
61.49
61.53
61.45
61.47
61.48
61.49
61.53
61.5
61.45
61.45
61.44
61.42
61.42
61.45
61.55
61.52
61.5
61.46
61.5
61.56
61.49
61.51
61.51
61.5
61.44
61.5
61.44
61.41
61.42
61.47
61.41
61.41
61.4
61.39
61.39
61.36
61.36
61.36
61.37
61.38
61.36
61.36
61.35
61.36
61.32
61.26
61.33
61.25
61.26
61.23
61.33
61.3
61.22
61.22
61.22
61.27
61.25
61.3
61.33
61.36
61.39
61.42
61.4
61.4
61.38
61.42
61.39
61.4
61.31
61.35
61.27
61.31
61.27
61.25
61.24
61.27
61.33
61.3
61.33
61.36
61.31
61.33
61.3
61.27
61.26
61.34
61.28
61.29
61.34
61.32
61.31
61.29
61.29
61.36
61.38
61.38
61.38
61.33
61.36
61.4
61.43
61.45
61.45
61.44
61.38
61.42
61.44
61.43
61.43
61.43
61.46
61.47
61.44
61.47
61.46
61.43
61.44
61.49
61.44
61.48
61.44
61.44
61.47
61.47
61.48
61.44
61.49
61.4
61.4
61.4
61.45
61.47
61.48
61.45
61.43
61.43
61.42
61.42
61.39
61.4
61.4
61.44
61.42
61.38
61.39
61.4
61.46
61.5
61.49
61.49
61.52
61.51
61.54
61.52
61.52
61.51
61.46
61.48
61.45
61.46
61.5
61.51
61.48
61.45
61.47
61.5
61.48
61.53
61.5
61.51
61.5
61.5
61.5
61.5
61.47
61.47
61.5
61.48
61.47
61.52
61.54
61.54
60.38
60.27
60.27
60.45
60.51
60.59
60.58
60.78
60.7
60.78
60.82
60.74
60.7
60.55
60.67
60.62
60.76
60.59
60.65
60.75
60.9
60.9
60.94
60.93
60.9
60.92
60.81
60.9
60.94
60.98
60.99
61
60.94
60.91
60.86
60.92
61.03
60.92
60.91
61.04
61
60.98
60.9
60.89
60.86
60.85
60.86
60.86
60.88
60.87
60.88
60.82
60.81
60.81
60.75
60.76
60.73
60.75
60.82
60.83
60.87
60.9
60.93
60.99
60.98
60.93
60.96
60.99
60.99
61
61
61
61
61
60.97
61
61.01
60.97
60.94
60.95
60.96
60.94
60.9
60.95
60.95
60.87
60.88
60.9
60.89
60.79
60.77
60.76
60.75
60.79
60.77
60.79
60.86
60.77
60.87
60.86
60.81
60.84
60.79
60.85
60.85
60.85
60.84
60.86
60.86
60.86
60.86
60.86
60.89
60.88
60.87
60.88
60.84
60.84
60.84
60.82
60.79
60.75
60.78
60.78
60.78
60.78
60.83
60.73
60.69
60.67
60.67
60.68
60.67
60.74
60.71
60.74
60.72
60.68
60.72
60.72
60.68
60.65
60.67
60.61
60.62
60.68
60.61
60.68
60.63
60.63
60.84
60.89
60.89
60.91
60.89
60.91
60.87
60.96
60.95
60.94
60.95
60.95
60.97
60.96
60.92
60.94
60.95
60.91
60.93
60.94
60.91
60.93
60.87
60.87
60.86
60.89
60.9
60.94
60.94
60.98
61
61.08
61.05
61.06
61.03
61.08
61.07
61.11
61.12
61.11
61.09
61.07
61.07
61.02
61.01
60.97
60.95
60.99
61.01
60.97
60.96
60.97
60.95
60.95
60.99
61
60.98
60.98
60.96
60.96
60.98
61.03
61.03
60.96
60.96
60.94
60.98
60.98
60.99
61
60.89
60.9
60.9
60.89
60.93
60.9
60.94
60.91
60.93
60.95
60.95
60.93
60.95
60.94
60.91
60.96
60.95
60.83
60.83
60.82
60.86
60.76
60.88
60.89
60.88
60.82
60.85
60.9
60.9
60.91
60.94
60.89
60.92
60.89
60.9
60.84
60.83
60.8
60.81
60.78
60.8
60.78
60.83
60.84
60.8
60.88
60.9
60.9
60.88
60.88
60.92
60.87
60.84
60.85
60.83
60.83
60.81
60.85
60.87
60.9
60.9
60.91
60.94
60.78
60.93
60.94
60.95
60.94
60.94
60.95
60.96
61
60.95
60.95
60.93
60.95
60.97
60.96
61.09
61.1
61.1
61.12
61.16
61.14
61.21
61.14
61.14
61.18
61.22
61.26
61.24
61.17
61.22
61.23
61.26
61.3
61.33
61.33
61.35
61.36
63.17
63.25
63.23
63.35
63.41
63.23
63.49
63.52
63.48
63.49
63.48
63.42
63.38
63.45
63.38
63.35
63.34
63.29
63.26
63.27
63.33
63.42
63.31
63.34
63.3
63.34
63.32
63.3
63.32
63.33
63.3
63.47
63.33
63.14
63.1
63.3
63.33
63.16
63.13
63.06
63.06
63.09
63.06
63.14
63.13
63.12
63.1
63.12
63.1
63.1
63.13
63.08
63.11
63.1
63.1
63.05
63.1
63.12
63.08
63.1
63.11
63.1
63.16
63.16
63.22
63.26
63.14
63.21
63.13
63.1
63.03
62.91
62.91
62.78
62.81
62.75
62.75
62.77
62.85
62.83
62.76
62.76
62.74
62.64
62.65
62.65
62.67
62.61
62.61
62.55
62.52
62.51
62.51
62.5
62.46
62.54
62.5
62.49
62.61
62.74
62.8
62.78
62.71
62.73
62.73
62.71
62.77
62.69
62.72
62.75
62.75
62.66
62.76
62.82
62.86
62.83
62.82
62.83
62.84
62.83
62.84
62.6
62.84
62.44
62.49
62.82
62.42
62.45
62.83
62.55
62.65
62.58
62.6
62.74
62.73
62.72
62.74
62.68
62.74
62.72
62.69
62.63
62.72
62.64
62.66
62.73
62.66
62.71
62.78
62.74
62.77
62.96
62.75
62.76
62.93
62.83
62.94
62.88
62.72
62.8
62.92
62.88
62.9
62.95
62.98
62.98
62.99
62.9
62.86
62.9
62.99
62.94
62.98
62.93
62.93
63.04
63.05
62.89
62.87
63.11
63.04
63.21
63.23
63.25
63.22
63.22
63.27
63.25
63.34
63.25
63.26
63.28
63.24
63.23
63.24
63.22
63.23
63
62.93
62.96
62.96
62.94
62.97
63.05
63.04
63.08
62.95
62.96
62.93
63.19
62.96
63.1
63.06
63.08
62.97
62.99
62.91
62.87
62.92
62.92
63.04
63.02
62.95
63.07
63.02
62.97
62.99
62.99
63.02
63.03
62.99
62.95
63.01
62.94
62.99
62.99
63.04
63.11
62.96
63.03
63.03
63.03
62.96
62.95
63.02
62.98
63.03
62.92
62.95
62.93
62.9
62.95
62.96
62.95
62.95
62.96
62.9
62.89
62.86
62.86
62.89
62.94
62.91
62.9
62.9
63.03
63.04
63.11
62.93
62.98
63.23
63.15
63.03
63.11
63.05
63.05
63.07
63.05
63.02
63.08
63.09
63.13
63.1
63.05
63.04
62.99
63.17
62.89
62.91
62.99
62.96
62.98
62.98
63.01
62.98
62.97
62.96
62.97
63
63.05
63.07
63.08
63.12
63.07
63.05
63
63.19
63.1
63.16
63.16
63.24
63.21
63.17
63.09
63.13
63.11
63.15
63.16
63.08
63.07
63.11
63.09
63.13
63.11
63.09
63.09
63.08
63.03
63.11
63.13
63.09
63.17
63.11
63.13
63.28
63.34
63.24
63.19
63.17
63.21
63.2
63.09
63.12
63.08
63.17
63.2
63.16
63.19
63.2
63.17
63.17
63.2
63.18
63.15
63.15
63.16
63.15
63.18
62.8
63.06
63.15
63
63.13
63.14
63.12
63.23
63.24
63.21
63.26
63.37
63.31
63.29
63.29
63.2
63.22
63.26
63.1
63.1
62.97
62.96
62.92
62.82
63.3
62.98
62.93
62.92
62.78
62.74
62.72
62.73
62.72
62.71
62.9
62.69
62.83
62.85
62.98
62.66
62.87
62.9
62.96
63.1
63.06
62.96
63.01
62.97
63
62.98
63.05
62.81
62.83
62.81
63.06
62.91
62.81
62.77
62.76
62.88
62.86
62.82
62.82
62.77
62.81
62.87
62.92
62.92
62.85
62.9
62.83
63.02
63.04
63.01
63.07
63.12
63.1
63.11
63.11
63.07
63.02
63.03
63.11
63.06
63.1
63.06
63.06
62.94
62.99
62.88
62.88
62.99
62.99
63.02
63
63.05
63.08
63.08
63.06
63.04
63.1
63.17
63.15
63.14
63.18
63.15
63.24
63.23
63.15
63.27
63.3
63.27
63.27
63.22
63.26
63.27
63.24
63.28
63.32
63.33
63.31
63.29
63.3
63.25
63.29
63.31
63.3
63.27
63.25
63.26
63.2
63.33
63.15
63.15
63.16
63.19
63.23
63.22
63.14
63.19
63.18
63.15
63.15
63.11
63.22
63.12
63.2
63.15
63.15
63.11
63.16
63.2
63.22
63.22
63.17
63.22
63.22
62.89
62.87
62.85
62.79
62.83
62.87
62.89
62.91
62.86
62.77
62.78
62.8
62.8
62.75
62.69
62.64
62.84
62.79
62.76
62.75
62.68
62.57
62.51
62.69
62.5
62.55
62.55
62.58
62.52
62.6
62.59
62.52
62.56
62.55
62.52
62.5
62.51
62.57
62.57
62.57
62.6
62.65
62.65
62.67
62.7
62.77
62.77
62.79
62.76
62.73
62.71
62.74
62.74
62.81
62.86
62.9
62.89
62.91
62.83
62.8
62.82
62.75
62.75
62.83
62.66
62.63
62.65
62.61
62.56
62.58
62.62
62.69
62.68
62.62
62.67
62.67
62.65
62.69
62.58
62.58
62.56
62.63
62.57
62.62
62.65
62.65
62.61
62.65
62.59
62.6
62.6
62.62
62.56
62.6
62.6
62.59
62.57
62.59
62.54
62.54
62.54
62.62
62.58
62.53
62.49
62.53
62.56
62.54
62.5
62.49
62.5
62.52
62.46
62.34
62.4
62.45
62.42
62.49
62.47
62.47
62.47
62.44
62.54
62.57
62.57
62.42
62.61
62.52
62.51
62.53
62.34
62.38
62.56
62.53
62.53
62.56
62.59
62.63
62.64
62.58
62.56
62.58
62.56
62.54
62.46
62.63
62.41
62.43
62.61
62.45
62.44
62.47
62.44
62.47
62.46
62.38
62.36
62.33
62.3
62.26
62.2
62.17
62.15
62.45
62.21
62.29
62.25
62.2
62.2
62.28
62.15
62.19
62.17
62.17
62.08
62
62.87
62.87
62.72
62.87
62.79
62.67
62.58
62.54
62.41
62.44
62.41
62.3
62.26
62.34
62.36
62.29
62.28
62.35
62.28
62.4
62.5
62.29
62.29
62.35
62.53
62.61
62.4
62.51
62.53
62.54
62.55
62.63
62.62
62.61
62.64
62.72
62.65
62.65
62.75
62.75
62.74
62.65
62.61
62.5
62.44
62.4
62.36
62.38
62.38
62.29
62.22
62.26
62.3
62.27
62.29
62.22
62.17
62.24
62.17
62.22
62.27
62.34
62.34
62.38
62.43
62.45
62.2
62.48
62.46
62.45
62.46
62.39
62.46
62.41
62.42
62.4
62.47
62.45
62.46
62.42
62.42
62.43
62.39
62.35
62.33
62.32
62.31
62.34
62.32
62.39
62.35
62.31
62.42
62.43
62.44
62.46
62.35
62.35
62.36
62.32
62.31
62.29
62.29
62.54
62.52
62.52
62.29
62.46
62.55
62.5
62.46
62.45
62.42
62.48
62.46
62.51
62.46
62.45
62.51
62.53
62.45
62.45
62.53
62.55
62.48
62.5
62.46
62.48
62.47
62.38
62.4
62.36
62.35
62.45
62.45
62.28
62.46
62.2
62.23
62.25
62.23
62.13
62.12
62.17
62.15
62.14
62.09
62.14
62.19
62.22
62.12
62.23
62.18
62.1
62.15
62.21
62.12
62.19
62.18
62.12
62.13
62.16
62.13
62.11
62.14
62.16
62.17
62.19
62.19
62.18
62.22
62.25
62.28
62.28
62.23
62.25
62.24
62.24
62.25
62.33
62.25
62.35
62.39
62.4
62.38
62.37
62.36
62.34
62.33
62.33
62.37
62.33
62.36
62.32
62.36
62.35
62.37
62.35
62.35
62.28
62.27
62.25
62.29
62.29
62.26
62.34
62.33
62.32
62.33
62.34
62.33
62.35
62.29
62.31
62.3
62.3
62.28
62.33
62.31
62.37
62.34
62.3
62.3
62.25
62.27
62.28
62.28
62.63
62.54
62.59
62.65
62.56
62.62
62.62
62.59
62.56
62.6
62.45
62.55
62.54
62.53
62.53
62.54
62.56
62.52
62.5
62.44
62.44
62.45
62.49
62.54
62.57
62.46
62.47
62.38
62.38
62.38
62.35
62.45
62.34
62.38
62.52
62.52
62.35
62.37
62.38
62.28
62.2
62.4
62.21
62.21
62.29
62.28
62.28
62.3
62.31
62.34
62.29
62.38
62.45
62.53
62.3
62.3
62.3
62.63
62.61
62.53
62.62
62.57
62.65
62.62
62.59
62.73
62.79
62.75
62.73
62.75
62.72
62.67
62.67
62.71
62.72
62.72
62.75
62.74
62.73
62.75
62.72
62.76
62.7
62.85
62.87
62.89
62.89
62.89
62.9
62.87
62.85
62.84
62.73
62.81
62.81
62.81
62.77
63.51
63.47
63.45
63.61
63.61
63.61
63.73
63.66
63.66
63.52
63.37
63.3
63.3
63.41
63.39
63.32
63.14
63.14
63.14
63.14
63.14
63.14
63.15
63.16
63.17
63.31
63.31
63.28
63.31
63.22
63.22
63.22
63.28
63.28
63.28
63.29
63.27
63.26
63.27
63.25
63.27
63.31
63.29
63.3
63.3
63.3
63.3
63.3
63.3
63.33
63.3
63.28
63.38
63.37
63.35
63.35
63.3
63.32
63.32
63.32
63.4
63.41
63.41
63.41
63.4
63.39
63.32
63.29
63.43
63.43
63.32
63.31
63.34
63.35
63.35
63.33
63.33
63.43
63.41
63.35
63.36
63.34
63.41
63.42
63.37
63.35
63.29
63.26
63.26
63.24
63.28
63.29
63.29
63.34
63.34
63.38
63.39
63.39
63.45
63.43
63.44
63.51
63.51
63.35
63.44
63.46
63.48
63.49
63.47
63.49
63.54
63.47
63.52
63.55
63.56
63.56
63.52
63.57
63.57
63.57
63.57
63.66
63.6
63.68
63.64
63.66
63.64
63.64
63.62
63.63
63.66
63.66
63.67
63.67
63.62
63.62
63.63
63.66
63.62
63.68
63.66
63.68
63.69
63.71
63.73
63.76
63.74
63.75
63.75
63.76
63.73
63.72
63.72
63.72
63.74
63.72
63.74
63.74
63.75
63.75
63.76
63.76
63.88
63.88
63.86
63.86
63.86
63.99
63.97
63.96
63.97
64
64
63.97
63.97
63.97
64.06
64.07
64
63.97
63.97
63.93
63.93
63.88
63.85
63.78
63.75
63.93
63.9
63.89
63.84
63.85
63.92
63.91
63.98
63.98
64
63.98
63.99
63.98
63.98
63.89
63.9
63.88
63.87
63.87
63.87
63.86
64
63.8
63.8
63.81
63.81
63.83
63.81
63.85
63.83
63.81
63.8
63.8
63.76
63.76
63.72
63.73
63.79
63.78
63.79
63.76
63.74
63.74
63.67
63.67
63.7
63.67
63.65
63.64
63.59
63.67
63.62
63.65
63.64
63.65
63.64
63.67
63.74
63.74
63.76
63.68
63.74
63.76
63.79
63.69
63.78
63.81
63.78
63.82
63.8
63.76
63.76
63.78
63.81
63.81
63.77
63.78
63.72
63.72
63.72
63.77
63.8
63.78
63.79
63.79
63.83
63.82
63.82
63.77
63.76
63.78
63.76
63.79
63.79
63.74
63.74
63.76
63.76
63.76
63.74
63.83
63.82
63.86
63.85
63.85
63.96
63.97
63.92
63.92
63.91
63.9
63.9
63.94
63.96
63.97
63.97
63.96
64.04
64.01
62.2
62.17
62.23
62.39
62.25
62.54
62.57
62.44
62.57
62.59
62.59
62.57
62.67
62.67
62.67
62.7
62.62
62.56
62.58
62.59
62.59
62.56
62.6
62.6
62.65
62.63
62.63
62.59
62.67
62.66
62.62
62.67
62.65
62.65
62.65
62.71
62.7
62.72
62.68
62.65
62.57
62.56
62.53
62.75
62.4
62.71
62.35
62.41
62.44
62.38
62.37
62.35
62.34
62.25
62.29
62.26
62.28
62.27
62.32
62.29
62.3
62.32
62.33
62.35
62.35
62.31
62.32
62.35
62.35
62.37
62.33
62.26
62.32
62.31
62.25
62.26
62.26
62.25
62.23
62.27
62.35
62.42
62.32
62.43
62.46
62.43
62.45
62.45
62.51
62.5
62.53
62.39
62.4
62.4
62.42
62.39
62.42
62.4
62.41
62.37
62.33
62.34
62.34
62.31
62.29
62.27
62.24
62.26
62.25
62.26
62.25
62.23
62.28
62.28
62.29
62.27
62.33
62.23
62.31
62.23
62.29
62.29
62.26
62.29
62.23
62.25
62.22
62.23
62.23
62.22
62.24
62.21
62.22
62.22
62.18
62.2
62.18
62.22
62.21
62.2
62.24
62.21
62.24
62.21
62.21
62.28
62.29
62.25
62.28
62.27
62.32
62.31
62.29
62.28
62.31
62.31
62.29
62.3
62.31
62.3
62.36
62.36
62.38
62.41
62.4
62.43
62.43
62.4
62.3
62.34
62.37
62.39
62.39
62.41
62.39
62.42
62.42
62.4
62.42
62.41
62.4
62.42
62.42
62.42
62.46
62.49
62.46
62.48
62.46
62.46
62.44
62.45
62.48
62.45
62.46
62.45
62.44
62.43
62.45
62.44
62.37
62.37
62.33
62.34
62.34
62.32
62.33
62.34
62.32
62.32
62.32
62.32
62.33
62.34
62.36
62.35
62.35
62.35
62.36
62.36
62.39
62.38
62.37
62.38
62.44
62.46
62.39
62.44
62.46
62.38
62.5
62.49
62.5
62.5
62.51
62.56
62.57
62.59
62.59
62.53
62.53
62.54
62.56
62.51
62.5
62.53
62.6
62.61
62.6
62.59
62.6
62.58
62.62
62.65
62.61
62.68
62.6
62.58
62.67
62.58
62.63
62.59
62.58
62.6
62.6
62.6
62.66
62.7
62.68
62.77
62.78
62.7
62.8
62.87
62.93
62.94
62.96
62.75
62.98
62.97
62.96
62.96
62.91
62.89
62.88
62.95
62.79
62.76
62.92
62.64
62.94
62.74
62.78
62.9
62.75
62.72
62.71
62.75
62.8
62.8
62.81
62.79
62.81
62.81
62.72
62.79
62.79
62.77
62.78
62.76
62.79
62.8
62.76
62.76
62.74
62.75
62.72
62.71
62.71
62.73
62.74
62.74
62.83
62.85
62.86
62.85
62.73
62.82
62.78
62.77
62.75
62.72
62.7
62.68
62.67
62.71
62.65
62.63
62.63
62.6
62.62
62.6
62.62