5.922135
6.271204
6.440733
6.609964
7.036396
7.346001
7.049774
6.405112
6.458254
7.191925
7.608747
7.673437
7.619886
7.51267
7.748401
7.984416
7.76913
7.661418
7.513039
7.459699
7.93112
8.445175
10.93262
12.53027
14.46698
15.8473
16.57308
16.7694
17.23585
16.57056
15.42979
15.07445
15.1433
13.98368
11.01845
9.300513
7.707318
6.688916
5.887647
5.258418
5.153546
6.059129
6.810486
7.182932
6.704476
6.864244
7.23683
7.599496
7.407309
7.386301
7.535836
8.07143
8.050132
7.266919
6.565665
6.01558
6.036602
6.36364
6.215761
5.689227
5.699946
5.51076
5.322151
4.633167
4.227167
4.029208
3.966753
3.842114
3.697184
3.264889
3.018236
3.141516
2.987813
3.018564
2.957038
2.99818
3.18318
3.689806
3.741742
4.177372
4.146188
4.115212
4.1878
4.457659
4.56148
4.613513
4.728311
5.041627
5.576029
6.060584
6.367092
6.165818
6.250534
6.40953
6.388597
5.902724
5.839345
5.902537
5.607123
5.533778
5.198622
4.801566
4.499396
4.363852
4.343101
4.166391
4.218346
4.31165
4.592086
4.8311
5.166003
5.260261
5.218403
4.841091
4.600534
4.485544
4.70422
5.195061
5.634848
5.908689
5.992987
6.014171
6.298987
6.510257
6.552782
6.712551
6.872599
7.225226
7.310902
6.970099
6.641309
6.502414
6.218308
5.849393
5.239686
5.105378
4.98766
4.914823
5.198414
5.240384
5.282203
5.449829
5.533837
5.839528
6.154026
6.312605
6.588495
6.492286
6.505934
6.696528
6.270692
6.090762
5.858621
5.837485
5.774407
5.910683
5.58534
5.679518
6.153469
6.279552
6.374281
6.523283
6.502234
6.51297
6.746474
6.58724
6.555291
6.408519