2.994653
2.869288
2.42616
3.492064
3.898841
3.350785
2.713988
2.821317
2.601457
1.869159
0.621118
0.7238883
1.349948
1.446281
1.853759
1.738241
1.115619
1.215806
2.134146
2.54065
2.332657
3.160041
4.423868
3.798768
4.508197
4.684318
4.246714
2.914573
2.808425
2.602603
2.089552
1.982161
2.180377
1.581028
1.576355
2.077151
1.27451
0.6809338
0.7759457
1.660156
2.439024
2.536585
2.339181
1.846453
1.842871
2.33463
2.42483
2.131783
1.936108
2.125604
2.309913
2.401537
1.619048
1.712655
2
2.576336
3.238095
2.56654
1.988636
2.087286
2.754036
2.17597
2.163688
2.439024
2.811621
2.43218
2.334267
2.139535
0.7380074
1.019462
1.392758
1.672862
1.109057
2.037037
2.302026
2.197802
2.187785
2.191781
2.189781
1.730419
2.472528
2.385321
2.472528
2.3766
2.193784
1.814882
1.350135
1.702509
2.230152
3.127793
3.392857
3.491495
3.395889
2.598566
1.966041
1.160714
1.073345
1.426025
1.243339
0.3524229
0.08726004
-0.2599653
-0.9499136
-0.7785467
-0.8643042
0.08733624
0.9640666
1.323919
1.858407
1.581722
1.403509
1.843723
1.394943
0.9556907
1.830863
1.743679
1.918047
2.443281
1.996528
2.351916
2.345786
2.16263
3.287197
3.275862
3.697335
3.098107
2.739726
3.084833
3.165098
2.896082
2.893617
2.297872
2.4618
2.624894
1.926298
2.003339
1.243781
1.502504
1.25
1.246883
1.160862
1.15894
0.8271298
0.8319467
0.4971002
1.237624
0.9860312
0.4091653
0.7371007
1.151316
1.316872
1.067323
1.065574
0.6546645
0.902379
1.237624
1.483924
1.140994
1.545972
2.03749
2.276423
2.357723
2.112104
2.112104
2.027575
2.357723
1.95122
1.466993