4.694455
3.794332
3.53476
3.509592
3.739588
3.559888
3.222895
3.783312
3.912266
3.427925
3.069899
2.63585
2.208556
2.53319
2.586586
2.500432
2.149642
1.963351
2.613591
2.180141
2.292118
3.043331
2.961525
2.82432
3.008424
3.829503
4.489807
4.002644
3.510794
3.642328
3.095671
2.878272
2.2127
1.172023
0.9528751
1.072768
0.7885514
-0.008817565
-0.7470677
-0.2866508
0.6192919
1.055924
1.378645
1.59514
1.453597
1.908249
2.481918
2.42835
2.291711
2.185689
2.404847
2.944742
2.686975
2.6667
3.05699
2.967921
3.934277
4.137441
3.622931
3.663597
4.077988
4.083092
4.031557
3.766254
3.739133
3.916651
3.84242
3.814486
2.812685
2.051294
2.123491
2.567686
2.797534
2.715956
2.552931
2.487568
2.872517
3.228277
3.830662
4.679245
5.848976
6.451352
7.436603
7.823145
7.455075
8.070803
8.50844
8.301081
8.875021
9.474133
9.476223
9.305241
9.232459
9.853125
8.887383
7.092753
6.31756
4.512144
3.689837
3.139347
1.737935
0.5868666
-0.96504
-2.32774
-2.257134
-3.120338
-3.380892
-2.580917
-1.323812
0.2534842
0.3015186
0.9152789
1.502676
1.157773
2.247102
2.621344
1.871799
1.980872
2.466486
2.979619
2.721763
2.67033
3.370663
3.224044
3.256016
3.441141
2.910625
3.1734
3.268608
3.674965
3.919879
4.431537
4.248015
4.409719
3.7812
3.5045
3.132251
2.642383
2.502366
2.571908
2.851771
2.920998
2.134715
1.48316
1.574398
1.312148
1.535155
0.9922259
0.9510175
1.897436
2.174582
2.190155
1.95003
1.535198
2.374188
3.02446
3.018944
3.389659
3.860498
5.013674
5.37885
4.760946
4.728441
4.817226
5.140466
6.077788
5.708622
4.639937