1.408451
1.875733
1.875733
2.344666
2.816901
2.453271
2.093023
2.097902
1.860465
1.862631
1.511628
1.614763
2.083333
1.841197
2.071346
1.489118
1.255708
1.140251
1.138952
1.255708
1.255708
1.257143
1.145475
1.135074
1.020408
1.242938
1.127396
0.9029346
0.5636979
0.9019166
1.013514
1.127396
1.014656
1.128668
1.245753
1.122334
1.122334
0.78125
1.003345
1.677852
2.130045
1.787709
1.783723
1.895206
1.785714
1.897321
1.901566
2.219756
1.442841
1.66113
1.766004
1.210121
1.207464
1.317234
1.533406
1.531729
1.864035
1.861993
1.756312
1.411509
1.859956
1.851852
1.409978
1.956522
1.735358
1.84182
1.833873
1.508621
1.076426
1.075269
1.402373
1.391863
1.718582
1.71123
1.925134
2.132196
2.132196
1.914894
2.012712
2.123142
2.662407
2.765957
3.297872
3.167899
2.851109
2.839117
3.147954
2.400835
3.02714
3.235908
3.322949
3.118503
2.80083
2.380952
1.338826
1.125896
0.9240246
1.124744
0.4069176
0.7135576
0
0.1011122
-0.5025126
0
-0.2018164
0
0.4065041
0.8097166
0.7121058
0.5055612
1.215806
1.214575
1.215806
0.9090909
1.111111
1.008065
1.213347
1.314459
1.518219
1.305221
1.717172
1.911469
2.002002
1.9
2.002002
2.102102
2.097902
2.095808
2.397602
2.295409
2.392822
1.982161
2.085402
2.171767
2.158979
1.962709
1.962709
1.666667
1.8591
2.150538
2.04878
2.04878
1.94742
2.040816
1.653697
1.545894
1.440922
1.154957
1.539942
1.832208
1.92123
1.531101
1.434034
1.24283
1.337154
1.428571
1.339713
1.236917
1.041667
1.332065
0.8530806
1.041667
0.8482563
0.8482563
0.8482563
0.7554296
0.5655043
0.1877934