3.24826
3.023256
2.534562
2.283105
2.5
3.393665
4.044944
5.191874
4.72973
4.231626
4.888889
5.15695
4.94382
5.191874
5.16854
4.6875
4.656319
4.157549
3.887689
3.862661
4.301075
4.059829
3.601695
3.198294
3.426124
3.862661
4.059829
5.117271
4.661017
4.411765
4.158004
3.099174
2.886598
3.285421
3.067485
3.719008
4.347826
4.132231
3.49076
2.231237
2.834008
3.018109
3.193613
4.609219
4.809619
4.572565
4.166667
3.784861
4.365079
4.166667
4.166667
4.960318
3.740157
3.320313
4.061895
3.448276
3.632887
4.182509
5.333333
5.566219
4.372623
4.571429
4.571429
4.652825
5.925406
7.269146
6.332198
5.938375
6.398648
6.917439
5.950735
6.528648
6.722689
7.563025
6.722689
6.666667
6.61157
5.691057
6.451613
7.258065
6.4
5.511811
5.511811
5.511811
5.511811
5.46875
7.874016
7.8125
7.751938
7.692307
8.333333
9.022556
9.774436
10.44776
10.44776
9.701492
10.44776
9.62963
8.029197
8.695652
8.633094
9.285714
11.88811
11.72414
11.64384
11.48649
13.51351
14.96599
16.21622
14.86487
14.86487
13.33333
13.90728
13.72549
11.25
9.876543
9.815951
9.69697
8.333333
9.467456
9.302325
8.823529
8.823529
9.411765
8.72093
8.620689
8.426967
8.988764
10.05587
9.392265
9.340659
6.486486
5.319149
7.567567
8.648648
10.21505
10.16043
10.05291
9.84456
10.30928
9.137055
9.59596
9.547739
11.16751
11.61616
12.0603
11.44279
10.2439
10.67961
11.05769
10.84906
10.74766
10.69767
11.05991
11.46789
9.132421
7.239819
6.726458
6.696429
7.079646
7.017544
6.493506
7.234043
6.751055
6.302521
4.979253
4.115226
5.85774