8.278783
9.118892
10.61075
10.51317
10.82523
12.11834
13.03127
12.23919
13.01025
12.47466
12.91144
12.54014
14.56259
14.88011
14.20584
13.44348
13.08684
11.56969
10.02153
10.57261
10.53934
10.33748
10.40425
9.922333
8.660562
7.642725
7.114443
7.634524
7.071168
6.943602
6.202951
6.589613
6.341391
6.414254
5.528811
5.16222
4.842165
4.548047
5.127839
5.86811
6.504758
6.776297
7.258293
6.632869
6.243861
6.209013
6.234448
6.47196
7.234333
7.159416
8.845109
8.125925
7.400987
7.461498
7.811261
8.320127
9.059693
17.93221
18.34743
17.07663
17.06264
17.9435
15.72837
15.40376
15.59474
15.54238
15.16489
14.89881
14.55558
6.293862
5.26663
6.599934
6.26221
6.301251
6.514939
6.296496
6.004296
5.774166
6.057058
6.504669
6.955603
6.874869
6.716106
6.583428
7.363905
7.399513
8.172152
8.966427
10.38606
11.28184
12.00442
11.74654
11.92924
11.55128
11.48087
10.23332
8.238204
7.759191
6.974349
6.041143
4.61722
3.65189
2.706336
2.754993
2.834437
2.566807
2.414399
2.784121
3.717701
3.82389
3.430472
3.90625
4.158989
5.048203
6.221097
6.438178
5.795981
5.665067
6.326618
6.955482
7.016355
6.825477
6.650309
6.158655
5.980962
5.539796
4.608181
4.785196
4.610015
4.420472
4.152221
3.78685
3.650329
3.558437
3.96668
4.504218
4.451157
4.529644
4.56223
4.582231
4.313756
4.606183
4.319554
4.295281
4.128956
4.811929
5.236875
5.071105
5.10028
5.513911
7.940864
7.978956
7.696002
7.717442
7.823021
7.722729
8.219579
7.745934
7.323889
7.252938
7.322941
6.696514
4.530745
3.991943
4.53419
4.828218
6.228848
8.359133