3.438546
3.628065
4.011909
4.832555
5.262721
5.035059
4.814566
4.690913
3.250718
3.3524
3.373729
3.16306
2.638265
2.626781
2.313771
2.498062
2.980559
2.587677
2.104933
2.383809
3.054392
2.767227
3.45398
3.734326
3.810727
3.886
4.524181
3.748718
3.175292
2.991601
3.18718
2.979162
3.332447
3.713912
3.432567
3.418005
3.394744
3.285072
3.066486
3.252434
3.348684
3.629638
4.359765
4.79153
3.852566
3.759721
3.318652
3.035115
3.40345
3.364269
2.988415
3.09134
3.078471
2.768228
2.552533
1.973444
2.482148
2.279138
2.490085
2.619725
2.224413
2.014357
2.001092
2.000255
2.30207
2.410425
2.39961
2.692223
2.479615
2.186808
2.095909
2.088483
1.682245
2.171696
2.160068
2.450434
2.347956
2.548314
2.53951
2.03893
2.324092
3.015212
3.519065
3.607233
3.890414
3.574713
3.937728
4.11487
4.875639
5.544888
5.904075
5.613485
5.108238
4.815777
4.532948
4.139091
3.745815
4.104352
3.881891
3.584118
2.734565
1.992702
1.619235
2.161817
2.160919
1.981927
2.438231
2.800034
3.518367
2.984469
2.45817
2.597911
2.700921
2.688882
2.530384
2.681176
3.408068
3.682737
2.988299
3.033889
3.441296
3.939394
4.133065
3.815261
3.911735
4.216867
4.509018
4.685942
3.758655
3.560831
4.17495
4.158416
3.34638
3.03207
2.662149
2.553191
2.53861
2.196532
1.47651
1.266667
2.087703
2.091691
1.631679
1.425856
1.628479
1.584607
1.461575
1.329687
1.148451
1.168929
1.615646
1.504749
0.9804837
0.8606979
1.201765
1.143393
1.080678
1.012071
1.291822
1.498371
1.665891
1.658591
1.589958
1.40832
1.146662
1.150172
0.964839
0.8339511