27.29
29.88
27.78
25.70
28.37
27.88
26.02
26.83
26.94
23.12
20.47
20.27
21.13
20.40
22.37
26.82
26.58
25.10
26.79
26.51
27.76
30.71
27.04
27.27
31.97
32.84
36.10
29.48
26.05
30.72
30.41
32.23
29.57
29.43
28.81
29.89
33.71
34.02
36.85
34.47
38.26
42.33
38.56
43.83
43.89
50.16
50.10
45.56
42.16
47.10
51.67
57.26
50.94
54.40
59.11
61.51
69.50
65.36
59.85
58.46
63.11
66.61
62.01
66.07
73.75
70.11
75.20
74.93
69.24
60.96
58.64
63.43
60.77
57.35
61.97
66.03
64.43
65.09
71.11
76.49
75.07
80.31
93.53
89.29
99.64
89.03
102.42
100.92
112.60
127.75
141.06
125.03
109.63
98.23
63.93
49.34
46.17
41.35
40.07
48.46
52.18
68.59
69.32
71.59
68.11
70.67
78.08
78.39
81.52
74.41
78.71
84.53
86.19
72.70
72.95
81.25
73.97
81.57
82.94
86.75
91.59
89.54
99.63
107.55
113.03
100.30
94.81
94.98
88.93
77.34
92.19
100.20
102.96
97.63
108.76
105.25
106.17
83.17
83.72
88.99
95.34
92.44
87.05
88.69
93.14
97.46
90.71
97.10
90.74
93.41
97.94
107.93
108.67
102.09
94.56
93.61
95.14
96.44
105.34
99.69
99.69
103.07
106.06
97.86
92.92
90.74
78.77
68.98