1.295454
0.7797354
0.9757971
1.166625
1.765764
1.580388
1.35162
1.050874
0.6749458
0.6302109
0.2869747
0.3251925
0.5214422
0.6544538
0.509472
1.097274
0.6479787
0.3258502
-0.05159036
0.4725349
0.4968123
1.237145
0.9154749
0.8908125
0.8466909
0.9491926
1.339096
0.6718565
0.4140747
0.5481802
0.2704774
0.5372536
0.5305208
0.4537123
0.512655
0.5937446
0.1724611
0.09069659
-0.09705207
0.5458193
0.9399797
1.112024
0.862333
1.001003
0.8606919
1.292672
1.517429
1.331799
1.204828
1.41014
1.441182
1.416
1.081836
0.680795
1.189102
0.9607208
1.396734
1.33328
0.9515654
1.006479
1.29082
1.383674
1.028803
1.059176
1.361881
1.562142
1.424686
1.452183
0.7938544
0.2586226
0.4976807
0.6209581
0.1021876
-0.01144609
0.1728112
0.4539558
0.4878914
0.6308361
0.7204014
0.4358136
0.7471988
1.264313
1.770123
2.004003
2.426224
2.364616
2.630851
2.283993
2.855587
2.911751
3.074776
2.92147
2.927144
2.59805
1.452176
0.7010306
0.1391647
0.2374855
-0.4241281
-0.3337475
-0.9612402
-0.9510543
-1.177821
-0.8100239
-0.9224917
-0.8336256
0.02397184
0.2826536
1.023732
0.9327823
1.399703
1.372644
1.106719
0.4863255
0.4185371
0.2934401
0.2829636
0.1939073
0.2410649
0.5195857
0.278447
0.5101631
1.004279
0.2588918
0.369118
0.5642003
0.4721164
0.1922995
0.4858
-0.1125093
-0.5257861
-0.7147
-0.7894686
-0.88348
-0.9543547
-0.9895252
-1.013673
-1.053731
-0.7141245
-0.4530686
-0.4114203
-0.22216
-0.375406
-0.4344047
-0.2696672
-0.2560994
-0.5935174
-0.6344694
-0.5073653
-0.1278788
-0.002727534
-0.04456319
-0.05540501
-0.255253
0.079846
0.06706861
0.05436326
-0.1411708
0.002825369
0.0380288
0.2207679
0.04962654
0.0318221
0.07167662
-0.08758844
-0.01270957
-0.05860116
-0.3284462