1.06915
Weights for next node...
0.704945
1.71388
1.69775
1.79103
1.65991
1.63071
1.62617
1.65388
1.71618
1.48928
1.10754
Weights for next node...
0.764826
1.73519
1.73394
1.79138
1.67485
1.62042
1.57242
1.66358
1.71302
1.52874
1.07349
Weights for next node...
0.766374
1.6734
1.68353
1.76293
1.65443
1.60506
1.61814
1.6234
1.74243
1.51606
1.1054
Weights for next node...
0.752326
1.70686
1.75489
1.774
1.66776
1.63351
1.62058
1.63608
1.69261
1.52963
1.11695
Weights for next node...
0.764766
1.7009
1.70091
1.81906
1.6583
1.66542
1.64111
1.64507
1.6804
1.551
1.10724
Weights for next node...
0.796731
1.72424
1.74722
1.7943
1.64336
1.59905
1.66605
1.62882
1.6582
1.56874
1.08391
Weights for next node...
0.783933
1.72602
1.71162
1.74537
1.63342
1.63964
1.60201
1.64977
1.72159
1.54939
1.13623
Weights for next node...
0.723754
1.6743
1.74162
1.7865
1.66604
1.63762
1.63939
1.64787
1.67838
1.51076
1.07058
Weights for next node...
0.792326
1.72084
1.71543
1.77365
1.67276
1.5997
1.66028
1.6518
1.69671
1.53803
1.09915
Weights for next node...
0.747504
1.70078
1.74793
1.78317
1.68872
1.6303
1.63969
1.70495
1.70374
1.50939
