127.5
127.7
127.6
127.5
127.6
127.6
127.6
127.5
127.6
127.6
127.6
127.5
127.5
127.6
127.5
127.6
127.6
127.5
127.6
127.6
127.6
127.6
127.7
127.7
127.7
127.6
127.7
127.7
127.7
127.7
127.7
127.7
127.7
127.7
127.7
127.7
127.7
127.7
127.7
127.7
127.7
127.7
127.7
127.7
127.7
127.7
127.6
127.7
127.7
127.7
127.7
127.7
127.6
127.7
127.7
127.7
127.6
127.7
127.6
127.6
127.6
127.7
127.6
127.7
127.6
127.7
127.7
127.7
127.7
127.7
127.7
127.7
127.7
127.7
127.7
127.7
127.7
127.7
127.7
127.7
127.7
127.7
127.7
127.7
127.7
127.7
127.7
127.7
127.7
127.7
127.7
128.2
128.2
128.2
128.2
128.2
128.2
128.2
128.2
128
127.9
127.9
128
128.1
128.1
128.3
128.3
128.2
128.3
128.2
128.2
128.3
128.3
128.4
128.7
128.7
128.8
128.7
128.7
128.8
128.7
128.8
128.7
128.8
128.7
128.8
128.8
128.6
128.7
128.7
128.6
128.6
128.7
128.6
128.7
128.7
128.7
128.7
128.7
128.7
128.7
128.7
128.7
128.7
128.7
128.7
128.7
128.7
128.7
128.7
128.6
128.7
128.4
127.6
127.9
127.7
127.8
128.6
128.5
128.6
128.5
128.5
128.6
128.5
128.6
128.4
128.3
128.3
128.2
128.2
128.2
128.2
128.3
128.2
128.2
128.2
128.2
128.3
128.3
128.2
128.3
128.2
128.3
128.2
128.2
128.3
128.3
128.3
128.3
128.3
128.3
128.2
128.2
128.2
128.2
128.2
128.2
128.3
128.3
128.2
128.3
128.3
128.3
128.3
128.3
128.3
128.3
128.3
128.3
128.4
128.4
128.6
128.5
128.6
128.5
128.5
128.5
128.6
128.6
128.6
128.5
128.5
128.5
128.7
128.7
128.7
128.7
128.7
128.8
128.7
128.7
128.8
128.7
128.8
128.8
128.7
128.7
128.7
128.8
128.7
128.6
128.4
128.5
128.5
128.6
128.5
128.5
128.5
128.5
128.5
128.5
128.4
128.4
128.3
128.3
128.4
128.4
128.5
128.5
128.5
128.4
128.4
128.4
128.5
128.5
128.5
128.5
128.1
128.1
128.1
127.4
127.2
127.3
127.3
127.3
127.3
127.2
127.3
127.3
127.4
127.3
127.3
127.3
127.3
127.3
127.4
127.6
127.5
127.5
127.5
127.4
127.3
127.4
127.3
127.3
127.3
127.3
127.3
127.3
127.3
127.3
127.3
127.3
127.3
127.3
127.4
127.4
127.3
127.3
127.4
127.4
127.4
127.4
127.4
127.4
127.4
127.4
127.4
127.5
127.4
127.5
127.5
127.5
127.3
127.3
127.3
127.3
127.3
127.3
127.3
127.4
127.3
127.3
127.4
127.4
127.4
127.4
127.3
127.3
127.3
127.4
127.3
127.3
127.2
127.2
127.2
127.3
127.4
127.3
127.4
127.3
127.3
127.3
127.3
127.3
127.3
127.3
127.9
127.9
127.9
127.9
127.9
127.9
127.9
127.9
127.9
127.9
127.9
127.9
127.9
127.9
127.9
127.9
127.9
127.9
127.9
127.9
127.9
127.9
127.9
127.9
127.9
127.9
127.9
127.9
127.9
127.9
127.9
127.9
127.9
127.9
127.9
127.9
127.9
127.9
127.9
127.9
127.9
127.9
127.9
127.9
127.3
127.3
127.3
127.4
127.3
127.3
127.3
127.4
127.4
127.4
127.3
127.4
127.4
127.4
127.3
127.3
127.4
127.3
127.3
127.3
127.3
127.4
127.3
127.3
127.4
127.2
127.2
127.2
127.2
127.2
127.3
127.2
127.2
127.3
127.3
127.3
127.2
127.3
127.3
127.2
127.2
127.2
127.2
127.2
127.2
127.1
127
127
127
127
126.9
126.9
126.9
126.9
126.8
126.7
126.8
126.8
126.8
126.8
127.4
127.4
127.4
127.5
127.6
127.4
127.4
127.2
127.2
127.2
127.3
127.3
127.3
127.4
127.4
127.4
127.3
127.2
127.2
127.3
127.2
127.2
127.2
127.2
127.2
127.1
127.1
127.1
127.1
127.1
127.1
127.1
127.3
127.3
127.1
127.1
127.1
127.1
127.1
127.2
127.3
127.3
127.3
127.3
127.1
127.1
127
127.1
127.1
127
127
127
127
127
127
127
127
127
127
127
127
127
127
127
127
127
127
127
127
127
127
127
127
127
127
127
127
126.6
126.6
126.6
126.7
126.7
126.7
126.6
126.6
126.5
126.5
126.5
126.5
126.5
126.5
126.5
126.5
126.6
126.5
126.6
126.5
126.5
126.5
126.6
126.6
126.5
126.5
126.5
126.5
126.5
126.5
126.5
126.6
126.5
126.5
126.5
126.6
126.5
126.6
126.6
126.6
126.5
126.5
126.5
126.5
126.5
126.5
126.5
126.6
126.5
126.5
126.5
126.5
126.5
126.5
126.5
126.5
126.5
126.5
126.4
126.4
126.4
126.5
126.4
126.4
126.4
126.4
126.4
126.4
126.5
126.4
126.4
126.5
126.5
126.5
126.4
126.4
126.4
126.4
126.4
126.5
126.4
126.4
126.4
126.4
126.4
126.5
126.5
126.5
126.4
126.4
126.4
126.5
126.5
126.6
126.8
126.8
126.8
126.8
126.5
126.8
126.5
126.5
126.5
126.5
126.7
126.7
126.5
126.5
126.5
126.5
126.5
126.5
126.5
126.5
126.5
126.5
126.6
126.7
126.7
126.7
126.7
126.7
126.6
126.6
126.6
126.6
126.6
126.6
126.6
126.6
126.6
126.6
126.5
126.5
126.5
126.6
126.6
126.5
126.5
126.5
126.5
126.5
126.6
126.5
126.5
126.5
126.5
126.5
126.5
126.5
126.5
126.5
