22.2
22.2
22.2
22.05
22.05
22.05
22.05
22.05
22.05
22.1
22.1
22.1
22.1
22.1
22.1
22.1
22.1
22.25
22.25
22.15
22.15
22.2
22.15
22.1
22.1
22.1
22.1
22.15
22.15
22.2
22.2
22.2
22.2
22.15
22.15
22.15
22.15
22.15
22.15
22.2
22.2
22.15
22.15
22.15
22.15
22.15
22.15
22.15
22.15
22.15
22.15
22.15
22.15
22.15
22.15
22.15
22.15
22.15
22.15
22.15
22.15
22.15
22.2
22.15
22.2
22.1
22.1
22.1
22.1
22.1
22.1
22.1
22.1
22.1
22.1
22.1
22.1
22.1
22.1
22.1
22.1
22.1
22.1
22.1
22.1
22.1
22.1
22.1
22.1
22.1
22.1
22.4
22.4
22.4
22.4
22.4
22.4
22.4
22.45
22.45
22.5
22.45
22.45
22.4
22.35
22.35
22.25
22.35
22.35
22.3
22.3
22.25
22.2
22.2
22.35
22.35
22.35
22.35
22.3
22.3
22.3
22.3
22.35
22.35
22.35
22.35
22.35
22.4
22.35
22.35
22.3
22.3
22.25
22.3
22.25
22.25
22.25
22.35
22.35
22.35
22.35
22.3
22.3
22.35
22.3
22.25
22.25
22.25
22.3
22.3
22.25
22.3
22.25
22.2
22.1
22.1
22.1
22.25
22.25
22.25
22.25
22.25
22.25
22.2
22.2
22.25
22.2
22.2
22.1
22.2
22.2
22.15
22.15
22.2
22.15
22.15
22.2
22.2
22.2
22.2
22.2
22.2
22.2
22.2
22.15
22.15
22.2
22.2
22.2
22.2
22.15
22.2
22.2
22.2
22.2
22.2
22.2
22.2
22.2
22.2
22.2
22.2
22.2
22.2
22.2
22.2
22.2
22.2
22.2
22.2
22.2
22.25
22.25
22.25
22.25
22.2
22.2
22.2
22.2
22.25
22.25
22.25
22.25
22.3
22.3
22.3
22.3
22.3
22.3
22.3
22.3
22.25
22.25
22.25
22.3
22.25
22.3
22.25
22.3
22.3
22.3
22.3
22.35
22.35
22.35
22.35
22.3
22.3
22.3
22.25
22.25
22.25
22.25
22.25
22.25
22.2
22.2
22.2
22.2
22.2
22.2
22.2
22.2
22.2
22.2
22.2
22.2
22.05
22.05
22.05
21.8
21.75
21.8
21.8
21.8
21.75
21.75
21.75
21.75
21.75
21.75
21.8
21.75
21.75
21.75
21.75
21.75
21.75
21.8
21.8
21.95
21.85
21.9
21.8
21.8
21.9
21.8
21.85
21.85
21.85
21.85
21.8
21.8
21.8
21.8
21.8
21.8
21.8
21.8
21.8
21.8
21.8
21.8
21.8
21.85
21.8
21.8
21.75
21.75
21.75
21.75
21.75
21.75
21.8
21.75
21.75
21.75
21.75
21.75
21.75
21.75
21.75
21.75
21.75
21.8
21.75
21.75
21.8
21.75
21.8
21.8
21.8
21.8
21.75
21.75
21.8
21.8
21.8
21.8
21.75
21.8
21.8
21.8
21.75
21.8
21.8
21.8
21.75
21.75
21.75
21.75
21.75
21.75
21.75
21.75
21.75
21.75
21.75
21.75
21.75
21.75
21.75
21.75
21.75
21.75
21.75
21.75
21.75
21.75
21.75
21.75
21.75
21.75
21.75
21.75
21.75
21.75
21.75
21.75
21.75
21.75
21.75
21.75
21.75
21.75
21.75
21.75
21.75
21.75
21.75
21.75
21.75
21.75
21.75
21.75
21.75
21.75
21.75
21.75
21.75
21.75
21.75
21.75
21.75
21.75
21.75
21.75
21.8
21.75
21.8
21.75
21.75
21.75
21.8
21.75
21.8
21.75
21.75
21.75
21.75
21.75
21.75
21.75
21.75
21.8
21.75
21.75
21.7
21.7
21.7
21.7
21.7
21.75
21.75
21.75
21.7
21.65
21.6
21.6
21.6
21.6
21.6
21.6
21.6
21.6
21.55
21.5
21.5
21.5
21.55
21.55
21.8
21.8
21.8
21.8
21.8
21.8
21.8
21.75
21.8
21.8
21.8
21.8
21.8
21.8
21.9
21.85
21.85
21.8
21.85
21.85
21.85
21.85
21.85
21.85
21.85
21.9
21.9
21.9
21.9
21.95
21.95
21.85
21.85
21.95
21.9
21.9
21.9
21.95
21.95
21.95
21.9
21.95
21.95
22
21.9
21.9
21.9
21.85
21.9
21.95
21.95
21.95
21.95
21.95
21.95
21.95
21.95
21.95
21.95
21.95
21.95
21.95
21.95
21.95
21.95
21.95
21.95
21.95
21.95
21.95
21.95
21.95
21.95
21.95
21.95
21.95
21.95
21.35
21.35
21.35
21.35
21.35
21.35
21.35
21.35
21.3
21.3
21.35
21.4
21.4
21.4
21.4
21.4
21.4
21.4
21.35
21.35
21.35
21.35
21.35
21.35
21.35
21.4
21.35
21.35
21.4
21.4
21.35
21.35
21.4
21.4
21.35
21.4
21.35
21.35
21.35
21.35
21.35
21.35
21.35
21.35
21.35
21.35
21.35
21.35
21.35
21.35
21.35
21.35
21.35
21.35
21.4
21.4
21.4
21.4
21.4
21.4
21.35
21.35
21.35
21.35
21.35
21.35
21.4
21.4
21.4
21.4
21.35
21.35
21.35
21.35
21.4
21.4
21.4
21.35
21.35
21.35
21.35
21.35
21.35
21.3
21.3
21.3
21.3
21.35
21.35
21.35
21.3
21.35
21.35
21.35
21.3
21.35
21.35
21.35
21.4
21.4
21.35
21.35
21.35
21.35
21.35
21.35
21.35
21.35
21.35
21.35
21.3
21.3
21.3
21.3
21.3
21.35
21.3
21.3
21.3
21.3
21.3
21.35
21.3
21.35
21.35
21.3
21.3
21.3
21.3
21.35
21.3
21.35
21.3
21.25
21.25
21.3
21.25
21.25
21.25
21.3
21.3
21.25
21.25
21.2
21.2
21.25
21.25
21.2
21.25
21.25
21.25
21.25
