17.76
17.76
17.74
17.76
17.74
17.74
17.74
17.74
17.74
17.74
17.76
17.76
17.74
17.72
17.72
17.72
17.7
17.72
17.68
17.68
17.7
17.7
17.66
17.66
17.66
17.66
17.66
17.66
17.66
17.66
17.68
17.66
17.68
17.68
17.68
17.68
17.7
17.7
17.7
17.7
17.7
17.7
17.7
17.68
17.7
17.7
17.7
17.7
17.7
17.7
17.68
17.7
17.68
17.7
17.7
17.7
17.7
17.68
17.66
17.66
17.66
17.66
17.66
17.66
17.66
17.68
17.68
17.68
17.68
17.68
17.68
17.68
17.68
17.68
17.68
17.68
17.68
17.68
17.68
17.68
17.68
17.68
17.68
17.68
17.68
17.68
17.68
17.68
17.68
17.68
17.68
17.4
17.4
17.4
17.4
17.4
17.4
17.4
17.4
17.4
17.4
17.4
17.4
17.4
17.38
17.46
17.64
17.68
17.6
17.62
17.66
17.66
17.66
17.68
17.68
17.68
17.76
17.78
17.78
17.8
17.76
17.74
17.72
17.76
17.76
17.76
17.76
17.74
17.74
17.74
17.74
17.74
17.74
17.74
17.76
17.6
17.6
17.68
17.68
17.7
17.66
17.58
17.64
17.58
17.58
17.62
17.62
17.62
17.64
17.62
17.6
17.6
17.58
17.46
17.42
17.42
17.42
17.42
17.42
17.44
17.38
17.38
17.38
17.34
17.34
17.34
17.38
17.34
17.36
17.4
17.42
17.4
17.4
17.38
17.38
17.38
17.38
17.4
17.4
17.38
17.38
17.38
17.36
17.4
17.4
17.38
17.38
17.36
17.36
17.32
17.32
17.3
17.3
17.3
17.3
17.24
17.26
17.26
17.28
17.3
17.28
17.28
17.28
17.28
17.28
17.28
17.28
17.28
17.28
17.34
17.4
17.4
17.4
17.4
17.36
17.38
17.38
17.38
17.38
17.38
17.36
17.34
17.36
17.4
17.38
17.38
17.38
17.38
17.38
17.38
17.36
17.34
17.34
17.34
17.34
17.34
17.34
17.34
17.34
17.34
17.32
17.32
17.32
17.32
17.32
17.32
17.32
17.32
17.28
17.3
17.3
17.3
17.28
17.28
17.26
17.26
17.28
17.28
17.28
17.28
17.28
17.28
17.28
17.28
17.28
17.28
17.3
17.1
17.1
17.1
17.54
17.54
17.62
17.62
17.56
17.56
17.56
17.54
17.5
17.46
17.42
17.42
17.42
17.42
17.4
17.42
17.44
17.46
17.46
17.46
17.46
17.48
17.48
17.5
17.5
17.5
17.5
17.48
17.5
17.5
17.5
17.54
17.54
17.58
17.58
17.58
17.58
17.56
17.58
17.56
17.58
17.56
17.56
17.56
17.4
17.42
17.42
17.42
17.44
17.44
17.44
17.44
17.46
17.5
17.56
17.56
17.56
17.56
17.56
17.56
17.58
17.58
17.58
17.56
17.56
17.56
17.54
17.54
17.54
17.54
17.44
17.48
17.5
17.5
17.5
17.5
17.5
17.48
17.5
17.5
17.48
17.48
17.5
17.48
17.48
17.48
17.48
17.46
17.46
17.46
17.46
17.46
17.46
17.46
17.46
17.46
17.46
17.46
17.46
17.46
17.46
17.46
17.46
17.46
17.46
17.46
17.46
17.46
17.46
17.46
17.46
17.46
17.46
17.46
17.46
17.46
17.46
17.46
17.46
17.46
17.46
17.46
17.46
17.46
17.46
17.46
17.46
17.46
17.46
17.46
17.46
17.44
17.44
17.46
17.46
17.46
17.44
17.44
17.44
17.44
17.44
17.44
17.44
17.44
17.44
17.44
17.44
17.44
17.46
17.46
17.48
17.5
17.5
17.5
17.5
17.5
17.5
17.5
17.5
17.48
17.48
17.5
17.5
17.5
17.48
17.5
17.52
17.52
17.52
17.52
17.52
17.52
17.52
17.5
17.52
17.52
17.5
17.5
17.5
17.5
17.48
17.48
17.5
17.5
17.48
17.48
17.5
17.5
17.5
17.5
17.5
17.36
17.36
17.38
17.38
17.38
17.38
17.4
17.38
17.4
17.38
17.38
17.38
17.38
17.38
17.38
17.36
17.36
17.38
17.38
17.36
17.36
17.34
17.36
17.28
17.3
17.28
17.28
17.26
17.28
17.28
17.28
17.28
17.28
17.26
17.3
17.28
17.28
17.3
17.3
17.3
17.3
17.3
17.3
17.28
17.28
17.28
17.28
17.28
17.28
17.24
17.24
17.24
17.24
17.24
17.24
17.24
17.24
17.24
17.24
17.24
17.24
17.24
17.24
17.24
17.24
17.24
17.24
17.24
17.24
17.24
17.24
17.24
17.24
17.24
17.24
17.24
17.24
17.32
17.32
17.32
17.32
17.32
17.32
17.32
17.32
17.32
17.32
17.3
17.3
17.3
17.3
17.3
17.3
17.28
17.3
17.3
17.3
17.3
17.28
17.28
17.28
17.28
17.3
17.3
17.3
17.28
17.28
17.3
17.3
17.28
17.28
17.28
17.28
17.28
17.28
17.28
17.3
17.28
17.28
17.28
17.3
17.3
17.3
17.3
17.3
17.3
17.28
17.3
17.3
17.3
17.3
17.28
17.28
17.3
17.28
17.3
17.3
17.3
17.28
17.3
17.3
17.3
17.3
17.3
17.28
17.3
17.28
17.3
17.26
17.28
17.28
17.28
17.28
17.28
17.28
17.28
17.28
17.28
17.28
17.28
17.28
17.28
17.28
17.28
17.26
17.26
17.26
17.28
17.28
17.3
17.28
17.28
17.28
17.28
17.28
17.28
17.28
17.28
17.26
17.26
17.26
17.28
17.28
17.28
17.28
17.28
17.3
17.28
17.28
17.28
17.28
17.28
17.28
17.3
17.3
17.28
17.28
17.3
17.28
17.3
17.28
17.28
17.28
17.28
17.3
17.28
17.28
17.28
17.28
17.28
17.3
17.28
17.28
17.28
17.28
17.28
17.28
17.26
17.28
17.28
17.28
17.26
17.26
17.26
17.26
17.26
17.26
17.28
17.28
