59.13
59.62
59.15
59.36
59.2
59.34
59.12
59.26
59.22
59.22
59.13
59.33
58.71
58.75
58.62
58.72
58.46
58.33
58.54
58.62
58.56
58.44
58.48
58.45
58.18
58.25
58.51
58.5
58.08
58.1
58.12
57.84
57.96
57.84
57.8
58.3
58.58
57.88
58.37
58.22
58.17
58.04
58.17
58.19
58.11
58.23
58.25
58.11
58.51
58.64
58.86
58.81
58.94
58.05
58.7
58.88
58.88
58.99
58.81
58.93
59.03
58.95
58.94
58.82
58.51
58.85
59
58.93
58.6
58.61
58.54
58.45
58.62
58.67
58.4
58.56
58.7
58.77
58.8
58.88
58.81
58.74
58.77
59.23
59.28
59.2
59
59.17
59.4
59.36
59.4
59.41
59.72
59.53
59.51
59.43
59.56
59.2
58.96
58.96
58.96
59.07
59.07
59.08
59.31
59.31
59.32
59.22
59.31
59.49
59.49
59.27
59.73
59.71
59.76
59.75
59.78
59.78
59.88
59.85
59.87
59.9
59.83
59.75
59.75
59.4
59.78
59.78
59.1
59.25
59.23
59.31
59.36
59.26
59.34
59.3
59.33
59.29
59.4
59.42
59.42
59.3
58.98
59.42
59.43
58.82
58.88
58.86
58.86
58.9
58.94
59
58.97
58.88
58.92
58.92
59.03
59.25
59.29
59.13
59.27
58.88
59.21
59.29
59.32
59.06
59.07
59.07
59.07
59.15
59.09
59.34
59.34
59.28
59.34
59.42
59.31
59.36
59.27
59.32
59.18
59.22
59.25
59.25
59.2
59.28
59.21
59.2
59.27
59.15
59.17
59.28
59.2
59.07
59.07
59.07
59.33
59.34
59.15
59.15
59.1
59.06
59.05
59.07
59.04
59.08
59.04
59.04
59.15
59.15
59.03
59.22
59.13
58.95
58.95
58.97
58.96
58.89
58.89
58.93
58.98
59
58.92
58.89
58.9
58.96
58.99
58.99
59.1
59.01
58.93
58.93
58.89
58.9
58.96
58.96
58.99
58.87
59
59.04
59.03
59.01
59.01
58.96
58.93
58.95
58.96
58.89
58.91
59.01
59.13
59.24
59.27
59.25
59.3
59.22
59.34
59.45
59.35
59.22
59.35
59.28
59.41
59.45
59.41
59.39
59.38
59.29
59.42
59.27
59.37
58.97
59.02
59.3
59.05
59.01
59.2
59.14
59.1
59.2
59.13
59.15
59.23
59.23
59.25
59.25
59.16
59.17
59.19
59.24
59.24
59.13
59.2
59.2
59.14
59.36
59.39
59.42
59.47
59.37
59.32
59.41
59.41
59.36
59.31
59.32
59.31
59.34
59.36
59.35
59.33
59.29
59.39
59.48
59.5
59.51
59.49
59.66
59.5
59.5
59.59
59.53
59.74
59.78
59.73
59.61
59.62
59.71
59.72
59.72
59.49
59.65
59.39
59.28
59.37
59.33
59.34
59.35
59.4
59.36
59.37
59.4
59.4
59.43
59.55
59.63
59.56
59.54
59.51
59.64
59.6
59.45
59.43
59.47
60.04
60.04
60.31
60.4
60.04
60.45
60.03
60.03
59.98
59.98
59.98
59.98
59.98
59.98
59.69
59.88
59.42
60.12
60.12
60.09
60.07
60.32
60.38
60.47
60.26
60.1
60.12
60.24
60.01
60.42
60.42
60.21
60.3
60.2
60.29
60.08
59.85
59.75
59.75
59.86
60.04
59.99
59.78
59.99
60.01
60.07
60.07
60.26
60.26
60.26
60.33
60.3
60.3
60.3
60.45
60.25
60.62
60.83
61.05
61.05
60.87
60.87
60.87
60.87
60.87
60.97
60.8
60.95
60.94
60.89
60.94
60.94
60.94
60.94
61.52
61.24
61.13
61.15
61.3
61.3
61.08
61.15
61.1
61.14
61.05
61
61.01
61.03
61.12
61.03
61.17
60.81
60.98
60.97
60.89
60.94
60.99
60.99
60.86
60.8
60.76
60.78
60.86
60.84
60.9
60.83
60.85
60.85
60.84
60.96
60.79
60.92
60.97
60.97
60.95
61.02
60.95
61.03
60.9
60.9
60.9
60.94
60.94
61.09
61.07
61.03
60.93
60.9
60.88
60.88
60.94
61.07
60.9
60.9
60.95
61.14
61
61.03
60.88
60.94
60.94
60.92
60.99
60.85
60.89
60.87
60.72
60.81
60.95
60.91
60.89
60.98
60.89
60.86
60.83
60.72
60.77
60.8
60.73
60.73
60.64
60.35
60.66
60.66
60.66
60.48
60.4
60.41
60.41
60.44
60.44
60.37
60.46
60.46
60.39
60.39
60.39
60.44
60.44
60.36
60.67
60.67
60.39
60.49
60.34
60.34
60.42
60.54
60.58
60.75
60.75
60.86
60.9
60.85
60.97
60.91
60.98
60.95
61.02
60.84
60.78
60.78
60.7
60.7
60.71
60.81
60.81
60.59
60.76
60.79
60.7
60.64
60.53
60.55
60.48
60.5
60.51
60.48
60.53
60.45
60.45
60.59
60.59
60.49
60.48
60.45
60.22
60.35
60.4
60.37
60.39
60.4
60.44
60.35
60.36
60.38
60.58
60.43
60.6
60.62
60.46
60.44
60.51
60.39
60.48
60.45
60.4
60.37
60.35
60.44
60.38
60.44
60.44
60.41
60.44
60.47
60.48
60.44
60.35
60.6
60.6
60.49
60.49
60.5
60.47
60.53
60.49
60.43
60.51
60.64
60.54
60.55
60.73
60.7
60.58
60.58
60.74
60.74
60.82
60.77
60.77
60.8
60.77
60.76
60.76
60.76
60.76
60.79
60.65
60.65
60.65
60.65
60.66
60.61
60.35
60.35
60.25
60.31
60.5
60.21
60.54
60.16
60.24
60.26
60.24
60.24
60.36
60.38
60.53
60.22
60.28
60.34
60.49
60.34
60.73
60.77
60.79
60.86
60.85
60.75
60.73
60.79
60.66
60.92
60.95
60.86
60.94
61.09
61.35
61.28
61.35
61.35
61.35
61.33
61.15
61.18
61.18
61.2
61.27
61.25
61.26
61.26
61.35
61.22
61.13
61.26
61.2
63.39
63.5
63.38
63.44
63.44
63.13
63.2
63.35
63.08
63.17
63
63
63.01
62.82
62.82
63.04
62.96
63.03
62.95
63.02
63.02
62.95
62.96
63.2
63.01
62.99
63.59
63.49
63.5
63.54
63.51
63.54
63.54
63.57
63.73
63.42
63.74
63.64
63.68
63.67
63.82
63.41
63.54
64.12
64.12
64.12
64.02
64.07
64.03
64.03
63.95
64.02
63.95
63.64
63.71
63.9
63.79
63.85
63.53
63.53
63.49
63.47
63.64
63.62
63.54
63.42
63.63
63.6
63.39
63.51
63.55
63.21
63.28
63.31
63.65
63.17
63.09
63.06
63.12
63.33
63.15
63.24
63.3
63.21
63.21
63.29
63.4
63.39
63.57
63.35
63.4
63.54
63.61
63.61
63.79
63.84
63.95
64.09
63.97
63.79
64.38
63.82
64.33
64.42
63.93
64.32
64.37
64.2
64.3
64.02
64.28
64.3
64.26
64.23
64.36
64.29
64.49
64.58
64.32
64.54
64.18
64.39
64.39
64.31
64.05
64.16
64.14
64.09
63.98
64.13
64.18
64.16
64.01
64.03
64.14
64.03
63.88
64.04
64.01
64.15
63.79
64.12
63.89
64
63.94
64
64
63.96
63.89
63.96
63.96
63.99
63.9
63.92
63.82
63.73
63.87
63.82
63.81
63.88
63.71
63.91
63.88
63.85
63.9
63.89
63.9
64.11
64
64.04
64.07
64
64
64.39
64.07
64.5
64.7
64.88
64.93
64.79
64.85
64.5
64.53
64.98
64.99
64.96
65.4
64.99
65.68
65.08
65.14
65.64
65.51
65.42
65.3
65.36
65.11
65.03
64.84
65.03
64.88
64.42
64.31
64.31
64.72
64.02
63.96
63.96
63.96
64.17
64.21
64.37
64.47
64.22
64.26
64.47
64.5
64.7
64.73
64.89
65.02
65.06
65.03
65.09
65.08
65.15
65.13
65.22
65.5
65.45
65.83
65.5
65.83
65.82
65.74
65.68
65.73
65.57
65.37
65.25
65.31
65.36
65.45
65.57
65.59
65.24
65.34
65.26
65.38
65.29
65.25
65.3
65.3
65.42
65.41
65.28
65.3
65.62
65.69
65.66
65.84
65.87
65.93
65.92
65.63
65.49
65.38
66.21
66.25
66.46
66.9
66.34
66.42
66.29
66.09
65.84
65.52
65.76
64.77
64.91
65.37
65.23
64.86
64.74
64.63
64.5
64.5
64.46
64.33
64.54
64.74
64.85
64.85
64.5
65
65.24
65.15
65.48
65.3
65.54
65.48
65.46
65.75
65.75
65.64
65.75
65.75
65.71
65.5
65.25
65.31
65.22
65.36
64.61
65.23
65.23
65.4
65.04
65.09
65.28
65.28
65.27
65.27
65.06
65.02
65
65.29
64.99
65.2
65.18
64.56
64.44
64.8
64.83
64.89
64.84
64.77
64.69
64.68
64.53
64.43
64.46
64.41
64.39
64.36
64.32
64.25
64.34
64.24
64.45
64.15
64.23
64.22
64.25
64.15
64.02
63.96
63.83
63.72
63.8
63.89
63.75
63.76
64.12
63.99
63.68
63.94
63.94
63.73
64.24
64.47
63.79
64.4
64.41
64.44
64.42
64.53
64.67
64.35
64.58
64
63.9
64.5
64.18
64.21
64.11
63.99
64.12
64
64.08
64.16
64.4
64.48
64.58
64.49
64.07
64.41
64.47
64.4
64.38
64.57
64.57
64.57
64.38
64.19
64.08
64.19
64.49
64.12
63.9
64.28
63.92
64
64.01
64.02
64.02
63.97
64
64.1
64.06
63.96
63.92
63.81
63.96
63.83
64.09
63.69
63.85
63.92
63.81
63.65
63.73
63.68
63.56
63.61
63.61
63.61
63.66
63.9
63.5
63.9
63.87
63.94
63.61
63.79
63.8
63.9
64
64
63.89
64.06
63.91
64.04
64.22
64.43
64.43
64.54
64.37
64.33
64.33
64.15
64.35
64.51
64.21
64.06
64.06
63.97
63.93
63.89
64
63.96
63.97
63.89
63.95
63.96
63.99
64
63.97
63.8
63.79
63.98
63.86
63.86
63.88
63.88
63.88
64.1
64.17
63.83
63.85
63.85
63.9
63.88
63.92
63.92
63.99
64.08
64.17
64.12
64.13
64.08
64.3
64.13
64.23
64.21
64.15
64.08
64.09
64.3
64.31
64.26
64.29
64.23
64.12
64.02
64.02
63.93
63.99
64.06
63.88
63.88
63.91
63.98
63.85
63.94
64.06
63.94
64
63.95
63.93
63.95
63.87
63.83
63.9
63.87
63.97
63.94
64
63.95
63.97
63.99
64.1
63.96
63.96
63.9
63.84
63.84
63.94
64.07
63.83
63.76
63.8
63.8
63.77
63.89
63.8
63.79
63.84
63.82
63.79
63.82
63.84
63.86
63.97
64.06
64
64.09
63.9
63.99
64.05
64.05
64.06
63.86
63.97
64.03
63.93
63.88
63.83
63.76
63.87
63.94
63.83
63.88
63.83
63.71
63.89
63.68
63.59
63.49
63.41
63.38
63.36
63.31
63.3
63.4
63.42
66.06
66.07
65.78
66.38
66.49
66.08
66.05
66.25
66.3
66.41
66.01
65.93
65.61
65.47
65.53
65.73
65.63
65.92
65.62
66.04
65.78
65.62
65.54
65.61
65.82
65.67
65.62
65.64
65.69
65.36
65.47
65.2
65.76
65.15
65.25
65.25
65.24
64.99
65.77
65.36
65.88
65.26
65.22
65.15
65.46
65.19
65.24
65.19
65.26
65.24
65.24
64.64
64.82
64.76
64.58
64.67
64.6
64.38
64.38
64.45
64.47
64.47
64.42
64.37
64.19
64.3
64.43
64.41
64.6
64.76
64.89
64.75
64.4
64.67
64.71
64.49
64.6
64.49
64.57
64.79
64.74
64.39
64.42
64.46
64.52
64.51
64.4
64.22
64.37
64.49
64.4
64.11
64.39
64.25
64.27
64.32
64.47
64.37
64.51
64.49
64.2
64.47
64.43
64.81
64.83
64.88
64.84
64.74
64.89
64.51
64.85
64.74
64.76
64.83
64.92
64.91
64.78
64.74
64.73
64.97
64.94
64.81
64.97
64.9
65.25
65.02
65.02
64.86
64.94
65
64.89
64.96
65.43
65.39
65.18
64.96
64.96
65.42
65.47
65.21
65.12
65.69
65.78
65.79
65.7
65.79
65.56
65.71
65.72
65.77
65.79
65.84
65.88
65.85
65.65
65.97
65.87
65.92
65.88
65.84
65.88
65.79
65.94
65.91
65.96
65.97
66.01
65.98
65.97
65.93
66.14
66.12
66.1
65.95
66.02
66.05
66
66.01
66.3
66
66.33
66.62
66.52
66.58
66.05
66.67
66.61
66.11
66.44
66.41
66.33
66.33
66.33
66.22
66.25
66.28
66.28
66.28
66.09
66
66.08
66.24
65.96
65.95
65.85
66.06
66.14
66.13
66.21
66.29
66.31
66.32
66.35
66.17
66.25
66.23
66.34
66.43
66.29
66.26
66.24
66.32
66.32
66.03
66.13
66.2
66.14
66.22
66.19
66.14
66.2
66.27
66.19
66.12
66.22
66.17
65.98
65.96
65.95
66.23
66.09
65.9
65.79
65.84
65.97
65.87
65.88
65.87
65.89
65.84
65.83
65.64
65.93
65.82
65.71
65.75
65.67
65.47
65.58
65.57
65.74
65.74
65.69
65.75
65.7
65.71
65.82
65.59
65.86
65.66
65.76
65.89
65.82
65.86
65.9
65.87
65.81
65.82
65.88
65.95
65.9
65.94
65.91
65.74
65.96
65.88
65.98
65.75
65.67
65.94
65.78
65.64
65.63
65.7
65.71
65.85
65.79
65.71
65.74
65.67
65.78
65.86
65.85
65.92
65.83
65.78
65.74
65.74
65.79
65.71
65.82
65.67
65.76
65.76
65.76
65.78
65.72
65.8
65.56
65.65
65.6
65.64
65.67
65.52
65.57
65.67
65.59
65.64
65.6
65.65
65.64
65.6
65.66
65.56
65.75
65.82
65.7
65.61
65.6
65.64
65.69
65.64
65.67
65.65
65.65
