77.73
77.62
77.47
77.29
77.24
77.24
77.47
76.99
77.28
76.96
77.3
76.9
77
76.92
76.79
76.73
76.73
76.73
76.69
76.68
76.79
76.68
76.63
76.6
76.49
76.6
76.5
76.44
76.38
76.31
76.41
76.54
76.61
76.59
76.4
76.9
76.57
76.78
76.74
76.6
76.67
76.9
76.52
76.75
76.94
77.1
76.98
76.92
77.07
76.87
76.94
76.96
76.85
76.91
76.96
76.93
76.68
76.96
76.83
76.81
76.8
76.74
76.75
76.93
76.8
76.92
76.88
76.91
77
77.04
77.01
77.02
76.91
76.92
76.91
76.94
76.88
76.92
76.83
76.85
76.84
76.85
76.9
76.89
76.89
77.07
76.93
77.05
77.08
77.08
77.06
77.1
77.06
77.03
76.94
76.9
77.02
77.04
76.91
77.04
76.88
76.88
76.88
76.74
76.84
76.86
76.8
76.79
76.81
76.78
76.81
76.86
76.75
76.9
76.82
77.02
76.96
76.84
76.94
76.92
76.93
76.94
76.95
76.93
76.88
76.83
76.79
76.94
76.77
76.88
76.87
76.82
76.8
76.83
76.82
76.81
76.76
76.75
76.82
76.81
76.84
76.86
76.84
76.78
76.78
76.82
76.79
76.83
76.73
76.76
76.74
76.75
76.7
76.79
76.81
76.81
76.77
76.77
76.82
76.77
76.8
76.71
76.69
76.74
76.74
76.72
76.71
76.77
76.77
76.8
76.76
76.73
76.72
76.79
76.7
76.66
76.65
76.74
76.67
76.71
76.72
76.68
76.67
76.68
76.72
76.65
76.63
76.63
76.68
76.56
76.54
76.51
76.54
76.56
76.53
76.53
76.55
76.52
76.53
76.54
76.44
76.42
76.54
76.54
76.51
76.48
76.47
76.49
76.44
76.48
76.51
76.47
76.41
76.31
76.33
76.31
76.33
76.27
76.3
76.35
76.34
76.36
76.28
76.31
76.34
76.28
76.32
76.48
76.52
76.51
76.49
76.53
76.51
76.48
76.53
76.5
76.52
76.55
76.64
76.63
76.64
76.67
76.64
76.63
76.57
76.54
76.54
76.51
76.55
76.56
76.6
76.6
76.67
76.7
76.72
76.7
76.62
76.69
76.71
76.71
76.5
76.45
76.29
76.34
76.31
76.38
76.4
76.34
76.32
76.3
76.22
76.22
76.32
76.3
76.3
76.28
76.29
76.27
76.22
76.34
76.39
76.36
76.32
76.34
76.33
76.29
76.27
76.28
76.39
76.37
76.38
76.45
76.47
76.34
76.37
76.48
76.5
76.47
76.5
76.5
76.5
76.52
76.51
76.45
76.49
76.45
76.5
76.53
76.52
76.55
76.53
76.57
76.62
76.71
76.76
76.71
76.74
76.62
76.75
76.63
76.54
76.56
76.58
76.53
76.54
76.64
76.51
76.54
76.54
76.58
76.5
76.5
76.58
76.59
76.57
76.54
76.6
76.62
76.66
76.68
76.7
76.71
76.51
76.75
76.8
76.8
76.79
76.79
76.77
76.85
76.85
76.75
76.82
76.75
77.1
77.29
77.35
77.24
77.27
77.3
77.4
77.32
77.4
77.32
77.4
77.47
77.49
77.32
77.58
77.64
77.65
77.73
77.8
77.77
77.75
77.79
77.77
77.79
77.78
77.77
77.79
77.88
77.92
77.89
77.95
77.96
77.93
77.81
77.97
77.98
77.99
78.04
77.89
77.88
77.9
77.84
77.89
77.92
77.93
77.92
77.93
77.94
77.91
77.86
77.84
77.88
77.83
77.88
77.86
77.87
77.9
77.88
77.88
77.92
77.88
77.86
77.87
77.94
77.91
77.9
77.95
77.97
77.96
78
78.01
78
78.06
77.97
77.97
77.98
77.98
78.03
78.01
78
78
77.94
77.9
77.91
77.87
77.92
77.88
77.89
77.92
77.86
77.89
77.89
77.87
77.91
77.94
77.88
77.96
77.89
77.94
77.86
77.84
77.86
77.8
77.88
77.82
77.78
77.87
77.83
77.88
77.91
77.85
77.76
77.78
77.77
77.76
77.75
77.8
77.71
77.71
77.73
77.76
77.75
77.78
77.8
77.78
77.79
77.77
77.77
77.78
77.76
77.76
77.68
77.75
77.67
77.72
77.69
77.71
77.6
77.69
77.71
77.61
77.69
77.66
77.61
77.54
77.58
77.55
77.56
77.53
77.55
77.54
77.58
77.55
77.57
77.44
77.39
77.39
77.4
77.4
77.37
77.37
77.25
77.44
77.42
77.42
77.17
77.31
77.12
77.06
77.04
77.07
77.08
77.07
77.02
77.1
77.06
77.04
77.03
77.06
77.16
77.13
77.09
77.08
76.89
76.94
76.96
76.96
76.96
76.98
76.98
77
77.01
76.91
76.91
76.99
76.93
76.99
76.99
77.02
77
77
77.01
76.99
76.97
76.88
76.86
76.78
76.58
76.64
76.67
76.63
76.61
76.82
76.61
76.61
76.52
76.46
76.47
76.52
76.46
76.45
76.47
76.44
76.4
76.37
76.33
76.33
76.34
76.41
76.48
76.5
76.39
76.3
76.47
76.03
76
76.01
76.05
76.13
76.13
76.4
76.1
76.15
76.07
76.08
76.1
76.09
76
76.1
76.05
76.02
75.91
75.91
75.99
75.86
75.99
75.94
75.87
76
76.01
76
76.01
76.03
76.02
76.01
76.06
76.01
76.16
75.99
76.29
76.25
76.04
76.35
76.36
76.01
76.01
76.39
76.42
76.42
76.56
76.54
76.42
76.38
76.5
76.57
76.5
76.56
76.55
76.56
76.49
76.54
76.46
76.54
76.51
76.15
76.18
76.46
76.2
76.43
76.19
76.13
76.31
76.11
76.07
76.18
76.15
76.15
76.22
76.25
76.16
76.25
76.17
76.21
76.22
76.26
76.25
76.26
76.26
76.29
76.27
76.28
76.15
76.25
76.38
76.36
76.39
76.39
76.42
76.21
76.17
76.68
76.68
76.64
76.61
76.56
76.47
76.55
76.47
76.53
76.51
76.5
76.44
76.51
76.57
76.51
76.43
76.41
76.47
76.34
76.35
76.35
76.34
76.35
76.29
76.29
76.29
76.28
76.17
76.19
76.21
76.28
76.28
76.25
76.28
76.32
76.4
76.43
76.42
76.3
76.39
76.27
76.46
76.37
76.4
76.41
76.4
76.29
76.28
76.25
76.29
76.24
76.26
76.23
76.29
76.3
76.21
76.25
76.22
76.36
76.23
76.36
76.37
76.39
76.35
76.34
76.42
76.44
76.39
76.44
76.44
76.45
76.34
76.31
76.44
76.36
76.37
76.34
76.29
76.33
76.29
76.29
76.34
76.28
76.34
76.3
76.33
76.35
76.19
76.15
76.36
76.07
76.3
76.15
76.13
76.07
76.08
76.11
76.07
76.1
76.09
76.11
76.21
76.11
76.09
76.2
76.18
76.12
76.23
76.13
76.25
76.26
76.26
76.34
76.33
76.39
76.43
76.42
76.44
76.48
76.47
76.53
76.52
76.55
76.61
76.59
76.64
76.56
76.5
76.52
76.54
76.57
76.52
76.58
76.53
76.59
76.55
76.72
76.72
76.55
76.6
76.61
76.6
76.6
76.65
76.58
76.61
76.6
76.69
76.62
76.64
76.67
76.68
76.64
76.64
76.6
76.66
76.48
76.39
76.39
76.39
76.43
76.35
76.25
76.25
76.26
76.29
76.26
76.31
76.35
76.46
76.41
76.23
76.23
76.19
76.19
76.3
76.41
76.39
76.41
76.39
76.28
76.5
76.38
76.41
76.4
76.39
76.36
76.42
76.37
76.36
76.41
76.3
76.51
76.35
76.63
76.41
76.6
76.63
76.62
76.54
76.57
76.65
76.63
76.63
76.74
76.69
76.65
76.67
76.58
76.56
76.56
76.45
76.43
76.36
76.38
76.47
76.38
76.42
76.46
76.47
76.28
76.24
76.37
76.29
76.39
76.26
76.26
76.33
76.32
76.26
76.35
76.41
76.43
76.27
76.29
76.28
76.36
76.37
76.3
76.41
76.18
76.21
76.45
76.42
76.43
76.25
76.29
76.25
76.43
76.41
76.46
76.36
76.38
76.31
76.35
76.26
76.32
76.39
76.41
76.33
76.39
76.4
76.28
76.29
76.21
76.28
76.24
76.25
76.28
76.26
76.34
76.26
76.22
76.34
76.35
76.29
76.28
76.33
76.31
76.32
76.27
76.24
76.21
76.21
76.07
76.08
76.06
75.92
75.86
75.78
75.62
75.69
75.54
75.6
75.59
75.57
75.59
75.57
75.39
75.41
75.49
75.3
75.46
75.36
75.27
75.46
75.21
75.11
75.21
75.25
75.05
74.99
74.98
74.83
74.91
74.85
74.84
74.86
74.88
75.03
75.12
74.88
74.91
75.08
74.98
75.04
75.09
75.11
75.09
75.07
75.06
75.04
75.09
75.24
75.39
75.43
75.47
75.41
75.47
75.47
75.35
75.32
75.39
75.51
75.24
75.45
75.47
75.46
75.08
75.25
75.41
75.09
75.04
75.07
74.86
74.86
74.88
74.96
74.92
74.87
74.98
75.05
74.86
74.92
74.93
74.99
74.93
74.92
74.89
74.86
74.84
74.79
74.71
74.68
74.71
74.63
74.53
74.7
74.69
74.63
74.73
74.72
74.56
74.65
74.59
74.51
74.53
74.64
74.55
74.62
74.64
74.81
74.86
74.72
74.85
74.78
74.79
74.74
74.71
74.6
74.79
74.82
74.8
74.76
74.86
74.84
74.79
74.82
74.85
74.85
74.76
74.7
74.83
74.75
74.7
74.68
74.66
74.79
74.63
74.65
74.61
74.59
74.81
74.58
74.56
74.6
74.56
74.68
74.64
74.62
74.66
74.62
74.59
74.5
74.64
74.61
74.6
74.52
74.52
74.5
74.3
74.37
74.34
74.36
74.31
74.32
74.17
74.27
74.06
74.08
74.09
74.18
74.12
74.2
74.13
74.18
74.23
74.23
74.16
74.08
74.1
74.2
74.33
74.25
74.38
74.4
74.21
74.35
74.24
74.28
74.33
74.37
74.37
74.4
74.35
74.31
74.39
74.38
74.36
74.32
74.36
74.38
74.35
74.33
74.23
74.19
74.19
74.15
74.16
74.18
74.14
74.18
73.87
73.9
73.92
73.77
73.81
73.8
73.81
73.81
73.86
73.82
73.84
73.83
73.79
73.77
73.88
73.87
73.87
73.65
73.6
73.59
73.63
73.68
73.76
73.6
73.6
73.6
73.79
73.72
73.72
73.72
73.76
73.79
73.84
73.86
73.9
73.73
73.87
73.91
73.89
73.89
73.9
73.89
73.9
73.84
73.86
73.89
73.85
73.79
73.75
73.83
73.83
73.81
73.9
73.83
73.97
73.93
73.87
73.92
73.96
73.97
74.04
74.01
73.99
73.95
74.02
74.01
74.07
73.99
74.01
74.08
74.16
74.38
74.4
74.48
74.34
74.25
74.22
74.23
74.27
74.24
74.18
74.2
74.2
74.13
74.11
74.22
74.3
74.26
74.33
74.37
74.34
74.24
74.22
74.32
74.3
74.26
74.22
74.14
74.24
74.14
74.07
74.09
74.11
74.07
74.16
74.19
74.07
74.07
74.07
74.05
73.99
73.99
73.9
73.9
73.86
73.95
74.01
74.02
73.91
73.98
74
74.73
74.03
74.55
74.46
74.38
74.39
74.39
74.79
74.17
73.99
74.04
74.73
74.2
74.24
74.26
74.24
74.25
74.51
74.29
74.25
74.28
74.34
74.33
74.17
74.45
74.28
74.31
74.21
74.24
74.23
74.14
74.21
74.35
74.22
74.29
74.48
74.24
74.21
74.34
74.46
74.48
74.61
74.61
74.6
74.68
74.67
74.53
74.6
74.63
74.64
74.59
74.6
74.62
74.74
74.84
74.6
74.73
74.74
74.76
74.78
74.65
74.7
74.51
74.63
74.73
74.73
74.63
74.78
74.88
74.97
74.63
74.62
74.84
74.86
74.92
75.07
75.08
74.93
74.84
74.81
74.78
74.68
74.79
74.92
74.87
74.82
74.85
74.89
74.95
74.95
74.93
74.95
74.86
75
75.04
74.81
74.76
74.57
74.58
74.63
74.6
74.63
74.57
74.56
74.56
74.65
74.66
74.74
74.72
74.68
74.59
74.63
74.66
74.71
74.7
74.69
74.66
74.72
74.65
74.68
74.66
74.67
74.66
74.68
74.66
74.73
74.75
74.68
74.66
74.63
74.72
74.65
74.68
74.67
74.64
74.67
74.7
74.65
74.67
74.66
74.65
74.78
74.75
74.76
74.75
74.75
74.87
74.82
74.85
74.87
74.86
74.91
74.87
74.82
74.83
74.8
74.76
74.8
74.8
74.78
74.77
74.81
74.85
74.78
74.81
74.85
74.84
74.91
74.97
74.98
75.03
74.98
74.96
74.92
74.95
74.89
74.9
74.93
74.94
74.95
74.96
74.95
74.94
74.99
74.94
74.98
75.03
75.01
75.01
74.98
74.91
74.93
74.93
74.94
74.93
75.01
74.94
74.92
75
75
75.03
74.88
75.02
74.87
74.74
74.72
74.7
74.76
74.71
74.7
74.74
74.74
74.8
74.78
74.75
74.79
74.86
74.85
74.77
74.75
74.82
74.82
74.82
74.75
74.77
74.8
74.86
74.84
74.84
74.86
74.91
74.89
74.9
74.99
74.88
74.95
74.96
74.97
74.98
74.99
75
74.94
74.96
74.94
74.95
74.92
74.89
74.87
74.8
74.84
74.82
74.86
74.88
74.88
74.88
74.89
74.87
74.87
74.9
74.91
74.91
74.93
74.92
74.9
74.95
74.92
74.92
74.94
74.95
75
75.07
75.04
75.07
75.13
75.09
75.04
75.14
75.04
75.08
75.08
75.06
75.1
75.11
75.1
75.11
75.12
75.12
75.13
75.12
75.12
75.16
75.18
75.13
75.12
75.14
75.16
75.12
75.22
75.21
75.18
75.25
75.3
75.25
75.31
75.22
75.21
75.21
75.2
75.2
75.21
75.1
75.2
75.09
75.13
75.08
75.08
74.95
74.99
75
75.05
75.06
75.06
75.07
75.1
75.14
75.2
75.18
75.24
75.22
75.22
75.22
75.25
75.26
75.26
75.24
75.24
75.22
75.2
75.2
75.21
75.21
75.21
75.2
75.2
75.21
