2044.25
2043.41
2039.28
2036.84
2035.54
2035.08
2035.03
2033.35
2032.37
2033.03
2032.25
2033.16
2033.74
2033.77
2030.74
2030.11
2028.87
2028.25
2028.88
2029.53
2029.77
2028.78
2027.88
2025.78
2024.56
2025.87
2026.55
2024.48
2024.03
2023.07
2025
2025.48
2026.29
2026.11
2026.92
2026.89
2027.14
2027.93
2027.46
2026.22
2025.17
2026.41
2027.16
2028.55
2028.3
2028.92
2028.17
2028.04
2028.06
2026.43
2027.69
2029.34
2029.54
2028.3
2026.41
2025.9
2026.01
2025.39
2026.88
2026.69
2026.37
2025.53
2027.01
2028.21
2027.64
2028.62
2028.13
2029.03
2030.65
2030.84
2030.37
2031.02
2030.6
2030.9
2031.02
2030.87
2030.24
2030.4
2030.21
2029.49
2029.55
2030
2030.29
2031.15
2031.68
2033.54
2034.63
2034.62
2035.01
2034.76
2034.9
2035.67
2035.4
2034.5
2034.47
2033.81
2034.72
2034.72
2033.02
2032.26
2032.26
2033.76
2033.76
2033.02
2033.94
2033.22
2033.17
2033.26
2032.94
2032.95
2033.52
2033.77
2032.44
2033.15
2033.94
2034.59
2033.97
2033.9
2033.96
2033.45
2033.36
2033.37
2033.35
2033.59
2032.83
2031.69
2030.78
2030.4
2028.81
2029.1
2029.86
2030.04
2029.14
2029.84
2030.64
2030.47
2030.45
2030.54
2032.15
2032.86
2032.26
2032.05
2032.21
2032.02
2032.53
2032.96
2032.57
2032.32
2030.76
2031.17
2031.38
2031.23
2029.89
2031.58
2031.56
2032.64
2032.53
2033.34
2033.96
2033.43
2033.16
2032.37
2032.5
2032.63
2033.66
2032.89
2032.9
2033.37
2033.98
2034.15
2033.76
2033.75
2033.64
2033.8
2033.42
2032.36
2031.32
2032.07
2031.32
2031.66
2031.62
2030.69
2031.09
2030.56
2029.46
2029.57
2029.52
2029.42
2030.58
2030.44
2030.15
2029.3
2029.24
2030.07
2029.77
2030.48
2030.92
2030
2030.18
2030.18
2029.63
2028.12
2029.16
2029.5
2028.62
2029.2
2029.2
2029.74
2029
2029.09
2029.49
2029.28
2028.67
2026.95
2026.97
2026.95
2026.89
2026.43
2026.76
2027
2027.17
2026.95
2026.31
2026.65
2026.95
2026.87
2026.85
2027.56
2028.03
2027.78
2027.88
2028.51
2028.48
2028.05
2028.78
2028.87
2028.64
2029.32
2029.28
2030.14
2030.11
2030.44
2030.52
2030.22
2030.03
2030.34
2030.33
2029.82
2029.61
2029.46
2029.8
2029.62
2030.78
2030.64
2030.61
2029.64
2029.5
2028.89
2027.96
2028.46
2027.93
2028.22
2026.97
2026.98
2027.03
2027.27
2027.15
2025.72
2026.23
2026.02
2025.09
2025.04
2025.29
2025.97
2025.4
2024.02
2024.15
2023.84
2024.39
2024.88
2024.36
2024.81
2024.56
2024.01
2024.5
2024.29
2025.36
2025.96
2025.94
2025.59
2025.37
2025.37
2025.37
2025.37
2025.37
2025.37
2025.37
2025.37
2028.62
2028.29
2028.44
2028.4
2027.82
2026.87
2027.42
2027.42
2027.42
2027.42
2027.42
2027.42
2027.42
2027.42
2027.42
2027.42
2027.42
2027.42
2028.77
2028.55
2029.2
2028.7
2026.36
2027.06
2027.28
2026.54
2026.88
2027.76
2026.59
2025.53
2026.32
2026.28
2024.19
2024.15
2024.12
2025.1
2024.83
2025.77
2026.48
2026.88
2027.46
2027.77
2028.82
2028.79
2029.88
2031.94
2032.17
2031.39
2029.89
2029.89
2029.74
2030.68
2030.3
2027.95
2028.62
2028.85
2040.92
2045.5
2047.98
2050.13
2051.3
2051.24
2050.59
2050.31
2050.18
2050.27
2052.75
2053.44
2052.56
2052.5
2053.27
2054.04
2054.55
2054.45
2054.7
2055.23
2054.82
2055.71
2056.53
2056.32
2055.29
2054.89
2054.94
2055.16
2055.07
2054.34
2054.35
2054.39
2054.03
2053.64
2054.2
2054.28
2053.25
2053.17
2052.57
2052.5
2053.02
2052.52
2052.3
2053.24
2053.19
2052.98
2053.37
2053.04
2052.98
2053.09
2052.72
2052.54
2051.78
2052.24
2051.97
2051.94
2053.15
2052.93
2053.22
2053.3
2052.96
2052.62
2053.1
2054.11
2053.92
2053.59
2053.35
2054.05
2053.96
2054.53
2054.59
2053.95
2055.7
2055.66
2056.12
2055.79
2055.35
2055.66
2055.4
2055.11
2054.12
2053.24
2052.52
2053.1
2052.74
2053.26
2053.17
2053.21
2053.03
2052.3
2052.64
2052.16
2051.93
2052.3
2052.61
2052.42
2052.46
2051.93
2051.9
2050.99
2050.14
2049.49
2049.41
2049.39
2049.91
2049.79
2049.87
2049.93
2050.45
2051.13
2051.38
2050.01
2050.59
2050.37
2049.95
2049.71
2049.75
2048.23
2047.97
2048.3
2048.7
2048.68
2049.63
2049.97
2050.8
2050.45
2050.32
2050.56
2050.32
2049.62
2049.53
2048.82
2048.06
2047.92
2047.89
2048.33
2047.25
2045.98
2046.66
2046.59
2045.8
2046
2046.06
2044.97
2045.27
2046.11
2045.93
2045.98
2045.31
2045.43
2044.7
2044.93
2044.98
2044.49
2042.69
2041.9
2041.08
2041.16
2041.41
2041.03
2039.52
2039.77
2039.45
2040.28
2039.92
2039.82
2040.12
2039.44
2038.53
2037.48
2037.56
2037.71
2037.75
2038.01
2039
2039.24
2039.76
2040.2
2040.65
2040.98
2040.63
2040.32
2039.83
2039.85
2039.74
2040.21
2040.51
2041.05
2041.75
2041.81
2041.52
2041.33
2042.13
2041.91
2041.1
2041.59
2041.63
2041.66
2041.53
2041.36
2041.13
2040.83
2040.5
2040.38
2039.87
2038.39
2036.6
2034.68
2034.44
2034.37
2032.88
2031.93
2029.9
2030.76
2030.18
2028.75
2027.93
2028.03
2028.8
2028.63
2027.52
2028.07
2027.58
2025.74
2025.36
2025.02
2025.04
2025.24
2026.12
2025.83
2026.61
2025.27
2023.31
2020.61
2017.96
2014.52
2015.71
2016.36
2017.85
2019.13
2017.91
2017.19
2016.91
2015.91
2016.61
2017.09
2016.24
2013.14
2014.6
2014.22
2013.44
2012.79
2011.58
2012.24
2008.49
2009.16
2010.43
2009.76
2012.44
2013.02
2012.01
2012.79
2012.32
2011.85
2011.67
2012.86
2014.43
2014.8
2015.84
2016.69
2016.82
2017.72
2018
2017.3
2018.38
2018.03
2018.73
2018.27
2018.95
2019.99
2019.4
2018.88
2017.95
2017.84
2019.33
2019.28
2019.85
2018.66
2018.25
2018.26
2018.38
2019.11
2019.67
2020.06
2011.9
2012.18
2012.49
2012.59
2013.32
2012.91
2011.46
2011.61
2011.47
2010.38
2011.72
2011.94
2012.1
2017.38
2018.66
2019.07
2018.35
2017.8
2017.1
2018.15
2019.44
2019.08
2018.98
2019.23
2018.74
2017.61
2015.77
2016.75
2019.01
2020.89
2020.43
2021.3
2021.09
2021.66
2024.66
2025.64
2028.52
2028.52
2026.92
2026.24
2024.4
2023.49
2023.85
2023.07
2022.95
2021.88
2021.68
2020.35
2021.16
2022.06
2021.32
2020.96
2021.79
2008.3
2007.96
2006.44
2005.82
2005.9
2003.6
2004.05
2004.61
2003.99
2001.89
2001.63
2001.45
2002.05
2002.92
2002.28
2001.89
2000.4
2001.19
2001.63
2001.53
2000.74
1999.78
2000.22
2000.86
2002.23
2001.83
2001.91
2002.12
2002.28
2000.76
2001.54
2000.61
2000.87
2001.1
2001.08
1999.5
1999.65
1999.82
2001.24
2001.62
2001.1
2003
2005.07
2004.63
2004.59
2004.18
2003.87
2004.44
2005.08
2004.83
2004.81
2004.54
2004.68
2004.33
2002.84
2001.48
2002.14
2001.38
2000.83
2001.03
2000.27
2000.76
2001.06
2000.91
2000.55
2001.88
2001.31
2000.05
1999.97
1999.96
1998.67
1998.57
1997.87
1996.73
1996.88
1997.21
1997.79
1997.7
1997.68
1997.52
1996.82
1996.85
1997.16
1997.27
1999.36
1998.93
1998.38
1998.62
1998.49
1999
1999
1998.47
1999.97
1999.54
1998.68
1999.24
1999.31
1999.9
2000.81
2000.45
2000.54
2001.35
2001.46
2001.44
2000.31
1999.46
2000.03
1999.73
1999.57
1997.72
1998.36
1997.66
1997.43
1997.65
1996
1996.71
1996.43
1996.47
1997.16
1998.74
1994.98
1995.14
1995.31
1995.12
1994.91
1995.28
1996.79
1995.43
2044.81
1995.37
1995.79
1995.17
1994.88
1995.26
1995.13
1994.12
1994.38
1994.44
1994.14
1993.98
1993.64
1993.6
1993.64
1993.57
1992.47
1991.3
1990.7
1991.01
1990.82
1988.76
1989.77
1990.49
1992.58
1992.14
1990.22
1990.87
1990.69
1990.37
1991.16
1993.02
1992.44
1992.85
1992.5
1993.15
1994.47
1995.57
1995.48
1995.32
1994.64
1994.21
1994.74
1994.31
1994.68
1996.93
1996.51
1998.04
2000.82
2001.09
2003.12
2002.89
2002.32
2001.7
2001.85
2002.03
2004.37
2004.99
2007.23
2008.85
2007.67
2006.93
2007.29
2005.25
2005.2
2004.82
2004.52
2004.25
2003.51
2003.83
2004.25
2003.39
2003.75
2003.56
2002.47
2001.91
2000.5
2000.81
2000.78
2000.46
2000.38
2000.15
2001.13
2001.37
2000.51
2001.17
2001.68
2002.93
2004.02
2003.69
2002.76
2003.95
2004.54
2005.26
2004.36
2001.98
2002.17
2003.6
2003.89
2003.93
2005.79
2007.51
2009.05
2011.02
2010.46
2012.21
2010.8
2009.77
2009.52
2010.52
2008.61
2008.9
2008.45
2007.63
2010.46
2011.73
2011.22
2008.68
2007.26
2006.23
2008.54
2007.47
2008.25
2009.64
2010.01
2011.2
2010.74
2009.53
2012.27
2011.81
2011.37
2010.23
2011.79
2011.33
2011.67
2011.71
2011.61
2010.84
2009.84
2014.75
2013.14
2013.48
2012.24
2009.83
2009.16
2007.49
2009.92
2005.68
2006.74
2005.5
2004.39
2004.94
2007.08
2004.06
2001.72
2003.15
2002.42
2004.53
2005.88
2003.93
2003.18
2002.67
1999.21
2000.03
2001.32
1999.07
2001.36
2002.5
2000.09
2004.5
2002.65
2001.39
2003.74
2004.3
2006.8
2008.31
2008.24
2007.73
2008.92
2008.37
2008.39
2009.38
2009.91
2010.37
2011.59
2010.46
2009.54
2009.72
2011.07
2013.8
2014.44
2014.62
2016.19
2015.34
2015.29
2014.22
2012.73
2012.53
2012.67
2011.78
2010.76
2010.27
2010.5
2010.24
2011.83
2011.48
2011.26
2009.38
2009.21
2005.25
2005.48
2005.11
2004.43
2003.66
2004.67
2006.28
2006.69
2005.63
2005.31
2006.57
2006.05
2005.76
2005.12
2002.92
2001.96
2002.52
2001.87
2000.47
1999.93
2000.12
2000.01
1999.61
1999.68
1999.75
2001.23
2003.21
2003.29
2003.34
2002.3
2000.42
1998.19
1999.17
2000.58
2000.02
1999.77
2001.96
2004.04
2004.43
2005.72
2005.9
2005.03
2004.38
2003.22
2003.35
2001.76
2002.19
2003.13
2001.94
2001.29
2001.81
2001.36
2001.63
2002.48
2002.09
2003.01
2002.35
2001.35
2001.28
2002.43
2002.29
2002.16
2003.8
2003.89
2002.83
2002.23
2001.57
1999.83
1999.92
1999.65
1999.17
2000.11
1998.81
2001.2
2000.84
2000.87
2001.29
1999.96
1998.97
1998.41
1998.98
1999.51
1999.74
1998.44
1996.93
1996.46
1996.45
1997.46
1996.36
1996.68
1996.93
1996.19
1993.79
1993.65
1992.62
1993.32
1993.26
1994.07
1993.59
1993.33
1994.94
1995.09
1996.71
1996.53
1995.76
1996.14
1996.22
1996.02
1998.17
1999.3
1999.49
2000.88
1999.72
1999.65
1999.33
1999.25
1999.9
2001.45
2001.41
2002.16
2001.35
2000.53
2000.73
2000.13
2000.01
1998.62
1998.64
1998.59
1997.99
1997.93
1996.08
1995.33
1996.37
1995.96
1996.2
1996.37
1996.04
1995.45
1994.17
1994.87
1994.83
1993.52
1994.53
1994.41
1995.27
1995.78
1997.53
1998.22
1998.57
2000.23
2000.07
1998.87
1998.6
1998.71
1997.91
1997.19
1996.01
1996.15
1996.95
1997.37
1997.44
1996.27
1997.99
1998.96
1999.53
1999.09
1998.64
1997.24
1998.17
1998.84
1998.86
2000.02
2000.67
2000.45
1999.2
2000.02
1999.37
1998.85
1999.41
1997.9
1998.49
1998.8
1998.5
1997.7
1997.84
1997.67
1996.84
1999.31
1998.97
1998.84
2000.55
2001.23
2000.32
2000.04
1999.33
2000.62
2000.18
1999.99
2001.03
2001.05
2000.53
1999.46
2000.19
2000.7
2001.2
1999.11
1999.86
1999.79
2000.47
2000.47
2000.46
2000.64
1998.58
1997.92
1996.83
1997.02
1997.07
1997.5
1996.06
1997.05
1997.09
1997.14
1996.44
1997.23
1998.27
1998.7
2000.04
2000.43
1999.55
1999.88
1998.53
2000.33
2001.61
2001.36
2000.65
1999.29
1998.93
1999.18
1998.83
1998.58
1998.9
1997.73
1999.46
1999.62
1998.34
1998.01
1998.51
1997.45
1997.72
1997.2
1996.2
1995.38
1993.85
1994.1
1993.14
1992.97
1991.8
1993.04
1993.85
1999.93
1998.69
1997.27
1996.11
1995.35
1995.86
1996.69
1997.22
1996.07
1995.28
1993.65
1994.07
1993.77
1993.97
1993.47
1991.76
1991.42
1997.4
1994.92
1995.44
1993.57
1992.81
1993.01
1991.69
1993.39
1991.04
1992.02
1989.8
1990.05
1989.35
1988.26
1989.93
1990.74
1988.98
1990.59
1993.01
1992.31
1992.21
1991.88
1993.72
1994.59
1996.04
1995.51
1996.91
1998.67
1997.59
1997.95
1999.23
1999.16
1998.93
1997.66
1997.13
1998.33
1998.38
1999.37
1997.93
1997.97
1998.6
1998.21
1999.45
1997.76
1997.17
1996.96
1998
1997.87
1998.57
1999.11
2000.93
2002.66
2004.7
2005.25
2004.91
2004.76
2005.04
2005.21
2005.41
2005.9
2004.54
2003.48
2004.07
2004.43
2002.44
2002.85
2001.87
2002.39
2002.46
2002.2
2002.64
2003.53
2005.45
2004.01
2003.61
2002.86
2002.72
2002.64
2002.15
2000.72
2000.34
2001.03
2001.34
2000.84
2001.62
2001.31
2001.52
2002.2
2002.96
2003.49
2004.33
2004.56
2003.84
2004.66
2005.33
2004.59
2004.64
2004.23
2004.26
2002.46
2002.33
2000.43
2000.55
2000.5
2000.98
2000.42
2000.5
2001.37
2001.47
2001.56
2001.38
2001.7
2001.7
2002.83
2002.44
2002.38
2002.72
2002.87
2002.86
2002.78
2002.58
2001.97
2001.92
2002.02
2002.5
2002.18
2001.94
2002.01
2003.05
2003.81
2003.63
2003.6
2003.87
2003.66
2004.04
2004.44
2004.56
2004.24
2004.33
2003.8
2004.3
2004.81
2005.04
2005.31
2006.03
2008.34
2007.73
2007.86
2007.93
2008.29
2008.54
2009.43
2010.36
2012
2010.82
2010.48
2009.97
2010.2
2009.23
2009.14
2009.48
2009.16
2008.67
2008.77
2007.98
2007.61
2008.79
2008.05
2009.13
2009.62
2009.07
2008.87
2008.4
2008.48
2008.15
2007.87
2007.63
2007.67
2007.87
2007.29
2006.32
2006.87
2005.43
2005.57
2005.84
2005.99
2005.79
2004.06
2004.63
2004.59
2005.26
2005.04
2005.17
2005.85
2006.6
2007.15
2007.38
2006.8
2006.93
2007.99
2008.03
2007.34
2006.82
2007.08
2007.48
2007.24
2006.78
2007.06
2007.92
2008.62
2008.76
2008.53
2009.12
2009.32
2009.31
2009.55
2009.62
2009.42
2009.12
2009.21
2009.7
2010.29
2010
2009.42
2008.85
2009.35
2009.58
2009.61
2008.76
2009.09
2008.85
2007.59
2007.62
2007.93
2007.81
2008.2
2008.49
2008.08
2008.17
2007.89
2008.39
2008.4
2008.31
2008.53
2007.77
2007.83
2008.02
2008.03
2006.37
2006.71
2007.06
2007.1
2006.91
2007.17
2006.86
2006.42
2006.42
2006.38
2006.58
2007.56
2007.97
2007.96
2007.62
2007.29
2007.53
2008.35
2007.96
2009.44
2009.55
2009.57
2009.58
2009.4
2009.36
2009.71
2009.42
2008.44
2008.88
2008.82
2009.15
2009.57
2009.32
2008.97
2008.52
2009.29
2009.1
2008.16
2008.28
2008.17
2008.63
2008.36
2008.32
2008.77
2008.53
2009.07
2009.2
2009.69
2011.74
2011.08
2011.34
2010.5
2010.81
2010.95
2011.39
2011.62
2012.62
2013.19
2013.76
2015
2015.99
2015.36
2015.47
2015.82
2016.34
2016.63
2017.52
2017.41
2018.2
2018.79
2019.14
2018.83
2018.4
2018.65
2018.97
2019.69
2019.87
2020.28
2019.85
2020.27
