36.71
36.67
36.57
36.53
36.59
36.45
36.42
36.35
36.34
36.49
36.32
36.33
36.34
36.29
36.22
36.17
36.1
36.16
36.19
36.25
36.26
36.21
36.12
36.09
36.13
36.12
36.15
36.12
36.11
36.06
36.13
36.1
36.14
36.13
36.18
36.17
36.17
36.25
36.27
36.34
36.28
36.15
36.33
36.33
36.37
36.36
36.34
36.36
36.35
36.29
36.33
36.38
36.35
36.33
36.37
36.24
36.25
36.24
36.27
36.28
36.28
36.26
36.31
36.38
36.36
36.38
36.37
36.33
36.45
36.44
36.42
36.47
36.46
36.47
36.49
36.47
36.47
36.43
36.42
36.39
36.39
36.39
36.39
36.4
36.41
36.39
36.49
36.5
36.5
36.5
36.49
36.52
36.49
36.49
36.48
36.49
36.5
36.5
36.5
36.47
36.47
36.51
36.51
36.51
36.53
36.52
36.52
36.49
36.49
36.49
36.47
36.49
36.47
36.52
36.49
36.51
36.58
36.48
36.61
36.59
36.58
36.59
36.56
36.58
36.55
36.53
36.47
36.48
36.42
36.42
36.45
36.46
36.43
36.54
36.41
36.5
36.5
36.49
36.55
36.56
36.53
36.51
36.51
36.48
36.55
36.5
36.56
36.47
36.42
36.44
36.47
36.46
36.45
36.46
36.43
36.43
36.44
36.53
36.46
36.45
36.44
36.47
36.46
36.52
36.51
36.47
36.49
36.49
36.52
36.48
36.49
36.49
36.49
36.52
36.52
36.49
36.48
36.53
36.46
36.49
36.47
36.46
36.44
36.48
36.48
36.45
36.44
36.45
36.46
36.5
36.49
36.46
36.43
36.44
36.51
36.52
36.53
36.52
36.53
36.52
36.52
36.45
36.49
36.49
36.5
36.47
36.49
36.53
36.48
36.51
36.48
36.48
36.51
36.47
36.45
36.45
36.44
36.42
36.45
36.43
36.46
36.45
36.44
36.45
36.46
36.46
36.45
36.44
36.47
36.46
36.46
36.46
36.46
36.45
36.47
36.47
36.46
36.48
36.45
36.49
36.49
36.49
36.46
36.48
36.49
36.5
36.49
36.49
36.47
36.5
36.49
36.51
36.53
36.5
36.51
36.47
36.46
36.45
36.5
36.49
36.4
36.4
36.38
36.37
36.38
36.37
36.36
36.31
36.36
36.35
36.33
36.33
36.35
36.31
36.32
36.28
36.28
36.28
36.29
36.33
36.33
36.33
36.31
36.33
36.31
36.3
36.36
36.36
36.3
36.33
36.33
36.32
36.31
36.35
36.33
36.37
36.38
36.38
36.42
36.4
36.42
36.41
36.39
36.37
36.39
36.42
36.4
36.4
36.44
36.42
36.42
36.4
36.43
36.47
36.47
36.5
36.45
36.47
36.47
36.47
36.37
36.48
36.39
36.34
36.46
36.38
36.35
36.31
36.35
36.31
36.26
36.31
36.29
36.34
36.33
36.36
36.35
36.38
36.3
36.38
36.4
36.4
36.27
36.47
36.45
36.44
36.4
36.4
36.4
36.44
36.37
36.32
36.38
36.37
36.37
36.37
36.94
36.9
36.93
36.9
36.76
36.83
36.79
36.77
36.83
36.85
36.77
36.77
36.77
36.89
36.84
36.89
36.9
36.9
36.91
36.95
36.89
36.93
36.9
36.9
37.02
37.05
37.03
37
37.01
37.03
37
37.04
37.01
37.01
37.02
36.94
36.94
37.02
37.01
36.93
36.93
36.98
36.95
36.96
36.96
36.97
36.99
36.99
36.99
36.98
36.94
36.95
36.95
36.94
36.95
36.93
36.95
36.95
36.93
36.92
36.92
36.95
36.94
36.92
36.91
36.93
36.94
36.97
36.96
36.94
36.99
36.99
36.94
36.96
36.96
36.96
36.97
36.98
36.96
36.92
36.9
36.93
36.88
36.89
36.89
36.88
36.91
36.91
36.86
36.82
36.8
36.8
36.8
36.78
36.77
36.74
36.74
36.71
36.68
36.64
36.68
36.71
36.74
36.69
36.77
36.64
36.78
36.78
36.78
36.71
36.72
36.69
36.66
36.64
36.63
36.69
36.55
36.56
36.58
36.57
36.6
36.59
36.63
36.6
36.64
36.66
36.64
36.65
36.65
36.6
36.58
36.59
36.59
36.59
36.54
36.59
36.51
36.51
36.48
36.5
36.5
36.49
36.5
36.5
36.5
36.5
36.5
36.49
36.47
36.48
36.45
36.45
36.41
36.38
36.48
36.37
36.41
36.41
36.41
36.43
36.42
36.46
36.43
36.42
36.43
36.46
36.37
36.33
36.33
36.38
36.38
36.35
36.4
36.42
36.41
36.33
36.33
36.45
36.45
36.43
36.35
36.45
36.44
36.46
36.46
36.47
36.51
36.51
36.48
36.51
36.51
36.46
36.47
36.48
36.49
36.5
36.5
36.5
36.5
36.5
36.5
36.49
36.45
36.42
36.36
36.35
36.32
36.32
36.26
36.23
36.2
36.22
36.18
36.2
36.17
36.15
36.22
36.2
36.19
36.15
36.18
36.16
36.15
36.13
36.16
36.11
36.17
36.15
36.17
36.15
36.07
36.14
35.96
35.95
36.17
35.95
35.99
36.04
35.98
35.97
35.96
35.97
35.97
35.99
35.94
35.86
35.98
35.97
35.92
35.91
35.85
35.88
35.83
35.8
35.84
35.82
35.9
35.9
35.88
35.87
35.86
35.87
35.86
35.82
35.86
35.91
35.93
35.97
35.82
35.99
35.97
35.96
35.9
35.96
35.97
35.94
35.95
35.94
35.98
35.96
35.95
35.97
36.01
36.03
35.99
36.01
35.99
36.01
35.99
36.01
36
36.01
35.83
35.8
35.8
35.79
35.8
35.76
35.72
35.98
35.75
35.7
35.76
35.76
35.76
35.9
35.97
35.95
35.93
35.92
35.88
35.93
35.95
35.71
35.95
35.93
35.92
35.9
35.86
35.93
35.95
36.01
36
35.94
36.01
35.91
36.11
36.2
35.91
35.91
36.16
36.09
36.08
36.13
36.05
36.03
36.03
36.01
35.97
35.95
36
35.98
35.95
35.97
36.01
35.23
35.2
35.14
35.16
35.14
35.07
35.14
35.13
35.12
35.08
35.08
35.07
35.06
35.13
35.1
35.11
35.04
35.08
35.08
35.04
35.04
35.01
34.96
34.96
34.99
34.99
34.98
34.97
34.99
34.98
34.99
34.98
35.01
35.03
35.02
34.99
35.03
35.02
35.05
34.99
35.02
35.02
35.06
35.13
35.12
35.13
35.11
35.14
35.09
35.15
35.15
35.15
35.15
35.15
35.1
35.11
35.15
35.11
35.09
35.1
35.08
35.09
35.13
35.08
35.1
35.13
35.08
35.06
35.06
35.07
35.12
35.01
35
34.99
34.99
35.01
35.04
35.06
35.03
35.05
35.02
35.03
35.07
35.05
35.1
35.08
35.06
35.03
35.06
35.08
35.08
35.07
35.1
35.1
35.06
35.08
35.06
35.08
35.12
35.12
35.06
35.15
35.13
35.12
35.09
35.05
35.08
35.04
35
34.99
35.01
34.97
34.95
34.95
34.91
35.01
35
34.97
34.93
34.93
34.87
34.89
34.87
34.85
34.86
34.85
34.89
34.85
34.87
34.85
34.85
34.81
34.86
34.86
34.81
34.81
34.82
34.83
34.84
34.82
34.84
34.83
34.8
34.79
34.76
34.74
34.72
34.75
34.75
34.67
34.71
34.78
34.82
34.83
34.81
34.82
34.83
34.82
34.83
34.82
34.9
34.9
34.92
34.91
34.9
34.96
34.97
34.98
34.96
34.9
34.91
34.93
34.94
34.97
34.96
35
35.08
35.06
35.09
35.06
35.04
35.02
34.99
35.04
35.07
35.11
35.19
35.24
35.19
35.1
35.12
35.18
35.2
35.2
35.17
35.15
35.09
35.09
35.07
35.09
35.11
35.07
35.14
35.07
35
35.02
35.01
35.01
35.1
35.08
35.03
35.02
35.01
35.04
35.07
35.1
35.12
35.14
35.1
35.04
35.11
35.14
35.08
35.05
35.06
35.1
35.12
35.13
35.15
35.18
35.26
35.29
35.25
35.28
35.24
35.21
35.21
35.22
35.21
35.19
35.2
35.14
35.26
35.25
35.27
35.14
35.17
35.15
35.22
35.18
35.14
35.21
35.23
35.15
35.22
35.15
35.23
35.24
35.21
35.22
35.24
35.24
35.26
35.26
35.21
35.17
35.15
34.98
34.92
34.9
34.83
34.76
34.8
34.7
34.74
34.68
34.6
34.65
34.6
34.62
34.66
34.64
34.57
34.62
34.56
34.63
34.65
34.64
34.66
34.62
34.6
34.64
34.6
34.62
34.65
34.62
34.57
34.54
34.49
34.47
34.54
34.57
34.66
34.67
34.76
34.81
34.78
34.82
34.84
34.86
35.12
34.92
35.09
35.01
35.03
35.04
35.1
35.15
35.17
35.17
35.22
35.22
35.23
35.17
35.13
35.22
35.12
35.09
35.06
35.03
35.24
35.03
35.24
35.09
35.08
35.06
35.06
34.85
34.91
34.91
34.87
34.89
34.91
34.91
34.95
34.88
34.88
34.89
34.88
34.86
34.84
34.77
34.76
34.77
34.74
34.71
34.69
34.69
34.68
34.69
34.68
34.7
34.74
34.68
34.78
34.78
34.7
34.69
34.65
34.69
34.72
34.74
34.74
34.78
34.75
34.76
34.79
34.77
34.76
34.79
34.79
34.78
34.78
34.8
34.81
34.78
34.78
34.75
34.78
34.78
34.74
34.72
34.72
34.74
34.69
34.69
34.7
34.76
34.69
34.67
34.66
34.67
34.63
34.6
34.56
34.59
34.56
34.55
34.6
34.57
34.57
34.6
34.6
34.59
34.59
34.59
34.53
34.57
34.54
34.55
34.5
34.49
34.46
34.48
34.46
34.53
34.42
34.4
34.34
34.36
34.33
34.3
34.33
34.38
34.33
34.36
34.35
34.4
34.33
34.32
34.43
34.43
34.42
34.4
34.38
34.45
34.48
34.49
34.51
34.49
34.49
34.5
34.43
34.53
34.56
34.58
34.62
34.61
34.6
34.61
34.58
34.61
34.51
34.5
34.5
34.5
34.57
34.46
34.43
34.46
34.46
34.46
34.47
34.43
34.44
34.47
34.44
34.45
34.47
34.47
34.42
34.46
34.47
34.51
34.46
34.55
34.59
34.58
34.51
34.5
34.49
34.47
34.47
34.42
34.54
34.48
34.49
34.47
34.44
34.49
34.5
34.5
34.5
34.45
34.5
34.44
34.44
34.46
34.5
34.53
34.5
34.48
34.46
34.46
34.45
34.46
34.42
34.46
34.45
34.41
34.4
34.4
34.41
34.38
34.46
34.45
34.46
34.48
34.49
34.5
34.51
34.51
34.55
34.54
34.56
34.57
34.59
34.6
34.57
34.59
34.59
34.59
34.53
34.55
34.55
34.55
34.55
34.55
34.6
34.55
34.56
34.52
34.5
34.52
34.56
34.49
34.5
34.46
34.5
34.47
34.49
34.51
34.55
34.51
34.55
34.53
34.54
34.53
34.61
34.63
34.62
34.61
34.6
34.63
34.63
34.62
34.61
34.62
34.61
34.62
34.67
34.66
34.67
34.64
34.61
34.65
34.6
34.58
34.57
34.66
34.56
34.58
34.58
34.57
34.59
34.59
34.34
34.5
34.43
34.38
34.35
34.34
34.4
34.4
34.42
34.38
34.35
34.23
34.25
34.26
34.26
34.27
34.32
34.39
34.24
34.3
34.26
34.22
34.24
34.23
34.19
34.13
34.19
34.16
34.13
34.2
33.98
34.27
34.24
33.96
34.2
34.18
33.99
34
34.19
34.2
34.19
34.26
34.17
34.35
34.34
34.34
34.36
34.51
34.47
34.46
34.34
34.39
34.45
34.47
34.48
34.42
34.48
34.51
34.47
34.51
34.47
34.48
34.47
34.5
34.45
34.5
34.51
34.58
34.61
34.48
34.47
34.62
34.62
34.65
34.62
34.63
34.64
34.66
34.65
34.66
34.79
34.64
34.85
34.85
34.9
34.87
34.88
34.94
34.99
34.95
34.92
34.88
34.82
34.81
34.75
34.8
34.75
34.67
34.69
34.89
34.63
34.67
34.62
34.62
34.68
34.7
34.64
34.71
34.7
34.67
34.73
34.74
34.72
34.71
34.71
34.72
34.68
34.65
34.64
34.63
34.63
34.61
34.65
34.63
34.63
34.61
34.61
34.6
34.6
34.62
34.62
34.59
34.58
34.59
34.6
34.61
34.62
34.62
34.6
34.57
34.58
34.58
34.57
34.59
34.6
34.6
34.65
34.64
34.6
34.58
34.63
34.63
34.66
34.65
34.65
34.66
34.64
34.67
34.7
34.69
34.69
34.69
34.78
34.73
34.72
34.76
34.76
34.76
34.75
34.74
34.76
34.72
34.74
34.72
34.73
34.69
34.76
34.73
34.72
34.73
34.74
34.73
34.76
34.73
34.74
34.69
34.73
34.72
34.75
34.67
34.68
34.67
34.68
34.7
34.68
34.74
34.75
34.7
34.74
34.7
34.74
34.73
34.7
34.75
34.63
34.73
34.65
34.68
34.75
34.75
34.8
34.81
34.81
34.78
34.78
34.79
34.79
34.79
34.77
34.78
34.75
34.74
34.72
34.69
34.7
34.74
34.78
34.75
34.75
34.76
34.74
34.73
34.72
34.74
34.72
34.74
34.72
34.72
34.74
34.72
34.7
34.69
34.69
34.7
34.72
34.69
34.69
34.67
34.63
34.59
34.58
34.58
34.6
34.56
34.62
34.56
34.56
34.56
34.56
34.57
34.59
34.56
34.56
34.58
34.59
34.54
34.53
34.53
34.51
34.5
34.51
34.5
34.47
34.49
34.51
34.48
34.6
34.65
34.67
34.68
34.6
34.72
34.7
34.7
34.72
34.73
34.71
34.7
34.71
34.71
34.7
34.65
34.62
34.65
34.63
34.65
34.65
34.65
34.71
34.63
34.64
34.63
34.62
34.63
34.63
34.61
34.64
34.63
34.6
34.63
34.65
34.66
34.67
34.69
34.67
34.67
34.67
34.67
34.67
34.69
34.7
34.7
34.68
34.69
34.72
34.78
34.67
34.76
34.78
34.77
34.78
34.78
34.79
34.8
34.81
34.83
34.81
34.82
34.81
34.8
34.83
34.82
34.85
34.83
34.86
