47.32
47.3
47.19
47.19
47.24
47.19
47.02
46.97
46.88
46.9
46.88
46.99
46.92
46.92
46.74
46.79
46.75
46.75
46.75
46.73
46.69
46.73
46.72
46.59
46.55
46.69
46.72
46.66
46.7
46.71
46.79
46.78
46.86
46.83
46.78
46.88
46.8
46.92
46.85
46.82
46.74
46.83
46.82
46.87
46.92
46.87
46.88
46.88
46.89
46.83
46.88
46.88
46.94
46.88
46.83
46.74
46.77
46.9
46.73
46.83
46.67
46.67
46.66
46.65
46.68
46.7
46.72
46.73
46.81
46.84
46.71
46.71
46.79
46.71
46.71
46.78
46.68
46.77
46.74
46.71
46.72
46.7
46.79
46.77
46.76
46.81
46.79
46.83
46.84
46.82
46.83
46.83
46.82
46.79
46.8
46.79
46.79
46.79
46.82
46.79
46.8
46.78
46.78
46.74
46.78
46.78
46.78
46.79
46.79
46.78
46.79
46.8
46.7
46.77
46.77
46.79
46.75
46.74
46.72
46.7
46.67
46.69
46.68
46.7
46.69
46.65
46.62
46.7
46.62
46.62
46.68
46.65
46.59
46.62
46.62
46.64
46.65
46.64
46.69
46.68
46.71
46.7
46.72
46.72
46.71
46.81
46.81
46.8
46.75
46.76
46.77
46.77
46.75
46.76
46.71
46.81
46.8
46.84
46.83
46.84
46.76
46.82
46.83
46.83
46.85
46.81
46.82
46.78
46.79
46.82
46.79
46.8
46.78
46.79
46.78
46.75
46.73
46.79
46.68
46.71
46.71
46.66
46.67
46.66
46.62
46.65
46.67
46.66
46.7
46.69
46.69
46.67
46.7
46.67
46.69
46.7
46.7
46.68
46.71
46.7
46.66
46.65
46.7
46.73
46.71
46.74
46.73
46.75
46.7
46.72
46.74
46.69
46.7
46.67
46.67
46.66
46.67
46.65
46.64
46.66
46.64
46.66
46.63
46.62
46.66
46.62
46.66
46.64
46.66
46.65
46.68
46.7
46.69
46.71
46.71
46.74
46.73
46.72
46.72
46.72
46.72
46.72
46.74
46.71
46.72
46.69
46.69
46.69
46.68
46.68
46.68
46.67
46.69
46.69
46.7
46.67
46.66
46.63
46.7
46.59
46.69
46.67
46.53
46.66
46.5
46.5
46.5
46.47
46.47
46.49
46.44
46.43
46.43
46.45
46.45
46.37
46.4
46.39
46.42
46.43
46.44
46.45
46.44
46.43
46.46
46.44
46.46
46.49
46.49
46.47
46.46
46.43
46.45
46.49
46.47
46.49
46.53
46.53
46.58
46.56
46.57
46.59
46.58
46.56
46.54
46.53
46.56
46.58
46.6
46.59
46.58
46.56
46.58
46.58
46.61
46.61
46.62
46.61
46.62
46.61
46.52
46.53
46.56
46.53
46.52
46.59
46.54
46.51
46.51
46.54
46.47
46.45
46.46
46.54
46.54
46.48
46.53
46.56
46.6
46.57
46.6
46.48
46.63
46.71
46.75
46.72
46.69
46.74
46.64
46.68
46.67
46.61
46.61
46.7
47.05
47.24
47.39
47.48
47.47
47.53
47.6
46.97
47.53
47.42
47.56
47.65
47.62
47.41
47.67
47.64
47.69
47.83
47.81
47.83
47.82
47.85
47.85
47.81
47.83
47.81
47.83
47.82
47.81
47.76
47.79
47.79
47.79
47.88
47.87
47.87
47.81
47.76
47.77
47.82
47.83
47.8
47.78
47.82
47.79
47.76
47.79
47.79
47.77
47.73
47.7
47.68
47.64
47.68
47.71
47.69
47.73
47.72
47.7
47.76
47.74
47.73
47.73
47.76
47.73
47.71
47.75
47.67
47.7
47.65
47.66
47.66
47.73
47.73
47.72
47.71
47.73
47.7
47.71
47.7
47.7
47.68
47.68
47.7
47.69
47.68
47.7
47.73
47.71
47.64
47.6
47.58
47.57
47.59
47.63
47.58
47.58
47.58
47.54
47.52
47.48
47.39
47.48
47.49
47.41
47.43
47.43
47.39
47.48
47.41
47.49
47.47
47.46
47.5
47.5
47.5
47.51
47.48
47.47
47.48
47.5
47.47
47.49
47.5
47.55
47.54
47.5
47.48
47.49
47.49
47.49
47.47
47.45
47.48
47.45
47.49
47.45
47.44
47.47
47.49
47.48
47.49
47.5
47.45
47.4
47.44
47.45
47.48
47.44
47.42
47.42
47.42
47.41
47.37
47.33
47.46
47.25
47.27
47.27
47.21
47.21
47.22
47.24
47.25
47.24
47.24
47.25
47.21
47.2
47.17
47.17
47.19
47.17
47.17
47.17
47.18
47.2
47.19
47.19
47.2
47.17
47.17
47.17
47.17
47.19
47.22
47.21
47.22
47.25
47.26
47.24
47.22
47.21
47.2
47.19
47.23
47.24
47.23
47.23
47.23
47.23
47.25
47.26
47.26
47.25
47.26
47.24
47.08
47.04
46.99
46.98
46.95
46.89
46.91
46.94
46.86
46.83
46.83
46.91
46.9
46.88
46.87
46.85
46.8
46.79
46.74
46.76
46.77
46.79
46.8
46.8
46.72
46.81
46.53
46.83
46.44
46.45
46.48
46.54
46.56
46.54
46.49
46.66
46.48
46.54
46.54
46.51
46.43
46.45
46.47
46.47
46.44
46.51
46.42
46.26
46.31
46.37
46.3
46.36
46.39
46.33
46.36
46.36
46.33
46.36
46.33
46.39
46.39
46.42
46.44
46.41
46.32
46.47
46.31
46.3
46.44
46.43
46.41
46.48
46.52
46.49
46.5
46.46
46.43
46.45
46.47
46.47
46.42
46.37
46.37
46.49
46.39
46.39
46.4
46.13
46.15
46.2
46.21
46.22
46.2
46.14
46.13
46.09
46.08
46.14
46.15
46.19
46.34
46.19
46.2
46.35
46.34
46.32
46.34
46.4
46.4
46.37
46.39
46.36
46.34
46.24
46.28
46.33
46.42
46.41
46.41
46.41
46.43
46.48
46.48
46.32
46.28
46.45
46.48
46.4
46.4
46.44
46.38
46.4
46.36
46.37
46.3
46.31
46.43
46.33
46.34
46.3
45.98
46
45.96
45.95
45.97
45.97
45.95
45.99
45.99
45.95
45.91
45.9
45.92
45.93
45.93
45.95
45.92
45.93
45.91
45.96
45.95
45.89
45.91
45.95
45.96
45.96
45.94
45.94
45.93
45.89
45.92
45.94
45.92
45.93
45.94
45.9
45.9
45.9
45.93
45.9
45.89
46.04
46.03
46.03
46.01
46
46
46.03
46.04
46.01
46.03
46.01
46.01
46.08
46.06
46.01
46
45.97
45.96
45.97
45.95
45.97
45.98
46
45.98
46.02
45.97
45.94
45.94
45.96
45.92
45.89
45.88
45.85
45.97
45.89
45.92
45.91
45.91
45.9
45.89
45.89
45.92
45.88
45.87
45.98
45.95
45.91
45.94
45.91
45.92
45.95
45.99
45.97
45.95
45.94
45.98
45.97
46.02
45.95
45.97
45.94
46.03
46
45.94
45.92
45.95
45.94
45.94
45.84
45.86
45.88
45.85
45.85
45.85
45.85
45.89
45.88
45.9
45.94
45.82
45.83
45.83
45.84
45.81
45.82
45.88
45.83
45.85
45.84
45.83
45.82
45.82
45.84
45.81
45.79
45.81
45.79
45.8
45.8
45.79
45.8
45.81
45.79
45.76
45.72
45.7
45.7
45.7
45.78
45.68
45.71
45.78
45.75
45.74
45.72
45.71
45.69
45.71
45.71
45.74
45.78
45.77
45.79
45.83
45.84
45.82
45.81
45.77
45.73
45.73
45.71
45.7
45.8
45.72
45.79
45.86
45.89
45.94
45.97
45.94
45.9
45.88
45.88
45.97
45.96
46.01
46.02
46
45.99
45.98
45.91
45.96
45.91
45.95
45.94
45.94
45.94
45.94
45.91
45.93
45.93
45.93
45.92
45.85
45.91
45.9
45.82
45.83
45.79
45.82
45.85
45.78
45.86
45.93
45.92
45.98
45.94
45.94
45.94
45.96
45.89
45.92
45.85
45.86
45.93
45.93
45.91
45.97
45.98
46.02
45.95
46.05
46.12
46.06
46.01
46.03
46.05
45.99
46.01
45.99
45.97
46.03
46.07
46.05
45.99
45.92
45.9
45.87
45.92
45.88
45.94
45.92
45.93
45.97
45.94
45.99
45.99
45.96
45.95
45.99
45.99
45.98
45.95
45.93
45.9
45.89
45.96
45.95
45.98
45.85
45.78
45.79
45.71
45.75
45.61
45.68
45.65
45.61
45.58
45.57
45.6
45.54
45.63
45.7
45.69
45.75
45.69
45.69
45.7
45.68
45.65
45.73
45.65
45.74
45.69
45.71
45.81
45.72
45.7
45.63
45.67
45.8
45.84
45.86
45.83
45.87
45.85
45.87
45.93
45.88
45.94
45.9
45.92
45.88
45.88
45.93
45.99
46.01
45.97
45.96
45.98
45.91
45.96
45.94
45.97
45.94
45.88
45.84
45.85
45.89
45.9
45.96
45.96
45.98
45.92
45.9
45.78
45.81
45.79
45.8
45.75
45.81
45.85
45.87
45.83
45.81
45.81
45.8
45.72
45.74
45.79
45.66
45.7
45.67
45.62
45.6
45.6
45.59
45.6
45.61
45.61
45.6
45.66
45.67
45.58
45.61
45.58
45.57
45.58
45.62
45.53
45.56
45.61
45.62
45.63
45.65
45.65
45.65
45.63
45.58
45.61
45.57
45.62
45.64
45.62
45.62
45.63
45.63
45.65
45.66
45.69
45.63
45.65
45.63
45.65
45.7
45.72
45.72
45.81
45.81
45.72
45.72
45.72
45.68
45.65
45.64
45.63
45.69
45.62
45.7
45.7
45.69
45.68
45.69
45.65
45.62
45.63
45.69
45.67
45.67
45.56
45.57
45.55
45.59
45.63
45.64
45.59
45.58
45.51
45.57
45.47
45.51
45.52
45.51
45.49
45.51
45.58
45.51
45.58
45.45
45.58
45.48
45.6
45.6
45.67
45.72
45.74
45.76
45.7
45.64
45.66
45.69
45.68
45.73
45.77
45.83
45.79
45.77
45.8
45.76
45.79
45.78
45.75
45.72
45.8
45.72
45.65
45.62
45.68
45.65
45.66
45.65
45.59
45.56
45.65
45.58
45.62
45.53
45.56
45.53
45.54
45.55
45.61
45.56
45.58
45.65
45.65
45.62
45.62
45.6
45.56
45.53
45.5
45.5
45.63
45.51
45.51
45.47
45.49
45.54
45.57
45.57
45.5
45.53
45.54
45.54
45.55
45.61
45.64
45.63
45.58
45.62
45.54
45.58
45.63
45.59
45.63
45.59
45.62
45.58
45.56
45.56
45.58
45.63
45.62
45.6
45.66
45.72
45.58
45.61
45.58
45.61
45.62
45.61
45.63
45.65
45.63
45.61
45.61
45.61
45.65
45.58
45.56
45.58
45.6
45.62
45.59
45.66
45.6
45.59
45.55
45.56
45.57
45.58
45.54
45.57
45.58
45.58
45.56
45.56
45.6
45.63
45.71
45.72
45.72
45.73
45.7
45.76
45.82
45.84
45.85
45.79
45.78
45.78
45.75
45.84
45.83
45.7
45.73
45.76
45.71
45.75
45.67
45.63
45.67
45.62
45.6
45.6
45.57
45.52
45.5
45.5
45.65
45.46
45.49
45.55
45.55
45.51
45.47
45.5
45.51
45.52
45.55
45.48
45.46
45.48
45.53
45.53
45.59
45.55
45.46
45.58
45.65
45.62
45.65
45.56
45.47
45.48
45.44
45.54
45.45
45.54
45.56
45.46
45.43
45.41
45.48
45.55
45.45
45.53
45.47
45.46
45.54
45.51
45.52
45.49
45.6
45.58
45.6
45.65
45.59
45.6
45.63
45.63
45.61
45.59
45.57
45.58
45.63
45.6
45.63
45.61
45.64
45.63
45.71
45.62
45.6
45.57
45.63
45.65
45.66
45.65
45.73
45.79
45.83
45.62
45.81
45.79
45.8
45.81
45.84
45.84
45.84
45.75
45.78
45.79
45.75
45.77
45.78
45.79
45.75
45.78
45.88
45.89
45.94
45.89
45.9
45.92
45.84
45.93
45.83
45.78
45.76
45.76
45.79
45.88
45.78
45.77
45.77
45.75
45.75
45.8
45.83
45.83
45.82
45.84
45.85
45.84
45.76
45.81
45.84
45.83
45.74
45.72
45.72
45.74
45.76
45.75
45.74
45.81
45.82
45.81
45.83
45.82
45.76
45.8
45.78
45.78
45.79
45.78
45.79
45.81
45.8
45.77
45.78
45.77
45.79
45.74
45.75
45.76
45.75
45.76
45.74
45.77
45.8
45.76
45.81
45.82
45.83
45.85
45.86
45.88
45.9
45.92
45.92
45.93
45.94
45.95
45.97
45.97
45.95
45.98
46
46.06
46.1
46.12
46.06
46.05
46.06
46.06
45.97
46.02
46.02
46.01
46
46.02
45.96
45.95
46.07
45.97
46.01
46.1
46.01
46
45.96
46.06
45.92
45.94
45.92
45.93
45.96
45.96
45.92
45.94
45.86
45.85
45.88
45.84
45.86
45.82
45.83
45.85
45.88
45.88
45.88
45.89
45.93
45.93
45.95
45.9
45.92
45.93
45.97
45.91
45.92
45.94
45.95
45.95
45.89
45.93
45.95
45.97
45.97
45.98
45.97
46.02
45.97
45.96
45.98
45.97
45.95
46.01
46.01
46.01
45.99
45.99
45.96
45.99
45.98
45.99
45.99
45.97
45.99
45.9
45.91
45.91
45.9
45.89
45.88
45.87
45.87
45.85
45.88
45.88
45.88
45.89
45.86
45.88
45.9
45.91
45.87
45.88
45.92
45.9
45.9
45.9
45.87
45.85
45.87
45.84
45.84
45.87
45.88
45.87
45.87
45.84
45.88
45.89
45.89
45.91
45.9
45.89
45.91
45.9
45.91
45.91
45.89
45.85
45.87
45.87
45.88
45.93
45.88
45.89
45.89
45.96
45.94
45.92
45.92
45.92
45.95
45.93
45.94
45.91
45.96
45.95
45.95
45.96
45.95
45.99
46
45.99
45.94
45.97
45.99
45.98
45.99
46.01
46.03
46.07
46.12
46.12
46.11
46.11
46.14
46.13
46.17
46.16
46.18
46.21
46.19
46.24
46.23
46.23
46.22
46.24
46.24
46.25
46.25
46.22
