113.64
113.74
113.8
113.59
113.72
113.88
113.43
113.78
113.78
113.4
113.65
113.55
113.47
113.6
113.57
113.63
113.62
113.65
113.61
113.63
113.58
113.58
113.72
113.72
113.59
113.57
113.62
113.62
113.79
113.63
113.63
113.72
113.65
113.6
113.61
113.67
113.59
113.59
113.36
113.35
113.35
113.42
113.42
113.46
113.48
113.35
113.46
113.47
113.66
113.62
113.57
113.57
113.57
113.53
113.55
113.61
113.6
113.57
113.61
113.6
113.77
114.14
113.6
114.17
114.23
114.25
114.15
114.2
114.19
114.16
114.18
114.15
114.14
114.27
114.29
114.33
114.2
114.24
114.24
114.24
114.24
114.19
114.17
114.09
114.15
114.12
114.13
114.09
114.15
114.22
114.27
114.09
114.13
114.11
114.06
113.99
114
114.03
114
114.08
114.02
114
113.85
113.93
114.01
113.93
113.92
113.96
113.87
113.9
113.88
113.84
113.82
113.78
113.77
113.79
113.77
113.78
113.77
113.61
113.58
113.65
113.61
113.56
113.66
113.56
113.59
113.61
113.59
113.61
113.57
113.65
113.65
113.43
113.47
113.47
113.44
113.46
113.44
113.44
113.58
113.56
113.62
113.59
113.67
113.66
113.72
113.72
113.71
113.65
113.67
113.68
113.6
113.56
113.67
113.61
113.5
113.51
113.56
113.55
113.55
113.57
113.61
113.49
113.6
113.58
113.58
113.43
113.43
113.49
113.48
113.49
113.49
113.63
113.64
113.63
113.61
113.57
113.62
113.62
113.64
113.64
113.64
113.66
113.64
113.65
113.67
113.67
113.73
113.7
113.76
113.72
113.77
113.74
113.69
113.62
113.67
113.67
113.71
113.66
113.67
113.67
113.74
113.73
113.74
113.67
113.69
113.74
113.76
113.71
113.69
113.76
113.74
113.79
113.81
113.77
113.74
113.77
113.73
113.68
113.66
113.67
113.64
113.65
113.55
113.6
113.64
113.63
113.64
113.66
113.68
113.68
113.66
113.65
112.89
112.93
112.98
112.89
112.95
112.94
112.95
112.91
112.82
112.86
112.9
112.93
112.91
112.91
112.93
112.99
111.56
111.45
110.92
111.05
110.82
111.19
111.32
111.49
111.4
111.66
111.61
111.61
111.01
111.37
111.44
111.48
111.35
111.38
111.23
110.96
110.9
110.98
110.93
110.98
111.02
110.95
111.1
111.04
111.24
110.99
111.13
111.01
111.24
111.3
111.23
111.11
111.04
111.09
111.14
111.07
111.06
111.06
111.04
111
110.98
110.9
110.95
110.7
110.6
110.75
110.6
110.44
110.42
110.44
110.42
110.35
110.17
110.18
110.33
109.77
110
109.95
109.97
109.98
110.02
110.04
109.91
109.84
110.04
110.01
110.01
110.07
110.12
110.16
110.11
110.08
110.19
110.11
110.13
110.13
110.18
110.15
110.33
110.34
110.19
110.19
110.47
110.36
110.51
110.36
110.33
110.39
110.43
110.45
110.45
110.46
110.38
110.34
110.34
110.4
110.13
110.26
110.38
110.62
110.71
110.76
110.48
110.74
110.68
110.51
110.82
110.77
110.73
110.68
110.66
110.7
110.78
110.76
110.75
110.89
110.91
110.89
110.8
110.85
110.78
110.79
110.78
110.68
110.6
110.82
110.82
110.53
110.51
110.55
110.53
110.47
110.54
110.55
110.49
110.46
110.53
110.47
110.4
110.4
110.53
110.56
110.71
110.74
110.68
110.8
110.83
110.83
110.9
110.68
111.08
111.13
111.08
110.83
111.18
111.11
111.23
111.3
111.34
111.34
111.17
111.18
111.29
111.33
111.31
111.34
111.23
111.32
111.26
111.26
111.26
111.27
111.18
111.18
111.19
111.14
111.17
111.16
111.29
111.36
111.28
111.21
111.44
111.38
111.39
111.33
111.25
111.28
111.32
111.32
111.38
111.4
111.45
111.44
111.43
111.42
111.45
111.45
111.44
111.37
111.39
111.39
111.37
111.37
111.39
111.48
111.61
111.51
111.53
111.42
111.61
111.5
111.39
111.43
111.38
111.38
111.19
111.21
111.22
110.98
110.89
110.83
110.76
110.79
110.85
110.85
110.8
110.82
110.86
110.94
110.94
110.92
111.05
111.02
111.1
111.15
111.01
111.08
111.13
111.17
111.13
111.11
111.22
111.12
111.29
111.24
111.21
111.23
111.29
111.12
111.38
111.1
111.1
111.09
111.11
111.09
111
110.89
110.42
110.42
110.5
110.49
110.4
110.4
110.52
110.36
110.32
110.39
110.28
110.38
110.23
110.11
109.86
110.3
109.53
109.71
109.3
117.28
117.18
117.6
117.32
117.56
117.5
117.48
117.72
117.94
117.82
117.71
117.64
117.49
117.53
117.46
117.26
117.96
117.25
117.25
117.33
117.43
117.42
117.52
117.52
117.65
117.71
117.63
117.73
117.64
117.71
117.7
117.61
117.72
117.72
117.64
117.82
117.89
117.96
118.09
118
117.96
117.83
117.89
117.89
117.75
117.9
117.8
117.76
117.72
117.62
117.56
117.49
117.44
117.4
117.38
117.19
117.31
117.2
117.02
116.75
116.78
116.94
116.94
117.25
116.99
117.28
116.73
116.77
116.97
116.92
116.87
116.66
116.73
116.78
116.25
116.19
116.4
116.42
116.42
116.49
116.58
116.45
116.49
116.35
116.39
116.4
116.24
116.03
115.91
115.87
115.55
115.79
115.83
115.8
116.02
116.01
115.55
116.15
115.73
116.07
116.09
116.07
116.18
116.38
116.3
116.37
116.34
116.32
116.39
116.42
116.24
116.28
116.38
116.26
116.36
116.29
116.39
116.53
116.63
116.7
116.68
116.85
116.9
116.91
116.81
116.68
116.71
116.63
116.69
116.72
116.93
116.56
116.74
116.69
116.89
116.91
116.77
117
117
117.04
117.02
116.92
116.95
116.92
116.95
116.96
116.99
117
117.03
116.95
117.04
117.09
117.2
117.18
117.07
117.14
117.18
117.09
117.08
117.28
117.4
117.37
117.39
117.39
117.44
117.59
117.5
117.59
117.65
117.66
117.49
117.49
117.43
117.46
117.48
117.51
117.58
117.56
117.59
117.57
117.56
117.53
117.56
117.63
117.65
117.65
117.65
117.67
117.61
117.55
117.47
117.37
117.46
117.5
117.44
117.37
117.44
117.45
117.54
117.5
117.54
117.5
117.52
117.37
117.37
117.33
117.35
117.48
117.51
117.47
117.45
117.46
117.44
117.47
117.5
117.49
117.47
117.45
117.38
117.43
117.46
117.48
117.47
117.42
117.47
117.5
117.45
117.48
117.48
117.49
117.46
117.49
117.61
117.57
117.26
117.46
117.43
116.82
116.77
116.85
117.14
116.86
117.2
116.91
117.18
116.7
117.24
117.28
117.25
117.13
116.85
116.93
117.09
116.89
116.76
116.8
116.8
116.76
116.6
116.62
116.65
116.76
116.82
116.9
116.9
116.88
117.11
117.24
117.24
117.3
117.17
117.21
117.26
117.09
117.08
117.04
117.01
116.78
116.93
117.19
116.73
116.47
116.34
116.02
116.29
116.37
116.12
116.06
116.08
115.91
115.72
115.4
115.72
115.82
115.57
115.65
115.94
115.79
115.88
115.85
115.77
115.7
116.04
116.17
116.17
116.18
116.12
116.12
116.08
115.72
115.85
115.75
115.63
115.97
115.82
115.77
115.73
116.1
115.86
115.85
116.01
116.32
116.37
116.52
115.84
116.63
116.9
116.94
116.87
116.94
116.97
116.07
117.2
117.28
117.17
117.04
117.27
116.4
117.05
116.78
116.99
117.22
116.4
116.88
116.93
116.4
117.21
116.02
117.16
117.28
116.82
117.15
117
117.09
117.09
116.4
117.16
117.24
117.22
117.05
117.17
117.01
116.96
116.82
116.6
116.84
116.93
116.63
116.66
117.06
116.67
117.09
116.64
116.54
116.42
116.07
116.64
116.6
116.29
116.52
116.66
116.64
116.84
116.97
116.82
116.89
116.4
116.89
116.91
116.81
116.81
117.15
117.1
117.18
117.21
117.21
116.4
116.95
117.06
116.99
117.03
117.01
117.01
117.15
117
116.95
117.17
117.14
116.84
116.89
116.95
117.01
116.95
116.92
116.91
117.01
116.87
116.89
116.95
116.95
116.8
116.7
116.95
116.7
116.02
116.7
116.89
116.02
117.04
117.07
117.12
116.02
117.24
117.3
117.26
117.24
117.22
117.38
116.4
117.32
117.44
117.35
117.37
117.38
117.43
117.36
117.33
117.36
117.35
117.36
117.39
117.47
117.47
117.25
116.02
117.29
117.26
116.02
117.29
116.82
117.28
117.77
117.63
117.6
117.9
117.94
117.93
116.82
118.05
118.1
118.1
118.08
118.03
118.01
117.99
118.01
118.02
118.01
118.05
116.82
118.06
118.06
116.4
117.97
116.4
118.17
118.22
116.82
118.38
118.41
118.34
118.27
118.46
118.34
118.49
118.54
116.82
118.73
118.83
118.78
117.01
118.73
118.64
118.66
118.7
118.7
117.01
118.58
118.54
116.4
118.53
116.82
118.37
118.39
118.68
118.71
118.71
118.93
118.79
118.95
119.01
118.9
118.84
118.87
118.91
118.95
118.77
118.81
118.81
118.81
118.81
118.85
119.05
118.91
119.01
118.99
118.97
116.95
119.1
119.1
119.08
119.09
119.09
119.09
118.78
118.78
118.78
119.15
116.95
119.01
118.97
119.33
119.25
119.34
119.5
119.41
118.22
118.23
119.78
119.95
120
119.94
119.9
119.83
119.83
119.78
119.93
119.85
119.94
120
119.81
119.79
119.57
119.65
119.66
119.8
119.81
119.77
119.9
119.86
119.74
119.79
119.79
119.83
119.65
119.62
119.52
119.86
119.33
119.29
119.15
119.27
119.76
119.61
119.28
119.04
119.16
118.97
118.88
119.16
119.03
119.9
119.9
119.13
119.07
119.25
119.07
119.04
119.09
118.86
119.08
119.11
119.06
119.02
119.1
119.05
119.35
119.28
119.32
119.33
119.12
119.44
119.09
119.4
119.37
119.37
119.28
119.3
119.28
119.07
119.31
119.29
119.21
119.28
119.22
119.14
119.18
119.33
119.1
119.26
119.01
119.14
119.03
119.03
119.03
119.03
118.89
118.89
118.94
119
118.95
118.91
119.01
119
119.18
119.3
119.27
119.35
119.19
119.24
119.9
119.34
119.21
119.21
119.23
119.18
119.29
119.08
119.06
119.08
119.02
119.08
119.09
119.05
119.03
119.02
119.9
119.04
119.03
118.83
118.99
119.07
119.03
119.14
119.19
119.22
119.35
119.35
119.39
119.39
119.36
119.28
119.35
119.37
119.41
119.44
119.29
119.51
119.59
119.59
119.58
119.54
119.59
119.51
119.51
119.49
119.5
119.48
119.43
119.42
119.41
119.47
119.9
119.43
119.25
119.38
119.32
119.36
119.27
119.32
119.37
119.44
119.43
119.4
119.45
119.48
119.33
119.42
119.45
119.41
119.35
119.41
119.52
119.51
119.46
119.43
119.41
119.42
119.39
119.31
119.31
119.4
119.29
119.9
119.15
119.23
119.24
119.29
119.31
119.27
119.27
119.9
119.19
119.19
119.18
119.25
119.24
119.24
119.21
119.22
119.22
119.21
119.22
119.18
119.17
118.94
119.07
119.06
119.05
119.18
119.2
119.2
119.24
118.97
119.01
119.23
119.15
119.1
119.14
119.16
119.21
119.23
119.19
119.21
119.07
119.07
119.05
118.88
118.84
118.97
119.01
119.04
119.21
119.29
119.3
119.28
119.36
119.53
119.6
119.49
119.53
119.36
119.31
119.32
119.43
119.34
119.28
119.32
119.07
119.03
118.96
118.93
118.98
119.07
118.99
118.92
118.98
118.62
118.52
118.5
118.88
118.63
118.15
117.79
117.97
118.33
117.97
117.86
118.17
118
118.06
117.89
117.65
117.74
117.55
117.55
117.59
117.74
117.6
117.14
116.85
117.29
117.57
117.37
117.34
117.32
117.12
117.32
117.07
