105
104.84
104.7
104.78
104.69
104.32
104.45
104.33
104.08
103.9
105.07
104
104.13
104.05
104.1
104.12
104.18
104.18
104.4
104.34
104.32
104.32
104.19
104
104.03
104.02
103.94
103.99
104.01
104.12
103.99
104.01
103.93
103.92
103.81
103.79
103.92
103.79
103.72
103.72
103.75
103.76
103.96
103.93
103.94
103.92
103.91
103.9
103.96
103.96
103.98
103.97
103.97
103.94
103.99
103.94
103.89
103.87
103.92
103.93
103.93
103.95
103.92
103.9
103.92
103.92
103.92
103.89
103.83
103.86
103.77
103.77
103.87
103.86
103.88
103.9
103.83
103.77
103.76
103.73
103.68
103.59
103.57
103.54
103.53
103.63
103.6
103.46
103.75
103.81
103.54
103.78
103.76
103.75
103.71
103.68
103.68
103.68
103.66
103.67
103.66
103.68
103.67
103.61
103.58
103.58
103.53
103.54
103.67
103.59
103.66
103.68
103.79
103.76
103.79
103.77
103.88
103.87
103.85
103.77
103.78
103.93
103.77
103.72
103.72
103.74
103.75
103.76
103.67
103.74
103.76
103.79
103.79
103.85
103.84
103.82
103.75
103.78
103.8
103.83
103.89
103.85
103.84
103.97
103.87
103.85
103.85
103.94
103.95
103.81
103.81
103.81
103.81
103.7
103.68
103.68
103.61
103.61
103.6
103.61
103.64
103.68
103.66
103.72
103.64
103.64
103.66
103.69
103.69
103.69
103.72
103.8
103.88
103.75
103.8
103.67
103.64
103.81
103.83
103.81
103.86
103.86
103.88
103.83
103.81
103.84
103.83
103.86
103.88
103.95
103.96
103.95
103.94
103.99
103.96
103.82
103.85
103.84
104
103.98
104
103.97
103.97
103.99
103.97
103.95
104.15
103.99
104.15
104.11
104.06
104.04
104.04
104
104
104.06
104.07
104.09
104.11
104.13
104.12
104.1
104.02
104
103.96
104.04
103.99
104.01
104.02
103.98
103.97
103.98
104.02
104
103.86
103.89
103.85
103.82
103.85
103.86
103.89
103.89
103.86
103.79
103.8
103.77
103.75
103.75
103.75
103.8
101.71
101.77
101.72
101.91
102.08
101.89
101.96
101.96
101.87
101.77
101.76
101.76
101.01
101.36
101.38
101.55
101.58
101.64
101.6
101.56
101.56
101.65
101.6
101.87
101.9
101.95
101.91
101.77
101.85
101.73
101.8
101.88
101.56
102.05
101.99
101.84
101.78
102.24
102.15
102.05
102.27
102.06
102.15
102
102.02
101.85
101.96
101.85
101.86
101.92
101.83
101.45
101.5
101.48
101.53
101.47
101.27
101.35
101.12
100.93
100.82
100.66
100.85
100.76
100.97
101.14
101.06
100.95
101.08
101.17
101.17
101.39
101.39
101.4
101.43
101.43
101.45
101.38
101.41
101.41
101.57
101.56
101.61
101.43
101.67
101.67
101.62
101.64
101.63
101.68
101.66
101.7
101.68
101.64
101.74
101.73
101.7
101.82
101.91
101.81
101.69
101.8
101.85
102.03
102.11
102.2
102.21
102.28
102.31
102.28
102.32
102.17
102.04
102.04
102.2
102.01
101.93
102.04
102.01
101.95
101.99
102.1
102.04
102.09
102.08
102.03
101.99
101.85
101.77
102.01
102.01
101.66
101.66
101.72
101.75
101.73
101.79
101.68
101.72
101.7
101.7
101.75
101.79
101.79
101.79
101.78
101.73
101.81
101.92
101.95
101.99
101.95
101.88
101.94
102
102.01
102.1
102.17
102.18
102.31
102.25
102.26
102.17
102.25
102.28
102.22
102.24
102.24
102.23
102.23
102.12
102.12
102.28
102.28
102.1
102.19
102.2
102.26
102.38
102.5
102.5
102.51
102.52
102.49
102.39
102.44
102.5
102.32
102.38
102.47
102.44
102.49
102.5
102.51
102.55
102.56
102.6
102.61
102.57
102.68
102.68
102.61
102.58
102.65
102.64
102.64
102.56
102.6
102.57
102.6
102.52
102.42
102.58
102.44
102.5
102.48
102.48
102.35
102.27
102.22
102.2
102.2
102.29
102.23
102.3
102.17
102.21
102.43
102.5
102.35
102.47
102.4
102.51
102.53
102.53
102.78
102.61
102.77
102.65
102.84
102.86
102.84
102.72
102.73
102.73
102.74
102.81
102.63
102.57
102.68
102.81
102.79
102.76
102.76
102.72
102.84
102.75
102.79
102.78
103.05
103.02
103.17
103.08
103.15
103.26
103.35
103.35
103.35
103.29
103.02
102.91
102.97
102.85
102.83
102.95
102.97
103.02
102.87
102.87
103
102.88
100.64
100.11
101
101.42
101.34
101.24
101
101
100.53
100.51
100.48
100.63
100.64
100.51
100.67
100.33
100.04
100.09
100.02
100.16
100.13
100.1
100.29
100.15
100.15
99.94
100.08
99.99
99.87
100.14
100
99.89
99.86
99.84
99.95
100
99.96
100
99.96
100.04
100.01
100.2
100.07
99.96
99.64
99.86
99.89
100.02
100.02
99.78
99.9
99.79
99.8
99.75
99.76
99.4
99.47
99.57
99.63
99.52
99.26
99.49
99.44
99.39
99.51
99.58
99.64
99.7
99.68
99.64
99.6
99.59
99.6
99.56
99.48
99.59
99.52
99.58
99.65
99.57
99.82
99.68
99.59
99.43
99.53
99.49
99.5
99.21
99.08
99
99.04
98.95
99.09
98.91
98.93
98.82
98.91
98.92
98.94
98.86
98.85
98.77
98.7
98.78
98.83
98.83
99
98.75
98.93
98.93
98.74
99.07
98.82
98.76
98.71
98.63
98.56
98.73
98.72
98.79
98.81
98.78
98.81
98.77
98.68
98.66
98.67
98.74
98.74
98.85
98.8
98.78
98.72
98.69
98.77
98.68
98.8
98.77
98.69
98.7
98.71
98.69
98.73
98.79
98.79
98.72
98.78
98.74
98.77
98.77
98.79
98.79
98.78
98.79
98.77
98.79
99.14
99.16
99.15
99.18
99.36
99.29
99.29
99.44
99.53
99.58
99.72
99.73
99.73
99.77
99.71
99.78
99.73
99.63
99.71
99.81
99.87
99.97
99.96
99.94
100.08
100.05
100.03
99.98
99.91
99.8
99.83
99.92
99.81
99.84
99.78
99.92
99.99
99.99
100.1
100.13
100.36
100.32
100.41
100.32
100.36
100.39
100.44
100.54
100.52
100.38
100.47
100.48
100.53
100.55
100.52
100.3
100.27
100.23
100.16
100.06
100.07
100.03
99.92
100.08
100.08
100.08
100.01
99.96
99.97
100
99.98
100.03
99.96
99.97
100.03
100.28
100
99.96
100
99.9
99.95
99.62
99.61
99.77
99.62
99.69
99.66
99.65
99.63
99.62
99.67
99.64
99.73
99.61
99.65
99.72
99.72
99.61
99.53
99.46
99.27
99.25
99.25
99.2
99.31
99.22
99.14
99.15
99.16
99.34
99.33
99.31
99.24
99.51
99.4
99.43
99.4
99.07
98.89
98.84
98.76
98.95
98.99
98.8
98.85
98.33
98.06
98.01
98.33
98.33
98.21
98.13
97.95
97.96
97.97
97.97
98.18
98.09
97.93
98.03
97.95
98.39
98.48
98.55
98.61
98.18
90.49
89.07
89.35
89.38
89.51
89.03
88.88
88.38
88.5
88.22
88.54
88.57
88.21
88.21
88.32
88.5
87.78
87.5
88.25
87.85
87.97
88.21
87.86
87.64
87.99
88.38
88.18
87.99
88.5
88.7
87.78
87.99
89.5
88.38
89.11
88.97
88.04
88.06
87.98
88.7
88.86
88.9
88.84
88.88
88.8
87.78
88.57
88.72
87.81
88.9
88.85
88.74
88.78
88.83
87.81
89.22
88.38
87.78
89.2
88.91
89.19
88.21
88.75
88.38
89.1
88.56
87.78
88.34
88.39
88.26
88
88.01
87.96
88.11
87.96
88.24
88.38
88.26
88.25
88.1
88.63
88.23
88.69
88.75
88.55
88.21
88.52
88.41
88.4
88.84
88.86
88.38
88.5
88.58
88.21
88.21
88.5
88.44
88.57
88.38
88.74
88.67
88.65
88.51
88.6
88.64
88.5
88.7
88.55
88.42
88.45
87.81
88.4
88.37
88.38
88.37
88.54
88.54
88.6
87.99
88.74
88.78
88.75
88.81
88.89
89.04
89.12
89.27
89.38
89.35
89.4
89.33
89.32
89.1
88.94
89.08
89.06
89.14
89.05
89.13
87.81
87.81
88.21
89.21
89.66
89.76
89.77
89.8
89.83
89.7
89.71
89.18
89.24
89.35
89.38
89.23
89.22
89.25
89.25
89.48
88.75
89.47
89.5
89.5
89.53
88.21
89.65
89.53
89.53
87.99
89.53
89.57
89.64
89.51
88.75
89.5
89.61
87.81
89.67
89.74
89.5
89.38
89.43
89.5
89.18
87.81
89.29
89.28
89.2
88.21
89.39
89.33
89.43
89.34
89.39
89.34
88.21
89.71
89.77
89.72
89.74
89.86
89.87
89.88
89.97
89.99
87.99
89.97
89.65
89.57
89.65
89.63
89.88
89.91
90
88.75
90.18
87.81
90.23
90.07
90.04
90.02
90.04
89.82
90
90.01
90
89.83
89.71
89.65
89.63
89.68
89.72
89.67
87.81
89.64
89.89
89.89
90.11
87.81
87.81
87.81
90.02
89.99
89.99
87.99
89.93
89.03
88.96
88.76
88.4
88.36
88.37
88.58
88.65
88.73
88.71
88.73
88.75
88.49
88.4
88.51
88.72
89.01
88.67
89.2
89.51
89.47
88.89
89.26
89.26
89.41
89.15
89.37
89.42
89.27
89.37
89.73
89.39
89.09
89.06
89
88.85
88.9
89.02
89.73
89.23
89.2
89.35
89.42
89.28
89.37
89.29
89.27
89.25
89.33
89.18
89.21
89.26
89.27
89.5
89.23
89.16
89.24
89.1
89.14
89.08
89.02
89.04
89.03
89.08
89.05
89.5
89.08
89.04
89.13
89.04
89.12
89.24
89.22
89.07
89.29
89.24
89.24
89.43
89.44
89.45
89.48
89.39
89.46
89.44
89.48
89.81
89.88
89.87
90.29
90.2
90.5
89.45
90.54
90.56
90.62
90.58
90.56
90.69
90.74
90.87
90.97
91
91
90.74
90.67
90.7
91.13
91.17
91.42
91.79
90.76
91.96
91.96
91.54
91.53
89.5
89.5
91.22
91.16
91.01
91.23
91.31
91.32
91.36
91.3
91.42
91.45
91.18
91.16
91.3
91.2
91.3
91
91.06
91.06
91.42
91.37
91.52
91.52
91
91.06
90.99
90.83
91.02
91.1
91.23
91.18
91.15
91.13
91.1
91.14
91.25
91.11
91.1
91.13
91.14
91.1
91.11
91.12
91.15
91.13
91.14
91.14
91.2
91.1
91.11
91.16
91.12
91.12
91.13
91.14
91.14
91.18
91.12
91.14
91.17
90.91
90.93
90.98
91.14
89.5
91.06
90.99
91.01
91
91
90.98
90.76
90.83
90.75
90.72
90.75
90.59
90.6
90.61
90.52
90.35
90.73
90.73
90.48
90.55
90.5
90.54
90.54
90.62
90.77
90.78
90.61
90.54
90.38
90.41
90.4
90.39
90.38
90.29
90.15
90.17
90.16
90.25
90.26
90.13
90.19
90.17
90.21
90.06
90.01
89.94
90.24
89.87
89.99
89.93
89.93
89.9
89.91
89.94
89.87
89.84
89.93
89.96
90
90
89.98
90
89.98
90.01
90.01
90.02
90.01
90.06
90.02
90.04
90.04
90.02
90.01
90.01
89.96
90.03
90.04
90.03
89.97
89.99
89.81
89.88
89.83
89.81
89.94
89.9
89.97
89.87
89.76
89.94
89.55
89.48
89.19
89.14
89.4
89.3
89.36
89.19
89.09
89.1
89.11
89.06
89.06
89.12
89.08
89.11
89.18
89.24
89.18
89.24
89.06
88.99
89.01
88.96
89.01
89.23
89.22
89.12
89.07
