223900
223900
223900
223900
223900
223900
223900
222800
222800
222800
222640
222640
222640
222760.02
222760.02
222760.02
222760.02
222760.02
222760.02
222760.02
222784.95
222784.95
222540
222540
222461.52
222461.52
222461.52
222461.52
222461.52
222461.52
222461.52
222461.52
222461.52
222461.52
222461.52
222461.52
222461.52
222461.52
222461.52
222461.52
222461.52
222461.52
222461.52
222461.52
222461.52
222461.52
222461.52
222461.52
222461.52
222461.52
222461.52
222461.52
222461.52
222446.52
222431.52
222431.52
222431.52
222431.52
222431.52
223300.98
223300.98
223300.98
223300.98
223300.98
223300.98
223500
223500
223500
223500
223500
223500
223500
223500
223500
223500
223500
223500
223500
223500
223500
223500
223500
223500
223500
223500
223490
223505
223505
223505
223505
223505
223384.45
223384.45
223384.45
223384.45
223384.45
223384.45
223384.45
223384.45
223384.45
223384.45
223017.19
223017.19
223017.19
223017.19
223017.19
223017.19
223017.19
223017.19
223017.19
223017.19
223017.19
223483.06
223483.06
223483.06
223483.06
223483.06
223483.06
223483.06
223483.06
223483.06
223483.06
223483.06
223483.06
223483.06
223483.06
223483.06
223483.06
223483.06
223483.06
223483.06
223483.06
223483.06
223483.06
223483.06
223483.06
223669
223669
223669
223669
223669
223669
223669
223669
223669
223669
223525
223525
223525
223525
223525
223525
223525
223682
223682
223682
223682
223682
223682
223682
223682
223682
223682
223682
223682
223682
223682
223682
223682
223682
223682
223682
223682
223901
223901
223901
223901
223901
223901
223901
223901
223951
223951
223951
223951
223951
223951
223951
223951
224300
224300
224300
224300
224300
224300
224300
224300
224300
224300
224300
224300
224300
224300
224300
224300
224199.98
224199.98
224199.98
224199.98
224199.98
224199.98
224199.98
224199.98
224029.23
224029.23
224029.23
224029.23
224021.69
224021.69
224021.69
224021.69
224021.69
224021.69
224021.69
224021.69
224021.69
224021.69
224021.69
224021.69
224021.69
224021.69
224021.69
224021.69
224021.69
224171.72
224171.72
224171.72
224171.72
224171.72
224171.72
224171.72
224171.72
224171.72
224171.72
224171.72
224171.72
224171.72
224184.41
224184.41
224184.41
224334
224334
224334
224334
224334
224334
224334
224334
224334
224334
224334
224334
222475.95
222475.95
222475.95
222475.95
222475.95
222475.95
222475.95
222475.95
222475.95
222475.95
222475.95
222475.95
222475.95
222475.95
222475.95
222378
222378
222378
222378
222933.98
222933.98
222933.98
222933.98
222933.98
222699.98
222699.98
222699.98
222699.98
222699.98
222699.98
222699.98
222699.98
222500
222500
222500
222500
222500
222500
222500
222500
221900
221997.98
221997.98
221997.98
221900
221900
221900
221900
221900
221900
221900
221900
221732.05
221732.05
221732.05
221732.05
221732.05
221732.05
221732.05
221732.05
221732.05
221732.05
221732.05
221899.95
221899.95
221899.95
221899.95
221899.95
221899.95
221899.95
221899.95
221899.95
221899.95
221899.95
221899.95
221899.95
221958.5
221958.5
221958.5
221958.5
221958.5
221958.5
221958.5
221958.5
221958.5
221958.5
221958.5
221958.5
221958.5
221958.5
221958.5
221958.5
221958.5
221958.5
221958.5
221958.5
221958.5
221800
221800
221765.98
221765.98
221765.98
221765.98
221765.98
221765.98
221765.98
221765.98
221765.98
221765.98
221765.98
221765.98
221765.98
221765.98
221765.98
221739.95
221739.95
221739.95
221739.95
221739.95
221739.95
221739.95
221739.95
221739.95
221594.98
221594.98
221594.98
221594.98
221594.98
221594.98
221594.98
221594.98
221594.98
221594.98
221570.02
221570.02
221570.02
221721.02
221721.02
221948.98
221948.98
221954.38
221954.38
221954.38
222027.02
222027.02
222329.34
222344.38
222344.38
222344.38
222344.38
222344.38
222340
222340
222340
222340
222340
222340
222604.95
222604.95
222604.95
222604.95
222604.95
222604.95
222604.95
222604.95
222900
222949.98
222949.98
222949.98
222949.98
222949.98
222949.98
222949.98
222949.98
222949.98
222949.98
222949.98
222768
222768
222768
222768
222768
222768
222768
222768
222768
222768
222768
222995.05
222995.05
222995.05
222995.05
222995.05
222995.05
223154
223154
223154
223154
223154
223154
223154
223154
222810.06
222810.06
222810.06
222810.06
222810.06
222810.06
222810.06
222810.06
222557.95
222557.95
222557.95
222557.95
222579.94
222639.97
222639.97
222639.97
222639.97
222639.97
222614.78
222614.78
222614.78
222614.78
223000.02
223000.02
223000.02
223150
223150
223150
223150
223150
223150
223150
223150
223150
223150
223150
223150
222888.41
222888.41
222888.41
222999.98
222810
222810
222780
222279.98
222279.98
222279.98
222279.98
222395
222395
222365
222395
222395
222395
221831.98
221831.98
221831.98
221831.98
221831.98
221831.98
221831.98
221831.98
221741.11
221741.11
221741.11
221849.95
221849.95
222095.47
222095.47
222095.47
222095.47
222330.06
222330.06
222330.06
222857.19
222857.19
222857.19
222857.19
222857.19
222990
222990
222990
223000.03
223000.03
223000.03
223000.03
223000.03
223000.03
223000.03
223000.03
223000.03
223063.02
223063.02
223063.02
223063.02
223063.02
223063.02
223063.02
223063.02
223063.02
223063.02
223063.02
223063.02
223063.02
223063.02
223063.02
223046.88
223046.88
222920
222825
222825
222960
222960
222960
222900
222671.88
222671.88
222671.88
222671.88
222671.88
222671.88
222625.52
222679
222679
222593
222593
222446
222446
222446
222446
222446
222446
222446
222161
222161
222161
221600
221524.98
221276.06
221276.06
221276.06
221276.06
221276.06
221276.06
221276.06
221276.06
221276.06
221276.06
221276.06
221276.06
221276.06
221276.06
221300
221300
221300
221300
221300
221300
220880
220880
220880
220880
220880
220880
220880
220880
220880
220880
220880
220880
220880
220880
220880
221040
221040
221040
221049.28
220992
221060
221060
221762.88
221762.88
221762.88
221762.88
221762.88
221762.88
221762.88
221762.88
221762.88
221762.88
221762.88
221762.88
221762.88
221762.88
221762.88
221762.88
221762.88
221762.88
221762.88
221762.88
221777.88
221777.88
221871
221871
221940
221940
221940
221940
221777
221777
221959.98
221789
221789
221789
221789
221789
221789
221789
221789
221789
221789
221789
221789
221789
221789
221789
221789
221789
221789
221789
221789
221642.88
221642.88
221642.88
221642.88
221642.88
221642.88
221642.88
221642.88
221642.88
221642.88
221720.02
221720.02
221720.02
221720.02
221720.02
221720.02
221720.02
221720.02
221720.02
221720.02
221720.02
221720.02
221720.02
221720.02
221720.02
221743
221743
221743
221817.88
221817.88
221607.97
221441
221441
221259.02
221259.02
221306.06
221306.06
221306.06
221306.06
221306.06
221306.06
221306.06
221306.06
221306.06
221306.06
221306.06
221306.06
221306.06
221306.06
221306.06
221306.06
221306.06
221265.88
221155
221155
221155
221155
221155
221155
221155
221155
221155
221155
221155
221155
221155
220999.98
220999.98
220999.98
221351.98
221351.98
220860
220760.02
220497
220497
220497
220497
220497
220655
220655
220655
220698.95
220698.95
220698.95
220698.95
220698.95
220698.95
220698.95
220698.95
220698.95
220698.95
220698.95
220698.95
220698.95
220698.95
220000
220000
220000
220000
220000
220000
220000
220000
220000
220000
220010
220010
220010
220060
220060
220060
220420
220400
220400
220400
220400
220400
219959.97
219959.97
219959.97
219959.97
219959.97
219959.97
219668.98
219668.98
219668.98
219174.98
219000.02
219000.02
219000.02
218200.02
218200.02
218250.02
218250.02
218000
218091.06
218091.06
218091.06
218480
218480
218480
217516
217700
217700
217040
217040
217040
217040
217219.94
217219.94
217219.94
217219.94
217219.94
217219.94
216979
216979
216979
216979
216979
216979
217659.95
217659.95
217659.95
217659.95
217659.95
217659.95
217659.95
217659.95
218044.95
218044.95
218044.95
218044.95
218044.95
218044.95
218044.95
218044.95
218044.95
218044.95
218044.95
218044.95
218044.95
217583.23
217583.23
217583.23
217718.27
217718.27
217718.27
217718.27
217623.02
217623.02
217623.02
217623.02
217623.02
217623.02
217659.95
217623.02
217623.02
217623.02
217623.02
217623.02
217219.94
217500
217500
217500
217340
217340
217340
217659.95
216772
216680.03
217219.94
216979
216680.03
217138.28
217138.28
217138.28
217138.28
217138.28
217138.28
217138.28
217138.28
217623.02
217138.28
217138.28
217138.28
217659.95
217659.95
216340
216340
217659.95
216340
216340
216340
217280.05
216979
217303.27
217303.27
216979
217623.02
217303.27
217303.27
217303.27
217303.27
217303.27
217303.27
217303.27
217303.27
217303.27
217659.95
217303.27
217303.27
217303.27
217303.27
217303.27
217339
217339
217408.28
217043
217623.02
217031
217155
217659.95
217286
217286
217320
217433
217433
217433
217433
217659.95
217433
217433
217433
217609.2
217219.94
217865
217219.94
217865
217766
217766
218000
218000
218000
218000
218677.25
217219.94
218677.25
218677.25
218677.25
218013
218013
217219.94
218013
217623.02
218013
218013
218013
218040
218040
218040
218099.2
218099.2
216979
218099.2
218099.2
218099.2
218099.2
218675
218675
217659.95
217623.02
218675
218675
218675
218675
217659.95
217659.95
217659.95
218999.97
218999.97
218999.97
218803.78
218803.78
218803.78
218803.78
219220.02
219420
219420
219420
217623.02
219420
217219.94
219420
219899.98
217659.95
219899.98
216979
219899.98
217659.95
219899.98
219657.02
219657.02
219657.02
219657.02
219280.2
219366.98
217659.95
219366.98
219366.98
219366.98
219366.98
219366.98
219366.98
219366.98
219366.98
219366.98
219366.98
217659.95
219366.98
219366.98
217623.02
219200
219200
219200
219200
219200
219200
219681
217219.94
217623.02
219681
219681
217659.95
217219.94
217659.95
217659.95
217659.95
220096.2
220096.2
220096.2
220000
220000
220000
220000
217659.95
219900
219900
219900
219900
219900
219900
219900
219900
219900
219900
217520
218260
218260
218260
218260
218000
218000
218000
218000
218000
218000
218000
218000
218000
218000
218000
218000
218000
217340
217340
217340
217340
217349.98
217349.98
217349.98
217349.98
217349.98
217349.98
217340
217349.98
216999.98
216999.98
216999.98
216999.98
216500
216500
216500
216500
216500
216500
216500
216500
216500
216500
216500
216500
216300
216300
216300
216300
216300
216300
216300
216300
216300
216300
216650.02
216650.02
216650.02
216949.98
216949.98
216949.98
216949.98
216949.98
216949.98
216949.98
216949.98
216949.98
217050.02
217050.02
217050.02
217340
217050.02
217050.02
217050.02
217050.02
217050.02
217050.02
217050.02
217050.02
217050.02
217050
216952
216952
216952
216952
217300
217300
216995
216995
216996
216996
216996
216996
217340
216996
216996
216996
216996
216996
216996
216996
217090
217090
216945
217040
217151
217151
217151
217151
217151
217151
217201.81
217201.81
217201.81
217201.81
217201.81
217201.81
217201.81
217201.81
217201.81
217201.81
217201.81
217201.81
217201.81
217201.81
217201.81
217201.81
217201.81
217726.88
218063.88
218063.88
218063.88
218063.88
218069.8
218069.8
218029
217979
217979
218300
218300
218300
218300
218300
218300
218300
217340
218238.2
218465
218465
218465
218465
218465
218200.02
218200.02
218200.02
218200.02
218200.02
218200.02
218200.02
218200.02
218200.02
218200.02
218200.02
218200.02
218200.02
218200.02
218200.02
218182.2
218182.2
217986
217986
217985
217985
217985
217985
217985
217985
217985
217985
217985
217625
217625
217601.88
217601.88
217601.88
217601.88
217340
217601.88
217934.66
217624.02
217624.02
217624.02
217624.02
217624.02
217624.02
217624.02
217624.02
217624.02
217624.02
217790
217790
217790
217822.5
217822.5
217820
217820
217820
217820
218040
218304.98
218320
218320
218500
218500
218500
218500
217340
218522.02
218522.02
218522.02
218522.02
218522.02
218522.02
218522.02
218522.02
218522.02
218373.05
218772.98
218548.86
218548.86
218548.86
218548.86
218548.86
218548.86
218548.86
218548.86
217340
218548.86
218548.86
218548.86
218548.86
218848.88
218848.88
218848.88
218848.88
218848.88
218848.88
218848.88
218848.88
218848.88
218848.88
218760
218811
218811
218811
218105.98
218105.98
218105.98
218105.98
218105.98
218105.98
218105.98
218059
218059
218059
218059
218059
218059
218059
218059
217898.88
217898.88
217898.88
217898.88
217898.88
217898.88
217898.88
217898.88
217898.88
217898.88
217898.88
217898.88
217898.88
217898.88
217898.88
217898.88
217682.5
217386
216054.98
