35.38
35.29
35.3
35.34
35.14
35.32
35.29
35.29
35.29
35.17
35.19
35.26
35.24
35.19
35.05
35.1
35.11
35.11
35.14
35.14
35.13
35.13
35.01
34.99
34.9
34.89
34.83
34.9
34.8
34.81
34.82
34.71
34.67
34.63
34.69
34.7
34.78
34.78
34.78
34.82
34.81
34.83
34.83
34.96
34.85
34.99
34.84
35.01
35.02
34.87
35.01
35.07
35.07
35.1
35.12
35.13
35.21
35.22
35.23
35.25
35.21
35.23
35.08
35.03
35.01
34.99
34.96
34.99
35.03
34.97
34.96
34.97
34.92
34.96
34.93
34.98
34.96
34.97
34.97
34.97
34.96
34.92
34.91
34.95
34.93
34.92
34.88
34.86
34.87
34.84
34.92
34.81
34.71
34.71
34.69
34.65
34.68
34.65
34.69
34.7
34.63
34.63
34.71
34.71
34.66
34.69
34.7
34.64
34.73
34.71
34.7
34.75
34.75
34.76
34.77
34.77
34.77
34.75
34.76
34.72
34.77
34.76
34.75
34.77
34.76
34.73
34.74
34.71
34.75
34.74
34.73
34.75
34.75
34.72
34.72
34.75
34.74
34.84
34.84
34.81
34.85
34.88
34.84
34.84
34.86
34.78
34.78
34.77
34.77
34.82
34.79
34.76
34.85
34.85
34.88
34.88
34.88
34.9
34.96
34.9
34.96
34.93
34.94
34.92
34.93
34.94
34.92
34.91
34.88
34.92
34.9
34.91
34.91
35.17
35.1
35.18
35.2
35.11
35.15
35.15
35.15
35.16
35.15
35.12
35.13
35.14
35.14
35.15
35.13
35.15
35.14
35.13
35.09
35.08
35.08
35.05
35
35.02
35.08
35.07
35.05
35.05
35.02
35.01
35.02
35.03
35.05
35.01
35.06
35
35.02
35.03
35.03
35.02
35.04
35.03
35.01
35
35.01
35
34.98
34.94
34.91
34.92
34.87
34.9
34.9
34.89
34.83
34.84
34.89
34.87
34.81
34.87
34.81
34.83
34.86
34.84
34.85
34.83
34.82
34.83
34.83
34.85
34.91
34.91
34.92
34.94
34.91
34.92
34.7
34.8
34.77
34.85
34.96
34.93
34.9
34.85
34.84
34.76
34.79
34.79
34.82
34.93
34.78
34.8
34.81
34.7
34.7
34.7
34.7
34.67
34.66
34.7
34.7
34.75
34.72
34.83
34.81
34.74
34.73
34.74
34.67
34.65
34.64
34.6
34.42
34.43
34.39
34.46
34.45
34.56
34.44
34.5
34.58
34.68
34.73
34.51
34.49
34.59
34.57
34.57
34.52
34.49
34.57
34.59
34.58
34.61
34.55
34.56
34.59
34.58
34.56
34.58
34.54
34.54
34.69
34.72
34.71
34.7
34.7
34.7
34.7
34.7
34.71
34.72
34.77
34.7
34.7
34.7
34.8
34.7
34.82
34.73
34.77
34.77
34.74
34.76
34.79
34.81
34.86
34.81
34.82
34.82
34.8
34.85
34.82
34.87
34.87
34.8
34.79
34.85
34.89
34.92
34.92
34.96
34.95
34.96
34.92
34.9
34.9
34.94
34.9
34.95
34.9
34.91
34.9
34.9
34.91
34.9
34.95
34.96
34.96
35
34.94
34.94
34.94
34.94
34.93
34.97
34.97
34.94
34.99
34.95
34.98
35.06
35.02
35
35.06
35.02
34.99
35.02
35.02
35.02
34.99
35
35.03
35
34.99
34.98
34.99
35.07
34.98
34.99
35
34.95
34.97
34.96
34.93
34.95
34.92
34.91
34.9
34.88
34.87
34.85
34.85
34.87
34.88
34.85
34.85
34.82
34.87
34.87
34.88
34.88
34.87
34.88
34.87
34.87
34.84
34.92
34.94
34.93
34.95
34.96
34.91
35.04
35.1
34.96
35.05
35.08
35.02
35.03
35.01
35.02
35.02
35.02
35.02
35.03
35.01
34.99
35.01
35
35.01
35.01
34.97
34.99
34.97
35
35
35.01
34.95
34.94
34.92
34.89
34.85
34.82
34.82
34.82
34.92
34.93
34.92
34.88
34.85
34.88
34.88
34.91
34.91
34.94
34.9
34.9
34.85
34.9
34.9
34.99
34.91
34.99
34.92
34.94
34.9
34.85
34.86
34.85
34.84
34.86
34.84
34.85
34.85
34.85
34.83
34.85
34.84
34.92
34.81
34.84
34.8
34.83
34.84
34.85
34.84
34.84
34.85
34.84
34.87
34.88
34.85
34.85
34.86
34.85
34.87
34.86
34.87
34.89
34.85
34.87
34.83
34.84
34.85
34.83
34.81
34.13
34.02
34
34.03
34.07
33.99
33.94
33.98
34
33.98
33.95
34
34
33.94
33.9
33.91
33.85
33.98
33.9
33.96
33.95
33.96
34.01
34.01
33.98
34.02
34.01
33.98
34
34
34
34
34.09
34.05
33.99
34.15
34.14
34.14
34.14
34.1
34.06
34.11
34.05
34.06
34.12
34.03
34.02
34.19
34.17
34.06
34.08
34.1
34.13
34.06
34.07
34.05
34.08
34.17
34.16
34.07
34.09
34.06
34.02
34.01
34.03
34.09
34.01
34.05
34.06
34.1
34.14
34.1
34
33.96
34.08
34.02
33.91
33.9
33.9
33.91
33.93
33.91
33.97
33.97
33.95
34.01
34.03
34
33.92
33.95
33.89
33.96
33.94
33.91
33.92
33.91
33.96
33.96
33.96
33.99
34
33.96
33.96
34.02
33.97
33.99
33.97
34.01
34.03
34.02
34.05
34.06
34.02
33.94
34.05
34.06
34.02
34.05
34.05
34.06
34.01
34.06
34.05
34.01
33.99
33.96
33.97
33.95
34.02
33.95
33.97
34
34
33.98
34.02
34.01
33.96
33.99
34.05
34.01
34.01
34.07
33.99
34.04
34.05
34.03
34.12
34.12
34.12
34.12
34.19
34.19
34.18
34.2
34.16
34.19
34.19
34.19
34.16
34.16
34.16
34.2
34.2
34.17
34.18
34.15
34.14
34.14
34.13
34.1
34.12
34.1
34.09
34.05
34.05
34.06
34.09
34.09
34.06
34.11
34.12
34.15
34.15
34.16
34.13
34.18
34.18
34.18
34.16
34.17
34.16
34.19
34.17
34.12
34.1
34.13
34.12
34.11
34.14
34.15
34.15
34.17
34.16
34.17
34.16
34.2
34.15
34.16
34.13
34.13
34.08
34.1
34.13
34.12
34.12
34.13
34.11
34.11
34.13
34.16
34.08
34.1
34.08
34.08
34.09
34.07
34.07
34.07
34.06
34.09
34.02
34.05
34.02
34.02
34.03
33.92
33.9
33.84
33.78
33.78
33.77
33.77
33.83
33.7
33.7
33.8
33.74
33.76
33.79
33.71
33.75
33.68
33.69
33.62
33.69
33.65
33.65
33.61
33.61
33.67
33.64
33.68
33.57
33.48
33.49
33.65
33.57
33.54
33.54
33.56
33.64
33.68
33.63
33.6
33.58
33.69
33.64
33.61
33.65
33.6
33.61
33.62
33.53
33.54
33.59
33.62
33.64
33.63
33.63
33.56
33.58
33.59
33.52
33.51
33.3
33.25
33.31
33.32
33.35
33.29
33.26
33.33
33.19
32.97
32.97
33.18
33.1
33.26
33.13
33.02
33.14
33.1
33.07
33.11
33.08
33.02
33.04
33.03
33.05
33.29
33.31
33.29
33.33
33.38
33.12
33.34
33.46
33.62
33.55
33.57
33.42
33.42
33.56
33.46
33.56
33.34
33.38
33.45
33.5
33.58
33.57
33.46
33.06
33.41
33.41
33.42
33.45
33.43
33.4
33.44
33.57
33.42
33.43
33.38
33.45
33.49
33.43
33.42
33.46
33.44
33.44
33.37
33.45
33.35
33.33
33.38
33.39
33.26
33.52
33.28
33.43
33.44
33.26
33.25
33.08
33.11
33.26
33.22
33.1
33.1
33.38
33.16
33.18
33.22
33.3
33.46
33.31
33.26
33.23
33.21
33.21
33.57
33.22
33.31
33.36
33.44
33.46
33.4
33.43
33.06
33.43
33.46
33.46
33.43
33.42
33.44
33.43
33.45
33.64
33.47
33.46
33.46
33.43
33.76
33.73
33.46
33.46
33.57
33.57
33.57
33.89
33.85
33.85
33.79
33.81
33.81
33.98
33.06
33.8
33.83
33.86
33.77
33.8
33.85
33.84
33.89
33.86
33.88
33.86
33.89
33.9
33.9
33.91
34.02
33.85
34
34.01
34.08
34.15
33.57
34.16
33.57
33.57
34.06
34.07
34.12
34.06
34.07
34.13
34.1
33.43
33.38
34.3
34.32
34.37
34.36
33.43
34.36
34.38
34.4
34.4
33.38
34.4
34.43
34.5
34.5
34.43
34.37
34.35
34.41
33.43
33.43
34.29
34.27
34.39
33.38
34.33
34.27
34.31
33.06
34.25
33.38
34.26
34.25
34.2
34.23
34.26
34.29
33.57
34.31
33.57
34.29
34.31
34.32
34.37
33.38
34.33
34.28
34.34
34.34
34.33
33.43
34.29
34.2
34.21
34.2
34.2
34.22
33.06
34.23
34.19
34.21
34.23
33.38
34.28
34.33
34.25
34.26
34.3
34.3
34.3
34.38
34.4
34.44
34.36
34.35
34.46
34.47
33.06
33.06
34.47
34.49
34.49
34.49
34.42
34.42
34.42
34.33
34.49
34
33.87
34.17
33.93
33.85
33.92
34.1
34.06
34.02
34.02
34.07
34.03
34.08
34.08
34.1
34.1
34.13
34.18
34.18
34.22
34.28
34.3
34.35
34.32
34.35
34.16
34.41
34.36
34.42
34.39
34.32
34.2
34.25
34.21
34.28
34.36
34.3
34.34
34.24
34.24
34.27
34.25
34.22
34.22
34.25
34.38
34.15
34.18
34.22
34.16
34.21
34.28
34.17
34.28
34.19
34.26
34.24
34.23
34.16
34.24
34.16
34.23
34.27
34.24
34.16
34.25
34.18
34.1
34.16
34.11
34.11
34.18
34.13
34.1
34
34.17
34.17
34.13
34.06
33.99
33.99
33.91
33.91
33.91
33.94
33.92
33.98
33.86
33.84
33.97
33.78
33.69
33.71
33.74
33.64
33.64
33.69
33.69
33.6
33.63
33.69
33.66
33.75
33.79
33.79
33.9
33.86
33.93
33.86
33.87
33.9
33.93
33.95
33.96
33.94
33.92
33.96
33.94
33.88
33.95
33.92
33.91
33.91
33.96
33.97
33.91
33.88
33.88
33.95
33.98
33.98
33.9
34
33.97
34.38
33.92
34.03
34.07
34.07
34.14
34.11
34.12
34.1
34.38
34.09
34.1
34.12
34.13
34.11
34.15
34.19
34.17
34.18
34.19
34.18
34.25
34.2
34.21
34.22
34.24
34.25
34.2
34.22
34.2
34.19
34.2
34.23
34.2
34.21
34.25
34.26
34.24
34.24
34.2
34.25
34.21
34.28
34.23
34.21
34.2
34.21
34.16
34.19
34.19
34.17
34.21
34.15
34.18
34.18
34.21
34.2
34.19
34.2
34.18
34.1
34.21
34.21
34.11
34.14
34.13
34.17
34.14
34.15
34.13
34.16
34.18
34.17
34.15
34.13
34.15
34.15
34.11
34.15
34.15
34.17
34.13
34.17
34.18
34.18
34.23
34.21
34.24
34.16
34.28
34.26
34.17
34.32
34.32
34.4
34.38
34.43
34.4
34.41
34.39
34.39
34.46
34.44
34.45
34.38
34.62
34.65
34.64
34.59
34.76
34.74
34.77
34.76
34.65
34.84
34.88
34.94
34.92
34.72
34.94
34.72
34.7
34.79
34.66
34.67
34.59
34.59
34.6
34.6
34.57
34.55
34.6
34.61
34.66
34.65
34.65
34.68
34.78
34.76
34.75
34.69
34.71
34.77
34.69
34.77
34.7
34.71
34.74
34.7
34.67
34.77
34.7
34.75
34.73
34.71
34.72
34.59
34.5
34.55
34.49
34.52
34.51
34.51
34.48
34.46
34.45
