67.08
67.52
67.52
67.51
67.29
66.85
66.89
67.16
66.97
66.96
66.16
66.75
67.24
67.15
67.1
67.29
67.16
67.21
67.4
67.68
67.86
67.86
68.12
67.9
67.82
67.9
67.96
68.02
68.14
68.42
68.64
68.61
68.44
68.53
68.56
68.67
68.66
68.55
68.76
68.84
68.82
68.4
68.8
68.23
68.18
68.58
68.03
68.1
68.1
68.23
68.1
68
68.08
68.23
68.23
68.15
68.26
68.19
68.35
68.06
68.26
68.21
68.03
68.09
68
68
68.05
68.09
68.09
68.03
68
67.92
67.92
67.92
67.99
67.88
67.78
67.76
67.68
67.62
67.67
67.67
67.89
67.69
67.69
67.89
68
68
68
68.24
68.26
68.26
68.15
68.11
68.12
68.2
68.05
68.14
68.16
68.1
68.1
68.12
68.2
68.28
68.22
68.22
68.25
68.09
68.17
68.03
68.03
67.92
67.93
68
68.11
68.01
68.04
68.04
68.06
68
68
67.87
68.11
68.13
68
68.09
68.12
68.1
68.11
68.1
68.08
68
68
68.07
68.01
68.21
68.04
67.91
67.96
67.97
68.07
68.1
68.08
68.06
68.06
68.14
68.05
68.01
68.17
68.12
68.17
68.16
68.13
68.08
68.03
68.03
67.95
67.85
67.97
68.05
67.96
68.16
68.01
68.17
68.09
68.15
68.17
68.11
68.15
68.17
68.18
68.21
68.21
68.16
68.23
68.25
68.28
68.26
68.26
68.16
68.22
68.26
68.24
68.28
68.23
68.21
68.25
68.25
68.26
68.27
68.29
68.25
68.31
68.26
68.21
68.14
68.14
68.18
68.25
68.07
68.19
68.35
68.3
68.3
68.3
68.31
68.34
68.35
68.35
68.32
68.34
68.32
68.35
68.38
68.39
68.35
68.37
68.36
68.3
68.4
68.38
68.36
68.16
68.26
68.19
68.19
68.25
68.19
68.18
68.24
68.18
68.19
68.18
68.2
68.03
68.08
68.38
68.48
68.46
68.49
68.39
68.38
68.29
68.3
68.26
68.27
68.24
68.47
68.17
68.33
68.33
68.15
68.35
68.4
68.46
68.46
68.66
68.66
69.05
68.99
69.33
69.59
69.22
69.23
69.06
69
68.77
68.91
68.51
68.37
68.37
68.51
68.61
68.51
68.46
68.54
68.55
68.55
68.51
68.38
68.16
68.14
67.87
68.02
68.05
68
67.59
67.83
67.96
67.74
68
67.92
68.07
68.22
68.21
68.27
68.21
68.02
67.88
67.88
68
68.01
68
68.07
68.27
68.34
68.34
68.01
68.1
68.24
68.1
68.06
68.22
68
68.1
68.19
68.2
68.25
68.25
68.22
68.14
68.14
68.11
68.02
68.02
68.02
68.02
68.03
67.97
67.91
68.01
67.97
68.15
68.09
68.05
68.04
68.12
68.06
68
68.04
68.04
68.04
68.1
68.15
68.06
68.2
68.2
68.17
68.18
68.2
68.18
68.14
68.16
68.09
68.29
68.26
68.2
68.25
68.25
68.22
68.27
68.46
68.79
68.09
68.86
68.26
68.73
68.34
68.46
68.49
68.5
68.64
68.64
68.94
68.64
68.78
68.78
68.78
68.91
68.86
68.77
68.98
69.23
69
69.26
69.32
69.38
69.59
69.79
69.47
69.27
69.49
69.37
69.59
69.85
69.7
69.41
69.39
70.04
69.66
69.72
70.02
69.98
70.4
70.48
70.83
70.42
70.65
70.05
70.55
70.34
70.34
70.33
70.33
70.12
70.43
70.43
70.39
70.57
70.08
70.38
69.95
69.95
69.92
70.03
69.82
69.85
69.93
70.03
70.28
70.05
70.01
70.15
69.89
69.71
69.71
70.13
69.69
69.69
69.75
69.56
69.56
69.57
69.59
69.61
69.52
69.55
69.53
69.74
69.98
70.16
70.1
69.74
70.02
69.74
69.74
69.78
69.67
69.65
69.68
70.07
70.07
69.85
70.15
69.85
69.76
69.9
69.9
69.65
69.71
69.71
69.79
69.72
69.74
69.66
69.59
69.6
69.57
69.64
69.6
69.62
69.54
69.44
69.54
69.55
69.64
69.54
69.52
69.55
69.39
69.42
69.35
69.3
69.3
69.3
69.3
69.3
69.32
69.28
69.2
69.27
69.21
69.27
69.25
69.39
69
68.96
69.01
68.92
68.92
68.99
69.02
69
69
68.94
69.01
68.94
68.9
68.9
68.9
68.87
68.86
68.83
69.01
68.99
69
69
68.93
68.99
68.96
68.92
66.18
66.2
65.69
65.93
65.96
66.02
65.86
66.08
66.26
66.01
66.07
66.07
66.23
65.97
65.97
65.7
65.5
65.56
65.56
65.73
65.77
65.99
66.21
66.24
66.24
66.24
66.22
66.54
66.54
66.54
66.54
66.53
66.46
66.39
66.81
66.91
66.94
66.9
66.9
66.75
66.94
66.95
66.83
66.81
66.56
66.5
66.89
66.64
66.85
66.73
66.72
66.58
66.71
66.83
66.81
66.86
67.1
66.72
66.77
67.41
67.15
67.24
67.11
66.89
66.94
66.94
67.08
67.15
67.39
67.18
67.18
67.13
67.12
67.16
67.32
67.35
67.34
67.24
67.24
67.38
67.62
67.63
67.12
67.2
67.84
68.22
68.2
68
67.78
67.93
67.85
67.88
67.94
67.85
67.84
67.73
67.73
67.79
67.79
67.68
67.48
67.62
67.67
67.38
67.49
67.6
67.61
67.9
67.51
67.67
67.64
67.5
67.5
67.48
67.5
67.57
67.35
67.44
67.44
67.38
67.37
67.26
67.26
67.12
67.25
67.04
67.04
67.22
67.22
67.12
67.16
67.14
67.12
67.13
67.15
67.15
67.22
67.04
67.31
67.31
67.68
67.28
67.32
67.23
67.37
67.66
67.32
67.66
67.73
68
68
67.96
67.97
67.97
68.04
68.04
67.75
67.99
67.94
68
68
68
68.31
68.01
68.48
68.25
68.32
68.37
68.28
68.25
68.31
68.28
68.22
67.75
67.75
67.75
67.87
67.7
67.7
67.52
67.67
67.75
67.75
67.8
67.74
67.61
67.57
67.51
67.74
67.35
67.44
67.79
67.71
67.7
67.65
67.38
67.38
67.49
67.49
67.53
67.71
67.64
67.64
67.78
67.85
67.71
67.72
67.72
67.93
67.88
67.88
67.64
67.64
67.73
67.7
67.79
67.6
67.32
67.32
67.31
67.35
67.35
67.27
67.23
67.24
67.3
67.25
67.28
67.11
67.21
67.2
67.14
67.31
67.18
67.2
67
66.97
66.8
66.64
66.71
66.7
66.68
66.67
66.67
66.71
66.95
66.87
66.89
67.02
67.03
66.62
67
67
67.07
67.06
67.06
67.06
67.06
66.98
66.88
66.88
66.79
66.94
67.04
66.91
66.87
66.88
66.88
66.86
66.88
66.76
66.82
66.82
66.7
66.54
66.52
66.54
66.41
66.41
66.42
66.42
66.19
66.24
66.23
66.29
66.3
66.25
66.25
66.41
66.56
66.51
66.3
66.33
66.38
66.46
66.06
66.41
66.24
66.09
66.12
66.15
66.07
66.76
66.79
66.72
66.63
66.09
66.16
66.08
66.08
66.27
66.12
65.89
65.89
66.16
65.52
65.52
65.06
65.25
66.04
66.02
66.02
65.32
65.32
65.52
65.37
65.37
65.52
65.5
65.52
65.51
65.51
65.34
65.08
64.95
65.1
65.15
65.11
65
65.45
65.01
64.7
64.71
65.37
64.71
64.82
64.82
64.72
64.72
64.72
64.57
64.6
64.31
64.98
65.47
64.74
64.82
64.66
64.65
65.32
64.73
65.47
64.57
64.48
64.57
64.46
64.3
64.31
65.25
64.72
65.52
64.38
64.38
64.5
64.51
64.63
64.5
64.4
64.34
64.59
64.22
64.5
64.5
64.38
64.34
64.41
64.42
64.47
64.35
64.35
64.36
64.37
64.37
65.25
64.53
64.92
64.4
64.75
64.78
64.76
64.86
64.91
65.25
64.93
64.92
64.31
64.84
64.31
65.37
65.44
65.5
65.5
65.65
65.37
64.99
65.37
66.01
65.94
66.01
66.01
66.4
66.27
66.23
65.89
65.9
65.79
66.44
66.39
66.35
66.35
66.13
66.24
66.31
65.52
66.03
66
64.31
65.87
64.31
65.97
66.09
66.1
66.11
66.15
66.18
65.77
65.72
65.85
66.18
65.85
66.18
66.18
65.25
66.96
66.92
65.37
66.81
67.4
67.28
67.38
67.47
67.65
65.52
67.49
67.58
67.56
65.25
65.32
67.9
67.7
67.95
67.5
67.44
67.38
65.37
67.36
67.29
67.37
67.37
67.14
65.25
67.12
67.07
67.17
66.99
67.04
66.9
67.21
67.17
67.21
64.31
65.52
67.21
67.22
67.5
67.33
65.52
67.65
67.82
67.48
67.47
67.51
67.85
67.81
65.37
65.52
67.9
67.91
67.9
67.88
67.65
67.75
67.86
67.74
65.25
67.63
67.66
67.61
65.32
67.54
65.37
67.6
67.54
65.37
67.64
67.88
67.84
67.81
67.93
65.37
68.28
68.37
64.31
68.35
68.33
68.33
68.45
68.61
68.44
68.49
68.47
68.48
68.48
68.61
68.54
68.52
68.52
65.32
68.53
67.38
67.02
67.08
67.08
67.27
67.71
67.79
68.6
68.11
68.38
67.24
68.86
68.81
68.83
68.89
68.89
69.1
69.1
68.87
68.88
68.88
69.22
69.11
68.86
69.07
68.99
69.09
69
68.97
68.88
68.88
68.88
68.85
68.28
68.5
68.74
68.4
68.79
68.72
68.72
68.86
68.86
69.02
69.02
69.13
69.12
69.49
69.51
69.6
68.88
69.53
69.61
69.46
69.51
69.51
69.47
69.38
69.28
69.33
69.5
68.88
69.39
69.37
69.47
69.52
69.53
69.56
69.6
68.88
69.4
69.17
69.17
69.31
69.84
69.11
69.09
69.09
69.62
68.99
68.99
68.95
68.87
68.79
68.8
68.8
68.79
68.86
68.75
68.84
68.45
68.36
68.07
68.88
68.12
67.98
67.93
68.1
67.81
67.77
67.92
67.96
67.74
67.88
67.97
67.73
67.73
68.5
68.57
68.67
68.95
68.9
68.89
68.84
68.87
68.55
68.84
69.01
68.76
68.57
68.68
68.49
68.49
68.52
68.57
68.44
68.32
68.29
68.29
68.03
68.25
68.25
67.94
68.15
68.19
68.13
68.04
68
68.24
68.24
68.12
67.8
68.16
67.92
68.04
67.89
68.19
68.88
68.15
68.09
68.11
68.11
68.28
68.32
68.33
68.44
68.5
68.25
68.21
68.43
68.44
68.42
68.37
68.27
68.19
68.19
68.26
68.24
68.35
68.29
68.51
68.71
68.71
68.88
68.59
68.68
68.37
68.1
68.6
68.16
68.3
68.36
68.49
68.42
68.56
68.37
68.18
68.2
68.3
68.23
68.3
68.51
68.32
68.36
68.37
68.33
68.19
68.5
68.47
68.27
68.26
68.37
68.34
68.35
68.54
68.54
68.65
68.69
68.67
68.68
68.52
68.43
68.48
68.58
68.51
68.52
68.47
68.39
68.46
68.81
68.82
68.97
68.93
68.82
69.05
68.54
68.94
68.6
69
68.95
69.04
69.04
68.97
69.06
69.06
69.14
68.98
68.88
69.08
68.97
69
69.23
69.29
69.39
69.53
69.47
69.26
69.24
69.95
70.46
70.44
70.46
70.43
69.85
70.52
70.53
69.79
70.11
70.05
70.14
70.17
69.85
69.76
69.54
69.49
69.53
70
70.01
69.96
70.01
69.98
70.02
70.01
69.97
69.7
69.64
69.86
69.85
69.66
69.55
69.58
69.56
69.53
69.61
69.32
69.41
69.6
69.44
69.55
69.46
69.57
69.63
69.08
69.18
69.06
69.05
69.01
69.02
68.99
68.98
68.99
