534.71
535.82
535.53
535.05
535.34
535.14
535.35
534.7
534.7
535.22
534.59
535.29
535.33
535.18
534.71
535.37
534.92
534.98
535.36
535.36
535.5
535.5
536.14
536.14
536
535.67
536.12
536.05
535.65
536.03
536.03
536.09
535.78
535.95
535.93
536.05
535.87
535.87
534.77
535.08
535.08
535.4
535.4
535.09
535.35
534.77
534.46
535.25
534.74
534.32
534.66
535
535
534.38
534.46
534.1
534.02
533.57
533.63
534.05
533.51
532.68
532.18
531.2
530.66
530.97
530.9
530.74
530.3
530
530.05
530.79
530.76
531.5
531.91
531.91
532.44
532.64
532.64
532.35
532.15
531.87
532.22
531.96
532.07
531.65
531.71
531.66
531.68
532
531.5
531.71
531.69
531.5
531.61
531.35
531.5
531.89
532.06
532.05
531.74
531.76
531.36
531.6
531.51
531.79
531.98
531.95
531.65
531.92
531.91
532.03
532.01
532.05
532.04
531.95
531.9
531.86
531.8
531.75
532.24
532.06
532.8
532.84
532.79
533
533.18
533.44
533.25
533.21
533.13
533.05
533.05
533.05
533.13
533.36
533.3
533.37
533.09
533.64
533.5
533.64
533.93
533.93
533.99
533.5
533.89
533.89
533.89
533.46
533.23
533.85
533.39
533.41
533.38
533.34
533.41
533.41
533.82
533.4
533.6
533.64
533.99
533.91
533.95
533.95
533.95
533.47
533.48
533.62
533.68
533.51
533.51
534.31
534.48
534.28
534.54
534.5
534.64
534.69
534.75
535.29
535.11
535.1
535.22
535.7
535.76
535.95
536.32
536
537.05
536.25
537.4
536.41
537.33
537.21
536.25
536.39
536.51
535.64
536.18
536.18
535.33
535.18
535.33
535.33
535.53
535.51
535.51
535.61
535.51
535.54
535.39
535.63
535.63
535.79
535.78
535.71
535.53
535.57
535.45
535.63
535.76
535.4
535.07
535
535.24
535.49
535.48
535.42
535.36
535.55
535.66
535.64
534.74
534.63
534.99
535.1
535.39
535.33
535.54
535.76
534.82
534.84
535.23
535.18
534.99
535.11
534.99
535.32
526.85
527.23
526.69
526.92
526.77
527.28
527.48
527.75
527.9
528.09
526.96
526.96
528.09
528.64
529.29
530.19
529.55
529.29
529.23
528.55
528.41
527.72
527.5
529.29
527.45
527.55
527.19
526.6
526.39
524.38
524.98
526.14
526.44
526.26
526.01
525.72
525.34
525.78
524.68
524.49
523.61
523.88
523.49
523.38
523.73
523.13
523.62
522.4
521.63
521.88
521.47
520.71
520.88
520.77
521.27
520.5
520.26
520.87
520.28
520.42
519.87
519.03
519.61
520.82
520.47
520.63
520.26
520.51
520.84
520.75
520.75
521.39
522.34
522.39
522.2
521.92
522
522.19
522.15
522.15
522
521.53
521.39
521.34
521.25
521.25
521.01
521.24
521.81
521.11
521.08
521.3
521.73
521.33
521.21
520.86
521.58
521.54
520.73
520.11
520.41
520.84
521.6
521.23
522.24
522.12
521.62
521.69
521.77
521.96
522.52
521.71
521.74
521.4
521.53
521.24
521.39
521.39
521.3
521.5
521.64
521.67
521.36
521.38
521.04
521.37
520.67
521.02
520.5
520.14
520.14
521.2
520.97
520.96
521.02
521.21
521.17
521.05
520.5
520.95
521.24
521.26
521.06
521.06
521.29
521.17
521.21
520.95
521.06
520.98
520.73
521
521.47
521.41
521.67
521.64
521.49
520.98
521.04
520.9
521.05
520.77
520.86
520.86
520.88
520.88
520.61
521.02
520.83
520.85
520.41
520.84
520.77
520.77
521
520.99
520.97
521.01
520.76
520.72
521.08
521.01
521.29
521.29
521.5
521.35
521.45
521.43
521.24
521.2
521.2
521.22
521.21
521.2
520.42
520.67
521.12
521.33
520.83
521.53
521.54
521.41
521.86
521.32
521.56
521.56
522.59
522.78
522.98
522.9
522.8
522.44
522.42
522.98
522.97
523.01
522.75
522.74
522.15
522.37
522.05
522.01
522.05
521.17
520.75
521.35
521.38
521.79
522.01
522.01
522.02
522.02
522.12
522.37
522.37
523.7
523.53
522.85
523.22
523.06
523.47
523.54
523.72
523.44
523.39
523.6
523.39
523.22
523.11
523.55
522.99
522.76
523.13
522.55
522.1
522.3
521.81
522.08
522.2
522.2
521.92
521.77
520.83
520.36
522.19
520.11
519.45
519.45
520.22
519.68
519.54
519.97
520.27
520
519.87
519.19
518.45
518.64
518.46
519.44
518.84
518.45
518.24
517.2
516.74
516.26
516.98
516.42
516.51
517.13
516.79
517.3
517.35
517.44
517.44
517.41
517.63
517.12
517.68
517.25
517.5
517.46
517.8
518
518
518.86
519.42
519.22
519
518.57
519.67
519.64
518.79
518.92
518.35
519
519.04
519.15
518.95
519.39
519.2
518.71
518.72
518.66
518.47
518.29
518.99
517.94
518.56
518.32
517.66
518.45
517.39
517.19
517.57
517.61
517.33
517.75
517.7
517.57
517.47
517.19
516.07
517.58
516.47
517.89
516.43
516.25
516.11
516.2
516.4
516.18
515.39
515.59
515.35
515.65
515.72
515.84
515.83
515.45
516.08
516.74
517.19
517.09
517.1
517.24
516.68
516.71
516.4
515.88
515.5
515.22
515.33
515.11
515.02
515.55
514.79
515
515.24
515.49
515.28
515.39
515.1
515.66
515.77
515.66
516.53
515.4
515.6
515.96
515.62
515.92
515.66
515.6
515.49
515.13
515
515.13
515.12
515.06
515.44
515.42
515.5
515.63
515.39
515.66
515.51
515.31
515.62
515.25
515.77
515.28
515.59
515.63
515.68
516.04
516.49
515.65
516.89
516.09
516.53
516.31
516.44
516.72
516.84
516.99
517.11
516.75
517.05
517.28
517.26
517.44
518.39
518.55
518.61
518.34
518.53
518.23
518.45
518.93
518.49
519.32
518.5
519.58
518.61
519.09
519.24
519.37
519.23
519.23
518.68
519.04
518.99
518.68
518.61
518.9
518.8
519.03
518.63
519.18
519.21
519.49
519.2
518.79
518.87
518.72
518.5
518.82
518.28
518.28
517.84
517.97
518.23
518.54
518.56
518.64
518.35
518.34
518.5
518.76
518.75
518.86
518.73
518.71
517.86
517.69
517.99
518.19
518.38
517.84
517.9
518.4
518.47
518.48
518.7
518.88
518.98
518.69
518.79
518.71
518.9
518.91
518.95
518.98
518.7
518.79
519.15
518.75
519.09
518.66
518.34
518.67
520.16
518.5
519.49
518.71
519.14
518.25
517.62
517
516.86
517.8
518.1
518.25
518.21
518.72
518.82
517.26
517.45
518.69
518.09
518.3
516.98
518.22
517.03
516.41
517.46
515.9
515.95
515.42
514.88
515.26
515.7
516.2
516.15
515.75
516.41
515.95
515.98
515.98
515.91
515
515.96
515.75
515.2
515.1
515.94
515.54
514.58
515
514.65
514.65
514.08
513.71
513.5
514.25
514.24
513.36
513.35
513.33
513.89
512.82
512.27
512.83
512.4
511.42
511.16
511.61
511.09
511.16
510.61
510.8
510.31
508.41
510
510
509.1
506.4
506.34
506.44
505
504.23
504.42
504.72
504
502.75
502.29
502.23
502.35
501.63
501.42
501.25
501.9
504.15
502.33
501.83
503.75
504.58
504.18
504.37
502.6
504.48
503.74
503.98
503.78
504.21
504.32
503.84
503.78
503.67
502.33
502.04
504.57
503.86
503.47
503.73
503.72
503.97
504.68
503.76
504.3
504.11
504.25
503.42
503.79
504.2
503.51
504.33
504.1
504.32
503.71
504.09
503.92
504.09
504.15
503.55
504.32
503.42
503.21
502.95
503.87
503.71
502.99
503.13
503.09
503.91
502.33
503.42
503.98
503.61
503.91
504.32
503.77
503.78
503.98
503.88
503.21
502.9
502.78
502.9
502.51
502.51
503.97
503.83
504
504
504
503.46
503
503.42
503.66
502.89
503.76
503.34
503.57
503.01
502.81
502.93
503.31
503.1
503.22
503.96
503.58
503.78
504.11
503.59
503.58
504.05
504.23
504.09
504.09
504.13
504.09
504.22
504.34
504.35
504.17
504.44
505.26
505.09
505.35
504.54
505.51
502.33
505.56
504.72
504.83
505.02
504.09
503.99
503.92
504.1
503.8
504.11
503.83
503.96
504
504.14
504.27
504.26
503.96
503.85
503.8
503.8
502.33
503.78
503.88
503.74
503.94
503.78
502.04
504.05
504.75
504.49
504.66
505.31
505.55
505.39
505.8
505.87
505.6
505.6
504.09
505.53
505.47
505.8
505.32
506.09
502.04
505.82
503.78
505.87
505.87
505.65
506.06
506.02
506.08
506.46
506.28
503.78
506.9
506.94
506.81
504.09
506.7
506.72
507.31
507.82
506.71
502.04
503.42
508.62
508.46
508.3
502.33
508.21
507.87
504.09
507.44
506.75
506.89
506.73
506.77
507.44
507.44
507.44
507.35
507.35
507.85
507.66
507.8
507.68
507.34
506.91
507.51
506.8
507.2
507.12
506.97
507.01
507.01
507.01
507.59
508.07
508.49
508.85
509.65
509.65
509.65
510.29
510.29
509.28
509.93
509.93
509.93
502.33
502.33
502.33
510.14
509.89
525.09
523.99
521.93
522.16
521.56
519.77
519.77
520.78
521.9
522.14
523.72
524.3
524.81
524.42
523.78
524.56
525.3
525.6
525.59
526.23
526.51
524.83
525.16
525.53
526.52
525.21
524.38
524
524.79
525.67
525.28
525.31
526.22
526.79
526.88
525.3
525.4
525.67
525.5
525.74
525.87
525.21
525.19
528.63
525.76
528.4
528.2
528.08
527.75
527.48
527.85
528.2
527.28
528.31
527.71
527.01
526.92
526.2
525.91
525.3
527.45
525.52
526.56
526.64
526.58
526.18
525.3
526.97
526.73
527.06
526.25
527.97
528.24
528.16
528.45
528.97
528.97
529.02
528.69
528.94
528.55
528.02
528.51
529.82
528.73
530.74
530.93
525.3
531.97
530.92
531.02
528.3
530.98
530.85
530.85
530.85
529.5
530.92
530.02
525.3
530.31
529.47
529.71
529.99
529.96
531.12
531.02
531.1
531.01
531.12
530.95
530.75
530.64
530.68
530.41
531.17
530.84
530.57
530.69
530.56
530.98
531.11
531
531.07
530.91
531.33
531.35
531.12
531.66
532.34
530.75
532.7
533
533.29
533.45
533.9
534.99
534.98
534.98
535.3
535.27
525.3
535.03
535.4
535.62
535.23
525.3
536.49
536.74
536.8
536.23
535.82
535.28
535.09
534.82
534.75
534.35
534.22
534.05
533.99
534.11
533.88
534.15
533.95
533.91
533.69
533.8
533.83
533.62
533.53
533.52
533.5
533.99
533.62
534.04
534
534.11
533.83
534.19
534.15
535.27
533.97
535.59
535.86
536.13
536.2
536.22
536.55
536.45
536.73
536.5
536.72
536.6
536.18
536.74
536.78
535.63
535.42
535.45
536.45
536.41
535.38
534.22
534.58
534.53
534.48
535.24
534.88
535.21
535.09
534.11
535.5
535.92
535.81
535.86
535.93
535.47
536.05
535.79
536.38
536.36
536.93
535.34
536.74
537.26
535.65
537.04
535.88
537.09
536.99
536.64
536.91
536.96
537.14
537.03
537.28
536.8
536.9
537.55
537.59
537.65
537.87
538.15
538.86
538.45
537.88
539.47
539.44
539.57
539.38
525.3
539.68
539.15
539.15
525.3
537.69
537.13
536.84
536.78
536
535.42
536.07
535.86
535.63
536.51
537
536.02
535.65
535.31
534.87
536.51
535.7
536
534.92
534.55
535.01
535.37
535.83
535.46
535.44
536.13
537.1
536.73
536.85
537.37
534.84
536.95
536.94
536.94
536.68
536.98
536.34
536.5
536
536.76
536.41
537.26
536.5
536.47
535.37
