2045.61
2044.74
2045.29
2044.33
2044.45
2043.51
2045.11
2044.65
2043.2
2042.42
2041.39
2041.28
2042.3
2041.29
2041.53
2042.74
2043.26
2044.17
2045.36
2045.64
2045.91
2045.91
2045.66
2045.24
2045.03
2046.04
2046.93
2047.53
2047.96
2048.62
2049.07
2048.06
2048.09
2047.1
2047.96
2048.04
2047.7
2047.37
2045.95
2046.44
2046.07
2046.08
2046.71
2046.52
2047.76
2047.69
2046.84
2047.68
2047.76
2047.58
2046.63
2046.89
2046.89
2047.99
2048.8
2048.47
2048.6
2048.65
2049.45
2050.52
2051.35
2051.86
2053.52
2053.05
2051.96
2051.98
2052.04
2052.16
2052.4
2051.92
2051.32
2051.74
2051.46
2052.12
2052.28
2052.59
2051.83
2051.47
2051.42
2051.45
2051.96
2051.63
2052.05
2051.75
2051.13
2050.58
2051.09
2050.86
2051.9
2052.1
2052.02
2051.74
2051.2
2050.81
2050.17
2050.11
2049.65
2050.39
2050.71
2050.62
2049.88
2050.14
2049.77
2049.46
2049.71
2050.43
2050.14
2049.84
2050.31
2050.12
2050.36
2050.81
2051.09
2051.08
2050.96
2051.05
2051.29
2051.7
2051.96
2051.45
2051.63
2051.83
2053.65
2053.34
2053.13
2053.39
2053.45
2053.54
2053.47
2053.55
2052.79
2053.14
2053.14
2053.23
2053.42
2054.26
2054.53
2054.2
2054.09
2054.44
2054.43
2054.32
2054.36
2054.55
2054.28
2053.81
2053.46
2053.21
2053.35
2053.74
2053.87
2053.84
2053.78
2053.63
2053.41
2053.37
2052.08
2051.88
2052.05
2051.68
2051.49
2051.79
2052.21
2052.36
2051.99
2051.99
2052.01
2051.27
2051.32
2051.39
2051.98
2051.94
2051.82
2053.95
2054.22
2054.35
2054.21
2054.04
2053.84
2053.62
2053.95
2054.67
2054.43
2054.14
2054.41
2054.72
2054.48
2054.61
2055.5
2057.18
2057.56
2057.41
2057.16
2057.52
2057.27
2056.57
2056.33
2056.73
2056.8
2056.71
2056.4
2056.41
2056.9
2056.68
2056.39
2055.94
2055.8
2055.46
2055.68
2055.67
2055.15
2055.02
2055.13
2054.3
2054.62
2054.47
2054.54
2054.52
2054.39
2053.8
2053.97
2054.01
2053.94
2054.15
2053.5
2053.71
2053.77
2054.16
2054.58
2054.69
2054.77
2054.8
2054.89
2054.92
2053.04
2053.24
2054.33
2055.26
2055.22
2055.27
2055.14
2054.86
2054.49
2054.32
2054.52
2054.86
2054.91
2054.92
2054.7
2055.07
2032.75
2032.41
2028.38
2030.6
2032.46
2033.47
2034.23
2035.65
2034.73
2034.1
2033.47
2033.16
2032.63
2034.26
2034.07
2034.58
2032.59
2032.92
2030.95
2029.71
2030.69
2030.88
2029.29
2030.22
2029.83
2030.29
2031.08
2029.55
2032.63
2030.64
2029.85
2032.83
2033.1
2033.68
2033.05
2032.42
2031.11
2031.66
2031.3
2030.63
2030.56
2029.99
2030.38
2028.83
2029.56
2030.67
2031.96
2031.16
2025.92
2026.79
2026.38
2025.67
2024.23
2024.1
2024.68
2024.85
2024.22
2023.09
2023.53
2021.27
2020.48
2019.92
2021.45
2021.08
2021.71
2022.36
2022.73
2022.7
2023.03
2023.49
2023.65
2024.24
2024.09
2024.02
2024.17
2023.7
2023.86
2023.4
2023.49
2024.32
2024.59
2024.95
2025.58
2025.27
2026.24
2025.58
2025.06
2025.52
2026.27
2025.96
2026.24
2025.82
2026.13
2026.74
2026.76
2026.52
2026.37
2025.53
2026.23
2025.36
2024.57
2025.8
2028.03
2027.92
2029.22
2029.52
2028.62
2029.1
2028.58
2029.23
2029.33
2029.7
2028.66
2028.87
2028.09
2028.17
2028.61
2028.97
2028.81
2029.34
2030.16
2031
2030.54
2030.4
2030.17
2029.66
2029.57
2029.63
2029.01
2028.22
2027.28
2027.84
2027.27
2027.8
2026.81
2027.57
2027.87
2028.33
2028.19
2028.08
2028.15
2028.44
2028.09
2028.22
2027.67
2028.38
2028.85
2028.24
2028.79
2028.45
2029.6
2030.41
2030.81
2032.56
2033.31
2032.67
2033.02
2033.07
2033.04
2033.83
2033.37
2033.18
2032.75
2032.71
2033.53
2032.77
2032.83
2033.61
2032.78
2032.79
2032.06
2031.69
2032.21
2031.59
2031.79
2032.58
2032.86
2033.17
2033.54
2033.52
2033.66
2034.38
2035.09
2034.67
2033.73
2033.52
2033.84
2033.39
2033.53
2033.01
2033.42
2034.18
2034.06
2034.17
2034.38
2034.22
2035.03
2035.93
2036.72
2037.2
2037.77
2037.12
2038.04
2038.62
2039.18
2038.6
2037.76
2038.29
2038.13
2038.47
2039
2038.17
2037.89
2037.72
2038.58
2038.36
2038.28
2036.9
2036.83
2036.24
2036.32
2036.5
2036.53
2035.75
2035.13
2035.46
2035.7
2036.83
2036.45
2037.69
2036.57
2036.47
2037.51
2038.45
2040.22
2042.36
2042.02
2041.88
2041.86
2042.54
2042.41
2041.82
2041.25
2041.05
2040.39
2041.39
2042.1
2041.05
2041.27
2041.51
2041.02
2041.35
2041.12
2041.24
2037.12
2038.13
2036.49
2037.39
2037.88
2037.71
2036.38
2036.93
2033.26
2033.34
2033.43
2033.38
2031.35
2032.33
2033.53
2032.02
2030.97
2031.52
2033.15
2033.55
2033.87
2033.09
2031.41
2029.84
2029.08
2030.36
2030.2
2038.83
2040.19
2039.59
2039.94
2039.21
2038.31
2038.72
2039.91
2040.79
2041.6
2040.89
2041.21
2041.29
2040.37
2040.26
2040.49
2038.68
2039.51
2039.73
2039.53
2039.73
2039.53
2040.59
2040.44
2041.27
2041.17
2040.32
2039.93
2040.19
2041.09
2040.42
2039.36
2037.88
2036.54
2037.35
2037.54
2036.9
2037.37
2037.34
2037.58
2037.15
2037.67
2037.53
2036.84
2036.71
2037.3
2036.37
2037.16
2036.68
2036.05
2034.23
2033.13
2032.99
2032.96
2032.95
2031.55
2032.15
2032.2
2032.37
2032.24
2030.53
2029.31
2028.88
2027.52
2028.79
2028.7
2028.13
2029.31
2029.15
2028.07
2028.73
2028.02
2025.57
2025.47
2025
2025.53
2025.47
2025.92
2026.5
2026.4
2027.39
2028.11
2028.86
2028.62
2029.14
2029.1
2028.9
2027.97
2027.15
2026.05
2024.2
2024.04
2024.09
2024.65
2025.11
2024.56
2023.08
2025.44
2025.92
2025.51
2025.03
2024.66
2025.78
2026.91
2026.88
2026.16
2027.71
2028.4
2028.32
2029.36
2029.77
2030.36
2029.84
2029.31
2029.53
2029.52
2029.35
2028.73
2029.58
2029.82
2030.4
2031.46
2031.72
2031.84
2031.17
2030.48
2030.13
2030.14
2030.09
2030
2029.17
2029.24
2030.09
2030.5
2031.02
2031.6
2031.78
2032.68
2032.75
2032.71
2032.97
2032.49
2033.14
2033.02
2032.38
2032.42
2032.38
2032.47
2032.26
2032.14
2032.76
2034.01
2034.04
2035.22
2034.9
2034.97
2034.91
2034.83
2035.15
2034.51
2036.05
2035.77
2035.35
2036.02
2035.93
2035.25
2035.61
2035.57
2035.41
2034.8
2034.88
2034.54
2033.72
2033.81
2033.83
2034.06
2034.05
2034.73
2034.52
2034.64
2034.72
2034.9
2034.99
2035.1
2035.38
2034.11
2034.59
2033.79
2033.57
2032.89
2032.29
2032.54
2032.42
2032.84
2032.68
2031.56
2031.2
2030.98
2031.54
2031.44
2031.77
2031.38
2031.59
2030.64
2030.44
2030.35
2030.97
2031.76
2032.92
2032.98
2032.43
2032.65
2032.71
2032.93
2032.78
2032.67
2032.06
2031.73
2031.62
2031.89
2032.13
2032.6
2032.95
2032.62
2033.35
2033.76
2033.54
2033.17
2032.84
2032.28
2029.84
2033.8
2034.18
2033.25
2032.51
2030.22
2030.71
2025.72
2024.99
2024.58
2025.37
2027.53
2027.18
2026.76
2029.11
2027.94
2028.58
2028.04
2028.54
2027.34
2026.69
2026.56
2026.91
2025.14
2023.83
2021.95
2021.85
2022.28
2022.07
2018.44
2018.47
2019.09
2020.68
2022.03
2020.34
2021.72
2023.57
2022.97
2024.28
2024.01
2022.68
2024.83
2026.65
2024.74
2024.76
2025.58
2024.18
2022.45
2021.62
2021.12
2020.34
2018.91
2015.84
2014.49
2015.77
2016.77
2015.76
2013.74
2012.67
2013.74
2010.89
2008.91
2009.17
2009.04
2002.92
2003.92
2005.11
2004.87
2004.08
2005.46
2004.51
2003.57
2004.15
2002.65
2005.92
2005.61
2002.35
2002.02
2000.68
1999.3
1999.3
1999.1
1997.34
1997.58
1995.93
1995.81
1992.57
1993.8
1994.4
1994.39
1993.69
1995.23
1994.88
1997.75
1997.9
1997.26
2000.37
2001.41
2000.52
1998.78
1994.64
1994.64
2002.87
2001.81
2002.11
1994.64
2002.1
2000.19
1998.68
1999.88
1998.91
1999.06
1999.51
1997.85
1994.88
1998
1999.5
1999.85
2000.08
1999.12
1998.96
1994.64
1997.15
1995.72
1997.7
2000.63
2000.37
1999.21
1994.64
1999.3
1998.29
1997.84
2000.37
1994.94
1994.38
1994.09
1995.68
1993.06
1990.71
1996.64
1990.97
1990.88
1994.64
1990.96
1996.46
1991.22
1992.61
1993.05
1991.79
1994.64
1992.61
1991.86
1996.64
1994.89
1993.05
1992.36
1992.22
1991.45
2001.02
1991.55
1991.51
1994.4
1993.66
2001.02
1994.91
2001.02
1996.23
1995.61
1996.64
1996.64
1994.62
1996
1996.49
1996.41
2001.02
1996.64
1993.42
1993.83
1994.68
1995.35
1996.58
1996.8
1997.12
1998.06
1998.31
1997.91
1997.66
1998.74
2000
2000
2001
2000.21
1999.2
1999.49
1999.04
1999.33
1998.6
1999.06
2000.16
2000.29
2001.04
1994.64
1996.46
2002.5
1996.46
1994.64
2001.1
1996.46
2001.12
2001.41
2001.44
2001.18
2001.6
2003.14
2004.92
2001.02
2003.34
2003.58
2004.53
2004.52
2004.54
2002.75
2003.3
2003.58
2003.14
2004.6
1996.46
2005.35
2005.5
2005.77
2006.11
2010.59
1994.64
2009.63
2010.37
2011.6
2011.7
2012.04
2013.12
2013.23
2013.23
2012.37
2000.37
2012.09
2011.95
2011.06
2011.25
2010.82
2010.52
1996.46
2011.78
1996.46
2009.05
2008.44
2009.17
2009.21
2010.61
2010.34
2009.97
2011.35
2011.29
1996.46
1996.46
2000.37
2013
2013.6
2015.77
2015.7
2015.71
2015.58
2015.95
2015.72
2014.9
2014.43
1996.64
2000.37
2015.27
2014.62
2013.46
2013.61
2014.09
2013.4
2013.27
2011.81
2012.65
2012.32
2011.56
2013.12
2013.38
2013.43
2013.86
2014.1
2012.95
2012.74
2013.78
2000.37
2015.66
2014.33
2015.18
1996.46
2020.56
2001.02
2019.96
2020.47
2020.01
2020.38
2022.1
2024.12
2022.2
2021.1
2021.22
2020.6
2020.6
2020.6
2021.53
1996.46
1996.46
2020.17
2020.23
2014.19
2012.42
2013.08
2013.49
2013.21
2013.77
2015.24
2016.05
2016.24
2016.27
2018.57
2018.37
2017.27
2016.61
2015.8
2015.44
2015.1
2016.5
2015.6
2016.12
2017.23
2016.6
2016.56
2015.2
2014.08
2013.82
2014.37
2013.45
2014.18
2015
2015.56
2012.42
2011.75
2010.84
2011.23
2011.28
2009.51
2009.8
2009.47
2010.66
2010.31
2010.84
2011.9
2011.19
2009.45
2009.94
2009.28
2008.86
2008.7
2015.23
2008.15
2009.07
2009.57
2008.81
2007.99
2006.95
2005.06
2004.6
2003.87
2003.99
2003
2003.71
2004.78
2005.22
2005.35
2015.23
2005.75
2007.38
2007.79
2007.63
2008.63
2008.71
2010.12
2009.29
2009.38
2008.78
2008.78
2007.1
2007.92
2006.8
2005.74
2005.55
2004.67
2006.22
2007.54
2007.91
2008.07
2008.03
2008.8
2009.27
2009.07
2005.36
2005.59
2005.92
2004.33
2003.78
2001.77
2000.55
2000.52
2001.45
2001.65
2002.16
2002.29
2002.28
2001.46
2002.45
2005.78
2005.95
2006.42
2006.49
2006.55
2005.65
2006.15
2006.06
2005.04
2004.86
2005.16
2004.67
2002.76
2001.67
2002.12
2003.02
2003
2004.52
2004.64
2004.83
2003.28
2002.92
2003.05
2003.19
2002.83
2002.04
2005.07
2005.71
2005.67
2007.46
2007.89
2010.83
2010.83
2014.33
2014.19
2013.86
2013.95
2013.42
2014.03
2015.02
2015.26
2014.72
2014.13
2014.71
2013.93
2014.12
2013.67
2013.38
2013.69
2013.7
2013.55
2012.63
2011.73
2012.05
2011.9
2012.08
2011.74
2012.06
2011.35
2010.2
2010.78
2010.62
2015.23
2010.49
2010.57
2010.35
2010.8
2010.33
2009.38
2009.48
2007.71
2007.94
2008.09
2008.23
2009.68
2009.89
2010.47
2010.48
2010.61
2010.37
2009.89
2008.99
2009.57
2009.57
2009.38
2008.93
2008.53
2007.93
2007.2
2005.59
2005.52
2005.81
2006.6
2006.11
2007.11
2007.39
2008.24
2008.56
2008.11
2009.39
2015.23
2010.56
2010.69
2010.41
2010.27
2009.73
2010.26
2015.23
2009.87
2009.07
2008.92
2009.64
2012.23
2012.94
2012.8
2013.87
2014.6
2014.5
2014.4
2013.88
2013.81
2013.97
2014.4
2015.66
2015.92
2015.45
2015.85
2014.94
2015.23
2013.72
2014.31
2014.5
2014.03
2014.16
2014.85
2015.8
2015.77
2018.33
2018.98
2018.42
2018.87
2019.18
2021.39
2022.87
2022.48
2021.35
2020.04
2015.23
2019.23
2018.23
2016.91
2016.39
2015.23
2013.5
2011.11
2009.81
2008.57
2008.3
2008.74
2010.65
2009.53
2008.85
2004.2
2004.74
2006.53
2007.98
2005.23
2003.18
2000.48
2000.52
2001.45
2004
2002.06
2003.28
2002.83
2004.85
2004.49
2004.11
2004.08
2001.81
2002.89
2002.93
2005.17
2002.71
2000.16
1998.23
1999.94
1998.68
1998.77
1997.1
1996.15
1995.69
1995.34
1993.45
