158.69
159.38
158.86
158.88
158.99
158.8
158.68
158.88
158.93
158.7
158.71
158.47
158.66
158.63
158.71
158.73
158.85
158.79
158.88
158.88
159.07
158.86
159.08
159.01
158.92
159.05
159.14
158.7
158.52
159.05
158.65
158.38
158.6
158.53
158.66
158.52
158.56
157.92
157.83
157.9
157.97
158.02
157.98
158.32
158.32
158.26
157.94
158.03
158.23
158.12
158.06
158.31
158.17
158.32
158.5
158.52
158.5
158.26
158.22
158.19
158.45
158.18
158.49
158.44
158.33
158.35
158.37
158.44
158.39
158.29
158.08
158.34
158.33
158.06
158.35
158.17
158.2
158.23
158.29
157.69
158.21
158.29
158.16
157.88
157.68
158.19
157.73
157.84
157.85
157.92
157.62
157.63
157.85
157.88
157.76
157.86
157.76
157.97
158.03
157.95
157.85
157.84
157.76
157.6
157.97
157.52
157.49
157.43
157.38
157.13
156.8
157.04
157.11
157.13
157.05
157.14
157.23
157.14
157.19
157.09
157.07
157.27
157.14
157.24
157.17
157.22
157.24
157.32
157.34
157.32
157.28
157.32
157.27
157.22
157.02
157.07
156.85
156.89
157.01
156.95
156.87
156.93
156.98
157.03
156.97
157.05
156.96
157.03
156.97
156.98
156.9
156.96
156.92
156.97
156.88
156.8
156.62
156.59
156.55
156.65
156.79
156.73
156.66
156.71
156.79
156.79
156.83
156.59
156.57
156.61
156.74
156.82
156.73
157.14
157.14
157.2
157.21
157.19
157.29
157.33
157.33
157.46
157.43
157.49
157.42
157.51
157.5
157.55
157.54
157.62
157.5
157.88
157.88
157.66
157.79
157.7
157.65
157.66
157.63
157.53
157.43
157.43
157.26
157.54
157.14
157.06
157.05
157.04
156.93
157.12
157
156.95
156.99
156.87
156.96
156.98
157.02
157
156.98
156.89
156.88
156.93
156.9
156.97
156.84
156.79
156.78
156.83
156.86
156.9
156.8
156.81
156.83
156.85
155.99
156.04
156.04
156.05
156.07
156.1
156.07
156
155.86
155.79
155.81
155.89
155.88
155.98
156.02
155.92
154.38
154.58
154.31
154.3
154.26
154.02
154.3
154.41
154.48
154.27
154.33
154.39
154.28
153.82
154.19
154.09
153.88
154.11
153.97
153.82
153.77
153.68
153.48
153.57
153.64
153.97
154.06
153.87
153.85
153.72
153.66
153.76
153.72
153.75
153.79
153.85
153.77
153.78
153.52
153.37
153.34
153.71
153.27
152.82
152.93
153.2
153.25
153.3
152.95
153.06
153.1
153.01
152.9
152.98
152.94
152.97
152.85
152.79
152.91
152.84
152.65
152.59
152.77
152.76
152.73
152.85
152.8
152.81
152.9
152.94
152.92
153.02
153.05
153.06
153
153.12
153.05
153.1
153.33
153.13
153.17
153.47
153.51
153.4
153.42
153.14
153.18
153.18
153.24
153.25
153.19
153.24
153.26
153.28
153.24
153.13
153.23
153
153.05
152.99
153.02
153
153.14
153.24
153.36
153.36
153.32
153.29
153.25
153.31
153.31
153.4
153.18
153.1
153.03
152.96
152.99
153.17
153.09
153.12
153.15
153.23
153.21
153.15
153.29
153.26
153.26
153.19
153.13
153.01
152.93
153.08
153.06
153.13
152.86
152.86
153.03
153.01
153.02
152.99
152.98
152.95
152.93
152.94
153.02
153
153.17
153.07
153.25
153.28
153.35
153.47
153.57
153.28
153.5
153.57
153.72
153.79
153.52
153.77
153.77
153.73
153.75
153.67
153.64
153.57
153.62
153.73
153.58
153.7
153.69
153.67
153.73
153.62
153.61
153.7
153.68
153.67
153.7
153.65
153.6
153.7
153.68
153.75
153.74
153.72
153.79
153.72
153.74
153.75
153.73
153.75
153.71
153.75
153.82
153.8
153.91
154
154.04
154.15
154.16
154.14
154.24
154.32
154.28
154.1
154.28
154.31
154.33
154.32
154.49
154.55
154.48
154.57
154.56
154.53
154.59
154.42
154.42
154.26
154.25
154.15
154.17
154.2
154.17
154.14
154.13
154.15
154.14
154.12
154.06
154.09
154.13
154.18
154.22
154.34
154.24
154.39
154.45
154.58
154.67
154.71
154.67
154.68
154.55
154.68
154.6
154.65
154.6
154.7
154.66
154.72
154.67
154.76
154.41
154.49
154.45
154.48
154.28
154.33
154.22
154.33
154.32
154
154.02
154.14
153.88
153.94
154.03
153.89
153.86
153.9
153.98
154
154.08
154.1
153.99
153.86
153.81
153.81
153.84
154
154.37
154.4
154
154.29
154.19
154.18
154.24
154.44
154.25
154
154.32
154.11
154.11
154.26
154.27
153.92
154.39
154.14
153.92
153.82
153.67
153.87
153.87
154.02
153.93
153.94
153.96
153.92
154.05
153.98
153.85
154
153.69
153.68
153.78
153.74
153.82
153.7
153.87
153.73
153.75
153.73
153.92
153.87
153.85
153.76
153.91
153.81
153.86
153.8
153.73
153.66
153.7
153.8
153.65
153.77
153.79
153.69
153.77
153.56
153.49
153.54
153.52
153.71
153.71
153.45
153.52
153.52
153.34
153.45
153.37
153.18
153.15
153.11
153.16
153.22
153.55
153.4
153.32
153.29
153.22
153.22
153.12
153.18
153.15
153.15
153.17
152.98
152.91
152.91
152.62
152.9
152.8
152.92
152.81
152.67
152.85
152.97
152.92
152.79
152.83
152.84
152.85
152.84
152.89
152.86
152.73
152.8
152.83
152.93
152.98
152.96
152.84
152.85
152.92
152.87
152.84
152.86
152.94
152.93
152.99
152.93
152.94
152.91
153.06
152.95
153.11
153.04
153.06
152.96
153.11
153.15
153.22
153.38
153.23
153.28
153.34
153.4
153.43
153.34
153.35
153.36
153.46
153.43
153.39
153.45
153.59
153.52
153.47
153.54
153.45
153.63
153.71
153.68
153.68
153.82
153.8
153.77
153.7
153.75
153.86
153.91
153.96
153.95
153.88
153.91
153.88
153.87
153.83
153.83
153.74
153.7
153.75
153.7
153.62
153.62
153.73
153.56
153.71
153.68
153.68
153.71
153.69
153.67
153.66
153.66
153.57
153.76
153.46
153.41
153.54
153.57
153.58
153.52
153.5
153.35
153.33
153.41
153.45
153.46
153.45
153.5
153.45
153.52
153.43
153.44
153.43
153.45
153.66
153.45
153.64
153.66
153.72
153.73
153.68
153.59
153.51
153.55
153.58
153.58
153.71
153.79
153.78
153.56
153.88
153.87
153.7
153.76
153.7
153.46
153.59
153.67
153.57
153.7
153.55
153.61
153.3
153.3
153.34
153.14
153.34
153.38
153.24
153.42
153.37
153.3
153.13
153.11
153.27
153.18
153.24
153.3
153.14
152.98
152.79
152.92
153
152.77
152.63
152.99
152.69
152.82
152.8
152.92
152.81
152.9
152.86
152.99
152.85
152.86
153.04
152.99
153.07
152.99
153.11
153.03
152.89
153
153.05
152.9
152.76
152.55
152.4
152.49
152.55
152.52
152.46
152.31
152.35
152.2
152
152.01
152.07
151.81
151.82
151.97
151.95
151.87
151.98
152.13
151.81
151.57
151.82
152.2
152
151.53
151.68
151.61
151.33
151.18
151.21
150.66
150.7
150.59
150.52
150.36
150.54
150.67
150.56
151.2
151.19
150.85
151.06
150.87
151.06
151.23
151.48
151.26
150.86
151.35
151.42
151.38
151.23
150.73
150.85
150.66
150.61
150.67
151.12
150.24
150.24
150.1
150.06
149.62
149.94
150.73
150.3
150.61
151.23
149.73
150.64
150.43
149.67
150.5
150.81
150.83
150.69
150.7
150.6
150.53
150.56
150.34
150.21
150.13
150.66
150.36
150.27
150.05
150.34
150.42
150.51
150.73
150.47
150.41
150.41
150.46
150.46
150.4
150.46
150.39
150.32
151.64
151.23
151.38
152.94
152.85
152.95
152.81
153.17
153.62
153.79
150.86
153.73
152.92
153.08
153.22
150.67
152.93
150.27
152.74
152.51
150.27
152.95
152.55
152.45
152.35
152.49
152.37
150.67
152.5
152.61
152.38
152.79
152.37
152.2
150.27
152.12
152.69
152.21
152.3
150.86
150.27
152.91
152.59
152.57
150.86
152.84
152.89
152.76
150.86
152.66
152.91
152.93
152.93
152.9
152.78
152.78
152.85
152.84
152.85
152.91
152.84
152.97
153.06
152.87
152.96
152.9
152.99
153.06
153.03
153.1
152.93
152.74
152.76
152.81
152.73
152.9
152.92
152.78
152.93
153.02
153.27
153.02
153.09
151.23
150.27
153.53
151.38
153.53
153.55
150.86
153.55
153.54
153.64
153.29
153.48
153.47
153.47
153.61
153.62
153.75
153.68
150.27
153.76
153.64
153.82
153.8
153.69
153.66
153.66
150.86
153.71
153.82
153.75
153.88
154.2
153.89
153.84
153.84
154.33
154.28
154.31
150.86
154.49
154.44
154.43
154.27
150.27
151.23
154.24
151.38
150.67
154.29
154.26
154.31
154.33
154.36
154.34
154.21
154.52
154.63
154.54
150.27
154.31
154.7
154.86
154.84
150.86
154.82
155.29
150.86
155.49
155.46
151.23
155.22
155.23
155.32
155.16
155.15
155.13
150.67
155.11
151.23
151.23
155.23
155.15
155.15
150.67
154.46
154.04
154.07
153.94
153.98
154.5
154.79
154.82
154.49
153.79
154.13
154.13
154.13
154.18
154.02
153.93
153.75
153.96
153.92
154.15
154.24
154.04
154.1
154.05
153.96
154.12
154.21
154.09
154.38
154.41
154.33
154.12
154.13
154.08
154.13
154.19
154.38
154.17
154.4
154.18
154.18
154.1
154.12
154.16
153.98
153.94
154.02
153.9
154.01
154.04
154.19
154.26
154.27
153.89
153.96
154.38
153.96
154.06
153.99
153.97
153.94
154.04
154.07
154.03
154.01
153.95
154.06
154.01
154.38
153.89
154.22
154.22
154.25
154.16
154.24
154.05
154.08
154.08
154.24
154.08
153.96
153.86
154.38
153.98
154.05
154
153.95
154.25
153.86
154.38
154.33
153.83
154.2
154.27
154.11
154.08
154.1
153.81
153.74
153.75
154.04
154.08
153.74
153.71
154.04
153.93
153.79
153.86
153.84
153.67
153.67
153.72
153.62
153.58
153.73
153.66
153.8
153.7
153.56
153.4
153.5
153.65
153.63
153.74
153.6
153.59
153.57
153.59
153.6
153.64
153.71
153.67
153.6
153.86
153.57
153.57
153.95
153.76
154.3
154.36
154.37
154.37
154.32
154.26
154.23
154.34
154.38
154.5
154.62
154.29
154.24
154.25
154.4
154.36
154.34
154.39
154.42
154.32
154.42
154.44
154.41
154.36
154.41
154.49
154.38
154.41
154.41
154.42
154.46
154.43
154.45
154.42
154.49
154.41
154.41
154.4
154.3
154.28
154.48
154.46
154.39
154.45
154.55
154.4
154.37
154.47
154.46
154.42
154.41
154.35
154.38
154.39
154.43
154.42
154.44
154.51
154.39
154.24
154.23
154.15
154.27
154.38
154.38
154.2
154.28
154.35
154.39
154.36
154.35
154.27
154.33
154.32
154.35
154.28
154.29
154.34
154.11
154.36
154.22
154.47
154.49
154.64
154.75
154.77
154.29
154.72
154.48
154.48
154.64
154.75
154.8
154.76
154.86
154.86
154.6
154.86
154.79
154.69
154.45
154.5
154.51
154.45
154.64
154.82
154.44
154.83
154.56
154.56
155.14
155.2
155.21
155.1
155.11
155.01
154.94
154.89
154.71
154.71
154.6
154.52
154.4
154.49
154.01
154.07
153.97
154.08
154.01
154.02
153.64
154.07
153.84
153.93
153.78
153.69
153.35
153.61
153.28
153.45
153.38
153.34
153.38
153.48
153.44
153.46
153.3
153.33
153.36
153.42
153.56
153.35
153.27
153.14
153.13
153.36
153.3
153.22
153.24
153.2
153.18
153.07
