42.4
42.37
42.47
42.47
42.47
42.49
42.3
42.45
42.45
42.34
42.42
42.31
42.23
42.3
42.32
42.33
42.3
42.4
42.3
42.34
42.35
42.35
42.24
42.39
42.2
42.17
42.2
42.13
42.18
42.18
42.18
42.06
42.08
42.08
42.16
42.16
42.08
42.08
42.07
42.17
42.17
42.16
42.16
42.16
42.22
42.16
42.17
42.16
42.18
42.16
42.16
42.16
42.16
42.2
42.26
42.25
42.28
42.29
42.31
42.3
42.12
42.2
42.22
42.15
42.13
42.14
42.15
42.17
42.19
42.16
42.14
42.16
42.14
42.16
42.14
42.15
42.14
42.13
42.13
42.12
42.13
42.14
42.15
42.17
42.18
42.15
42.14
42.15
42.19
42.17
42.14
42.13
42.13
42.12
42.1
42.11
42.1
42.08
42.12
42.08
42.1
42.13
42.13
42.14
42.09
42.18
42.08
42.12
42.09
42.09
42.08
42.11
42.11
42.13
42.13
42.11
42.11
42.1
42.13
42.11
42.11
42.1
42.11
42.13
42.14
42.17
42.19
42.2
42.23
42.23
42.25
42.26
42.26
42.26
42.29
42.29
42.36
42.37
42.33
42.35
42.36
42.34
42.29
42.36
42.28
42.32
42.24
42.24
42.22
42.23
42.25
42.24
42.24
42.22
42.2
42.21
42.18
42.18
42.21
42.18
42.22
42.26
42.24
42.23
42.25
42.24
42.25
42.21
42.21
42.21
42.22
42.25
42.25
42.29
42.31
42.31
42.32
42.27
42.3
42.32
42.28
42.33
42.33
42.3
42.29
42.26
42.28
42.26
42.32
42.28
42.29
42.33
42.31
42.35
42.34
42.35
42.34
42.34
42.34
42.34
42.31
42.31
42.32
42.29
42.3
42.3
42.31
42.27
42.28
42.27
42.27
42.26
42.28
42.28
42.29
42.28
42.26
42.23
42.24
42.23
42.25
42.25
42.23
42.23
42.23
42.22
42.21
42.23
42.24
42.22
42.23
42.24
42.24
42.22
42.24
42.25
42.29
42.24
42.32
42.31
42.3
42.29
42.3
42.3
42.32
42.32
42.29
42.29
42.29
42.3
42.33
42.27
42.28
42.46
42.38
42.43
42.43
42.43
42.31
42.35
42.39
42.39
42.35
42.4
42.36
42.39
42.36
42.34
42.3
42.28
42.33
42.29
42.27
42.28
42.29
42.28
42.33
42.36
42.3
42.38
42.38
42.4
42.43
42.41
42.4
42.4
42.26
42.3
42.26
42.29
42.26
42.36
42.26
42.28
42.37
42.35
42.36
42.21
42.2
42.24
42.21
42.21
42.21
42.22
42.2
42.22
42.25
42.25
42.22
42.25
42.23
42.23
42.24
42.21
42.22
42.23
42.28
42.25
42.26
42.26
42.26
42.24
42.24
42.24
42.21
42.22
42.26
42.22
42.22
42.22
42.27
42.21
42.27
42.26
42.24
42.24
42.23
42.25
42.26
42.27
42.27
42.24
42.27
42.35
42.31
42.34
42.28
42.29
42.34
42.33
42.35
42.31
42.34
42.35
42.38
42.37
42.35
42.35
42.37
42.38
42.4
42.42
42.38
42.37
42.35
42.38
42.39
42.4
42.39
42.41
42.42
42.45
42.41
42.42
42.44
42.42
42.41
42.43
42.42
42.4
42.4
42.35
42.35
42.35
42.36
42.35
42.35
42.36
42.35
42.36
42.37
42.35
42.36
42.36
42.35
42.36
42.35
42.34
42.34
42.33
42.38
42.42
42.42
42.45
42.43
42.45
42.47
42.49
42.49
42.46
42.43
42.43
42.44
42.44
42.42
42.4
42.39
42.4
42.44
42.43
42.37
42.35
42.39
42.39
42.36
42.39
42.39
42.38
42.42
42.42
42.42
42.41
42.42
42.4
42.44
42.39
42.38
42.38
42.4
42.4
42.4
42.41
42.4
42.41
42.38
42.4
42.41
42.42
42.42
42.39
42.41
42.42
42.42
42.43
42.42
42.42
42.4
42.4
42.41
42.41
42.43
42.42
42.41
42.44
42.42
42.39
42.36
42.35
42.35
42.33
42.34
42.37
42.37
42.35
42.34
42.35
42.33
42.35
42.35
42.37
42.38
42.37
42.38
42.4
42.4
42.47
42.47
42.47
42.46
42.47
42.45
42.46
42.46
42.47
42.47
42.5
42.49
42.46
42.48
42.49
42.48
42.49
42.49
42.49
42.4
42.44
42.43
42.43
42.43
42.43
42.41
42.41
42.37
42.37
42.36
42.38
42.36
42.36
42.36
42.35
42.38
42.38
42.4
42.43
42.43
42.45
42.42
42.35
42.43
42.44
42.4
42.17
42.31
42.06
42.1
42.17
42.15
42.2
42.19
42.19
42.17
42.11
42.11
42.16
42.06
42.07
42.09
42.08
42.15
42.1
42.1
42.12
42.07
42.13
42.11
42.11
42.16
42.13
42.14
42.16
42.11
42.15
42.12
42.16
42.2
42.17
42.2
42.19
42.21
42.2
42.17
42.18
42.17
42.21
42.19
42.21
42.18
42.2
42.22
42.23
42.19
42.21
42.19
42.18
42.15
42.16
42.12
42.15
42.22
42.14
42.13
42.16
42.17
42.1
42.13
42.07
42.08
42.05
42.08
42.06
42.09
42.09
42.06
42.06
42.05
42.05
42.04
42.03
42.04
42.05
42.04
42.08
42.06
42.1
42.14
42.12
42.21
42.13
42.15
42.14
42.15
42.08
42.09
42.07
42.11
42.11
42.05
42.08
42.08
42.1
42.07
42.05
42.05
42.09
42.1
42.08
42.08
42.1
42.06
42.08
42.1
42.09
42.1
42.1
42.08
42.11
42.1
42.09
42.1
42.11
42.09
42.09
42.12
42.12
42.08
42.05
42.05
42.05
42.12
42.06
42.02
42.09
42.06
42.04
42.04
42.03
42.04
42.01
42.06
42.06
42.05
42.04
42.04
42.1
42.05
42.04
42.02
42.02
42.1
41.99
41.97
41.98
41.98
42
41.99
41.99
41.97
41.98
42
41.97
42
42.01
42.03
41.99
41.99
41.97
41.97
41.98
41.98
41.97
41.93
41.94
41.94
41.91
41.83
41.82
41.8
41.84
41.86
41.87
41.83
41.88
41.88
41.9
41.9
41.93
41.89
41.87
41.88
41.86
41.83
41.81
41.8
41.8
41.79
41.78
41.68
41.67
41.63
41.65
41.67
41.69
41.66
41.65
41.65
41.67
41.67
41.66
41.66
41.67
41.66
41.66
41.65
41.67
41.66
41.65
41.65
41.64
41.65
41.65
41.66
41.69
41.7
41.68
41.7
41.71
41.72
41.75
41.74
41.75
41.74
41.74
41.73
41.76
41.75
41.71
41.68
41.65
41.64
41.65
41.63
41.65
41.65
41.65
41.66
41.7
41.67
41.63
41.67
41.65
41.63
41.62
41.63
41.64
41.61
41.59
41.58
41.62
41.56
41.54
41.53
41.53
41.58
41.53
41.53
41.56
41.58
41.58
41.55
41.55
41.54
41.58
41.61
41.61
41.59
41.52
41.58
41.54
41.5
41.55
41.48
41.56
41.52
41.42
41.4
41.46
41.48
41.45
41.43
41.46
41.47
41.46
41.4
41.4
41.38
41.27
41.24
41.22
41.24
41.24
41.28
41.37
41.38
40.99
40.81
40.97
40.57
40.64
40.96
40.63
40.55
40.67
40.6
40.59
40.6
40.57
40.59
40.57
40.56
40.57
40.6
40.63
40.59
40.61
40.61
40.62
40.61
40.69
40.67
40.76
40.67
40.61
40.65
40.61
40.58
40.56
40.55
40.6
40.53
40.51
40.69
40.67
40.57
40.45
40.4
40.4
40.67
40.61
40.4
40.34
40.35
40.67
40.35
40.34
40.3
40.29
40.44
40.4
40.67
40.33
40.67
40.67
40.67
40.67
40.24
40.21
40.25
40.26
40.19
40.16
40.15
40.13
40.09
40.06
40.11
40.04
40.04
40.07
40.09
40.67
40.08
40.1
40.14
40.37
40.21
40.67
40.11
40.07
40
40.1
40.67
40.67
40.07
40.06
40.04
40.01
40.2
39.99
39.96
40.18
40.14
40.15
40.67
40.14
40.17
40.15
40.15
40.13
40.61
40.14
40.16
40.67
40.18
40.23
40.25
40.17
40.27
40.28
40.31
40.37
40.37
40.39
40.37
40.3
40.28
40.36
40.31
40.28
40.27
40.28
40.28
40.3
40.29
40.35
40.35
40.36
40.67
40.35
40.35
40.61
40.39
40.67
40.57
40.36
40.39
40.67
40.35
40.33
40.35
40.38
40.61
40.35
40.35
40.35
40.39
40.4
40.44
40.37
40.46
40.45
40.47
40.42
40.64
40.67
40.62
40.68
40.71
40.76
40.67
40.79
40.76
40.76
40.74
40.57
40.79
40.67
40.68
40.66
40.57
40.62
40.63
40.62
40.62
40.56
40.58
40.61
40.67
40.56
40.55
40.37
40.53
40.53
40.54
40.55
40.37
40.54
40.56
40.58
40.61
40.63
40.62
40.61
40.6
40.67
40.6
40.67
40.62
40.59
40.57
40.57
40.56
40.67
40.59
40.53
40.49
40.45
40.46
40.46
40.5
40.45
40.49
40.67
40.48
40.47
40.61
40.46
40.61
40.46
40.61
40.49
40.49
40.49
40.57
40.61
40.66
40.67
40.7
40.7
40.76
40.72
40.72
40.61
40.77
40.77
40.77
40.67
40.67
40.67
40.68
40.71
40.3
40.3
40.45
40.5
40.53
40.32
40.69
40.74
40.69
40.38
40.71
40.72
40.73
40.69
40.69
40.7
40.74
40.8
40.78
40.72
40.92
40.74
40.95
40.92
40.92
40.8
40.93
40.9
40.97
40.95
40.87
40.8
40.8
40.74
40.78
40.76
40.79
40.91
40.82
40.83
40.84
40.84
40.9
40.85
40.77
40.84
40.81
40.77
40.79
40.78
40.83
40.9
40.86
40.88
40.81
40.81
40.78
40.8
40.72
40.77
40.74
40.79
40.83
40.84
40.83
40.82
40.81
40.9
40.88
40.88
40.81
40.81
40.85
40.81
40.77
40.85
40.85
40.84
40.82
40.76
40.74
40.94
40.73
40.74
40.76
40.73
40.69
40.7
40.69
40.73
40.64
40.61
40.57
40.56
40.51
40.51
40.54
40.47
40.47
40.53
40.49
40.52
40.5
40.56
40.56
40.67
40.71
40.71
40.74
40.69
40.7
40.71
40.72
40.7
40.7
40.71
40.69
40.69
40.72
40.7
40.69
40.71
40.72
40.72
40.74
40.76
40.71
40.72
40.72
40.71
40.7
40.75
40.74
40.78
40.77
40.79
40.8
40.86
40.86
41.01
41.03
41.02
41.01
41
41.01
41.04
40.94
40.99
41.01
41.08
41.01
41.07
41.09
41.12
41.16
41.16
41.15
41.18
41.19
41.16
41.16
41.15
41.13
41.11
41.16
40.94
41.14
41.11
41.12
41.11
41.1
41.1
41.15
41.1
41.13
41.12
41.07
41.06
41.08
41.1
41.15
41.1
41.11
40.94
41.12
41.13
41.15
41.14
41.17
41.17
41.17
41.17
41.13
41.11
41.15
41.01
41.03
41.03
41.04
41.01
41.03
41.03
41.04
41.05
40.94
41.13
41.13
41.06
41.13
41.07
41.13
41.16
41.19
41.22
41.2
41.21
41.17
41.18
41.17
41.2
41.2
41.23
41.24
41.24
41.22
41.25
41.19
41.2
41.23
41.29
41.26
41.29
41.35
41.3
41.31
41.34
41.29
41.31
41.35
41.31
41.4
41.41
41.42
41.44
41.37
41.41
41.4
41.42
41.47
41.47
41.43
41.43
41.39
41.36
41.38
41.42
41.25
41.25
41.27
41.21
41.22
41.27
41.13
41.09
41.17
41.24
41.2
41.29
41.25
41.25
41.29
41.33
41.28
41.29
41.11
41.18
41.15
41.25
41.16
41.18
41.2
41.2
41.18
41.22
41.29
41.22
41.22
41.24
41.23
41.24
41.12
41.03
41.16
41.09
41.08
41.07
41.06
41.03
41.03
41.04
