91.21
91.13
91.12
91.06
90.97
90.96
90.96
91.05
91.05
90.86
90.74
90.83
90.87
90.86
90.91
91.01
90.91
90.95
90.97
91.14
91.05
91.05
91
91.18
91.11
91.11
91.34
91.43
91.43
91.46
91.46
91.45
91.45
91.47
91.46
91.44
91.53
91.47
91.4
91.47
91.52
91.57
91.57
91.47
91.67
91.64
91.56
91.52
91.56
91.63
91.51
91.69
91.69
91.64
91.64
91.77
91.77
91.77
91.77
91.76
91.76
91.82
91.77
91.8
91.8
91.79
91.79
91.8
91.8
91.77
91.74
91.81
91.82
91.81
91.81
91.89
91.85
91.74
91.74
91.7
91.68
91.68
91.71
91.69
91.68
91.54
91.54
91.54
91.59
91.63
91.6
91.57
91.51
91.59
91.59
91.66
91.73
91.84
91.59
91.82
91.68
91.84
91.66
91.82
91.74
91.82
91.86
91.85
91.84
91.8
91.78
91.84
91.83
91.83
91.85
91.85
91.83
91.85
91.85
91.85
91.91
91.9
92
91.85
91.85
92.02
92.03
92.03
92.05
91.98
91.95
91.89
91.89
91.91
91.84
91.88
91.89
91.85
91.85
91.86
91.88
91.86
91.88
91.93
91.92
91.9
91.9
91.85
91.85
91.95
91.93
91.87
91.88
91.88
91.84
91.81
91.81
91.79
91.8
91.75
91.75
91.79
91.79
91.82
91.82
91.82
91.84
91.72
91.73
91.76
91.79
91.81
91.81
91.89
91.89
91.92
91.92
91.92
91.95
92.06
92.08
92.18
92.18
92.15
92.21
92.22
92.2
92.2
92.2
92.2
92.22
92.35
92.31
92.3
92.36
92.31
92.29
92.29
92.32
92.36
92.38
92.38
92.38
92.37
92.25
92.35
92.29
92.29
92.27
92.31
92.31
92.31
92.32
92.29
92.32
92.35
92.31
92.24
92.25
92.24
92.29
92.26
92.17
92.2
92.17
92.18
92.2
92.17
92.18
92.24
92.17
92.2
92.2
92.35
92
92.01
92.08
92.14
92.08
92.09
92.08
92.07
92.03
92.07
92.02
92.02
92.02
92.01
92
92.02
91.07
91.06
90.85
90.88
90.74
90.7
90.78
90.78
90.75
90.79
90.75
90.75
90.67
90.76
90.67
90.74
90.68
90.61
90.55
90.54
90.61
90.58
90.64
90.74
90.78
90.78
90.84
90.8
91.09
90.98
91.08
91.17
91.22
91.24
91.14
91.17
91.17
91.26
91.27
91.32
91.27
91.26
91.33
91.1
91.25
91.27
91.2
91
90.86
91
90.77
90.76
90.8
90.8
90.81
90.82
90.75
90.78
90.75
90.73
90.76
90.82
90.76
90.81
90.75
90.78
90.71
90.75
90.75
90.82
90.82
90.82
90.87
90.82
90.9
90.93
90.92
90.92
90.92
90.92
90.89
90.89
91.04
91
91.01
91.01
91.01
90.97
90.99
90.99
90.99
90.97
90.99
91.04
90.99
91
90.98
91.01
91.06
91.05
91.01
91.16
91.35
91.2
91.25
91.36
91.37
91.24
91.19
91.27
91.27
91.28
91.31
91.29
91.29
91.29
91.33
91.33
91.31
91.34
91.37
91.37
91.37
91.37
91.38
91.43
91.42
91.38
91.32
91.44
91.44
91.32
91.24
91.32
91.32
91.23
91.23
91.24
91.27
91.27
91.27
91.3
91.24
91.24
91.31
91.29
91.34
91.32
91.31
91.31
91.31
91.48
91.33
91.65
91.64
91.45
91.49
91.61
91.63
91.75
91.72
91.72
91.72
91.66
91.74
91.67
91.68
91.66
91.76
91.7
91.69
91.71
91.71
91.71
91.68
91.68
91.7
91.7
91.7
91.67
91.67
91.71
91.78
91.8
91.75
91.72
91.74
91.75
91.77
91.76
91.76
91.76
91.76
91.79
91.78
91.78
91.78
91.85
91.85
91.85
91.85
91.87
91.94
91.94
92.03
92.03
91.96
91.93
91.96
91.93
92.04
91.98
91.97
92.04
92.09
92.07
91.97
92
91.93
92
91.98
91.98
91.98
92.01
92.03
91.81
91.74
91.77
91.82
91.84
91.76
91.75
91.71
91.71
91.71
92.04
91.84
91.84
91.9
92.05
91.99
92.11
92.04
92.05
92.03
92.08
92.04
92.02
91.97
91.97
91.91
91.85
91.89
91.78
91.93
91.7
91.63
91.57
91.59
91.56
91.49
91.54
91.32
91.3
91.36
91.35
91.24
91.24
91.35
91.39
91.36
91.41
91.46
91.38
91.52
91.44
91.38
91.41
91.37
91.43
91.32
91.77
91.87
91.91
92
91.93
91.95
91.97
91.97
91.92
91.81
91.93
91.78
91.8
91.86
91.86
91.9
91.73
91.77
91.69
91.67
91.66
91.57
91.61
91.61
91.66
91.59
91.59
91.64
91.48
91.51
91.58
91.31
91.25
91.21
91.21
91.25
91.18
91.19
91.2
91.24
91.24
91.24
91.24
91.18
91.18
91.18
91.11
91.2
91.18
91.16
91.03
91.17
91.01
91.05
90.99
90.84
90.82
91
91
90.86
90.66
90.57
90.86
90.6
90.89
90.49
90.5
90.83
90.53
90.47
90.49
90.47
90.46
90.46
90.41
90.43
90.46
90.45
90.46
90.51
90.55
90.6
90.56
90.56
90.49
90.43
90.42
90.45
90.36
90.32
90.25
90.29
90.15
90.2
90.23
90.16
90.06
90.17
90.15
90.09
90.15
90.15
90.23
90.25
90.28
90.27
90.1
90.29
90.18
90.33
90.34
90.33
90.34
90.25
90.28
90.22
90.13
90.15
90.16
90.15
90.15
90.2
90.28
90.28
90.18
90.27
90.25
90.22
90.32
90.29
90.24
90.3
90.27
90.27
90.33
90.29
90.35
90.36
90.27
90.34
90.16
90.35
90.34
90.32
90.38
90.3
90.29
90.33
90.32
90.31
90.35
90.33
90.36
90.35
90.35
90.36
90.4
90.32
90.24
90.35
90.28
90.37
90.37
90.35
90.4
90.4
90.35
90.35
90.38
90.37
90.37
90.35
90.32
90.32
90.35
90.33
90.38
90.39
90.41
90.39
90.39
90.39
90.39
90.38
90.38
90.4
90.4
90.31
90.35
90.23
90.17
90.18
90.17
90.2
90.16
90.15
90.13
90.15
90.15
90.12
90.11
90.14
90.15
90.07
90.05
90.09
90.09
90.08
90.06
90.04
90.18
90.16
90.18
90.18
90.17
90.13
90.13
90.07
90.05
90.03
90.04
90.04
90
90
90.06
90.12
90.07
90.1
90.07
90.04
90.06
90.08
90.13
90.21
90.16
90.18
90.01
90.02
90
90.06
90.05
90.05
90.06
90.03
90.08
89.99
90.06
89.94
90.04
90.04
90.05
89.95
89.99
89.84
89.84
89.75
89.87
89.76
89.78
89.64
89.68
89.64
89.69
89.68
89.75
89.55
89.76
89.72
89.72
89.82
89.83
89.98
89.98
89.9
89.82
89.98
89.83
89.78
89.8
89.88
89.94
89.62
89.53
89.5
89.5
89.52
89.47
89.36
89.32
89.47
89.25
89.05
89.17
89.1
88.96
88.92
88.92
88.93
88.86
88.96
88.96
88.93
88.71
88.68
88.68
88.81
88.59
88.56
88.46
88.47
88.52
88.24
88.14
88.33
88.33
88.1
87.99
88.27
88.23
88.52
88.18
88.18
88.18
88.34
88.15
88.31
88.48
88.46
88.27
88.3
88.3
88.57
88.41
88.18
88.51
88.41
88.41
88.51
88.38
88.39
88.18
88.18
88.43
88.23
88.4
88.18
88.44
88.18
88.5
88.48
88.29
88.49
88.19
88.27
88.34
88.34
88.49
88.47
88.48
88.56
88.35
88.46
88.46
88.49
88.49
88.16
88.58
88.58
88.18
88.5
87.95
88.45
87.86
87.88
87.86
87.93
87.98
87.98
87.89
87.95
88.05
87.93
88.04
88.09
87.92
87.89
87.94
87.85
87.89
87.82
87.82
87.86
88.23
87.8
88.54
88.18
88.14
88.08
87.99
88
88.09
88.14
88.18
88.08
88.08
87.99
88.03
88.1
88.18
88.23
88.37
88.27
88.27
88.12
88.31
88.23
88.29
88.33
88.44
88.44
88.46
88.23
88.45
88.48
88.45
88.48
88.38
88.46
88.19
88.5
88.58
88.75
88.75
88.75
88.63
88.65
88.19
88.45
88.43
88.48
88.46
88.48
88.5
88.72
88.52
88.73
88.68
88.71
88.79
88.69
88.72
88.57
88.57
89.03
88.19
88.18
89.14
88.23
89.15
89.18
89.16
89.17
88.23
89.25
89.25
89.41
89.44
89.45
89.48
89.6
89.6
89.63
89.65
89.65
89.58
89.61
89.59
89.43
89.45
89.44
89.45
89.45
89.54
89.53
88.48
89.53
89.55
88.54
89.56
89.67
89.65
89.65
89.7
89.68
89.68
88.54
89.79
89.78
89.77
89.76
89.76
89.71
89.67
89.64
88.54
88.19
88.54
89.71
89.72
89.74
89.71
89.74
89.7
89.7
89.66
89.66
89.66
89.65
89.63
89.69
88.18
89.78
89.75
89.72
88.23
89.77
88.19
89.8
89.78
89.78
89.78
89.98
90
90.05
88.18
90.07
90.2
90.27
90.28
90.28
90.13
88.48
88.48
88.48
90.26
90.26
90.26
90.32
90.17
89.92
89.86
89.71
89.51
89.85
89.86
89.89
89.87
89.86
89.88
89.99
90.01
89.99
89.89
89.8
89.71
89.82
89.89
89.77
89.88
89.96
89.9
89.85
89.79
89.82
89.72
89.7
89.73
89.78
89.77
89.73
89.73
89.73
89.75
89.77
89.71
89.66
89.65
89.65
89.65
89.75
89.76
89.73
89.77
89.75
89.75
89.73
89.73
89.74
89.74
89.78
89.82
89.9
89.74
89.8
89.74
89.74
89.73
89.75
89.71
89.73
89.74
89.78
89.75
89.75
89.71
89.76
89.79
89.72
89.82
89.78
89.7
89.86
89.78
89.8
89.78
89.78
89.73
89.76
89.78
89.68
89.64
89.72
89.74
89.74
89.68
89.82
89.86
89.88
89.95
89.63
89.81
89.78
89.77
89.77
89.77
89.68
89.64
89.76
89.75
89.6
89.59
89.75
89.67
89.63
89.77
89.84
89.81
89.75
89.75
89.89
89.86
89.9
89.89
89.9
89.92
89.93
89.9
89.82
89.94
89.82
89.84
89.91
90
90
90.01
90
89.92
89.95
89.94
89.89
89.82
89.81
90.01
89.93
90.05
90.09
90.21
90.21
90.27
90.2
90.13
90.21
90.15
89.78
90.19
90.15
90.15
90.11
90.15
90.08
90.1
90.07
90.01
90.04
89.78
90.04
90.01
89.95
89.96
89.93
89.93
89.93
90.01
90.01
89.92
89.95
89.96
89.96
89.92
89.93
89.9
89.91
89.91
89.88
89.88
89.84
89.85
89.89
89.92
89.88
89.89
90.13
89.88
89.85
90.08
90.01
89.98
90
89.99
89.98
89.98
89.78
89.98
89.89
89.84
89.86
89.86
89.91
89.87
89.96
90.04
89.78
90.12
90.02
90.02
90.09
90.1
90.17
90.13
90.13
90.09
90.07
90.07
90.07
90.12
90.01
90.06
90.02
90.04
90.15
90.17
90.18
90.15
90.15
90.11
90.14
90.11
90.12
89.78
90.17
90.18
90.22
90.14
90.09
90.07
90.1
90.17
90.09
89.78
90.16
90.08
90.2
90.34
90.34
90.32
90.28
90.19
90.34
90.41
90.37
90.25
90.27
90.27
90.22
90.27
90.05
89.99
89.98
89.91
89.87
89.82
89.84
89.86
89.95
90
89.85
89.85
89.77
89.77
89.81
89.95
89.85
89.9
89.54
89.61
89.84
89.75
89.7
89.79
89.79
89.97
89.85
89.82
89.86
89.66
89.81
89.9
89.83
89.89
89.83
89.72
89.76
89.89
89.73
89.69
89.69
89.61
89.52
89.42
