34.31
34.23
34.23
34.23
34.43
34.57
34.89
34.79
34.79
34.83
34.81
34.79
34.85
34.86
34.83
34.8
34.98
35.11
35.12
35.11
35.22
35.22
35.19
35.25
35.31
35.31
35.37
35.27
35.24
35.24
35.27
35.27
35.21
35.12
35
35.02
35.02
35.22
34.92
34.94
34.9
34.88
34.88
34.87
34.87
34.87
34.87
34.87
34.81
34.75
34.75
34.89
34.89
34.81
34.88
34.99
35.03
34.97
34.97
34.92
34.93
34.92
34.78
34.8
34.65
34.65
34.69
34.64
34.66
34.67
34.59
34.58
34.59
34.61
34.61
34.62
34.58
34.46
34.46
34.47
34.39
34.35
34.39
34.4
34.39
34.35
34.39
34.54
34.54
34.54
34.54
34.6
34.53
34.53
34.53
34.53
34.6
34.6
34.6
34.63
34.62
34.64
34.6
34.6
34.6
34.65
34.63
34.63
34.63
34.65
34.65
34.65
34.65
34.68
34.66
34.64
34.67
34.63
34.63
34.64
34.54
34.54
34.6
34.6
34.6
34.54
34.54
34.6
34.6
34.6
34.59
34.59
34.59
34.6
34.59
34.59
34.6
34.56
34.56
34.64
34.69
34.65
34.72
34.76
34.71
34.83
34.88
34.84
34.77
34.82
34.82
34.84
34.76
34.75
34.75
34.76
34.76
34.78
34.78
34.79
34.88
34.9
34.95
34.96
35.01
35
35
35.02
35.01
35.02
35.04
35.01
35.01
34.72
34.77
34.97
34.99
34.74
34.95
34.88
34.86
34.89
34.88
34.88
34.88
34.88
34.84
34.84
34.93
35
34.93
34.93
34.93
34.91
34.94
34.93
34.93
34.92
34.91
34.92
34.99
34.99
34.91
34.91
34.93
35
35
34.99
35
35
35
35.02
35.01
34.95
35
35.01
34.98
34.94
34.94
34.84
34.97
34.83
34.99
34.74
34.68
34.7
34.7
34.77
34.81
34.9
34.9
34.84
34.84
34.83
35.08
35.1
35.08
35.08
35.17
35.06
35.1
35.19
35.13
35.13
35.12
35.13
35.17
35.25
35.24
35.29
34.31
34.47
34.47
34.47
34.71
34.71
34.93
34.97
34.95
35.01
34.66
34.66
34.88
34.77
34.77
34.98
34.91
35
34.92
34.92
34.92
34.92
34.86
34.86
34.93
34.93
34.94
34.94
34.94
34.94
34.94
34.94
34.97
35.01
34.95
34.89
34.89
34.9
34.91
34.9
34.92
34.92
34.92
34.98
34.9
34.9
34.98
34.99
34.99
34.91
34.91
34.88
34.88
34.9
34.82
34.85
34.89
34.95
34.95
34.91
34.97
35
35
34.89
34.87
34.87
34.87
34.88
34.88
34.91
34.91
34.88
34.9
34.94
34.99
34.88
34.99
34.95
34.95
34.95
35
34.97
34.94
34.94
34.94
34.94
34.89
34.89
34.89
34.89
34.89
34.89
34.89
34.89
34.99
34.99
35.01
35.02
34.98
34.94
34.94
34.94
34.95
34.95
34.99
34.93
34.93
34.93
34.94
34.94
34.94
34.94
34.94
35
34.98
34.98
34.98
34.98
34.98
34.98
34.96
35.03
35.01
35
35
34.96
34.96
34.98
34.98
34.98
34.98
34.9
34.9
34.83
34.88
34.88
34.88
34.88
34.88
34.88
34.88
34.88
34.82
34.82
34.82
34.82
34.99
34.99
34.99
34.99
34.99
34.94
34.99
34.99
35.1
35.1
35.1
35.1
35.09
34.99
35.11
35.11
35.11
35.11
35.04
35.04
35.09
35.04
35
35.04
34.91
34.91
34.84
34.84
34.79
34.79
34.79
34.8
34.8
34.78
34.78
34.73
34.81
34.81
34.77
34.77
34.77
34.77
34.75
34.75
34.79
34.79
34.79
34.79
34.8
34.8
34.76
34.76
34.76
34.76
34.77
34.77
34.77
34.77
34.8
34.8
34.77
34.79
34.8
34.8
34.83
34.75
34.79
34.79
34.76
34.77
34.77
34.77
34.73
34.73
34.73
34.73
34.7
34.7
34.75
34.72
34.72
34.67
34.66
34.63
34.62
34.59
34.61
34.54
34.54
34.63
34.63
34.63
34.62
34.68
34.58
34.59
34.56
34.59
34.54
34.59
34.57
34.56
34.56
34.56
34.54
34.48
34.47
34.56
34.47
34.56
34.58
34.57
34.63
34.63
34.57
34.55
34.47
34.57
34.58
34.58
34.41
34.41
34.41
34.23
34.24
34.23
34.26
34.28
34.22
34.32
34.29
34.23
34.26
34.23
34.21
34.03
34.08
34.08
34.08
34.05
34.02
34.02
33.92
33.86
33.89
33.85
33.93
33.94
33.92
33.89
33.88
33.88
33.9
33.93
33.56
33.58
33.55
33.53
33.52
33.42
33.48
33.5
33.47
33.51
33.51
33.51
33.42
33.46
33.49
33.49
33.48
33.43
33.43
33.43
33.6
33.55
33.59
33.64
33.78
33.57
33.63
33.75
33.68
33.68
33.68
33.42
33.79
33.41
33.42
33.42
33.46
33.46
33.48
33.48
33.48
33.48
33.41
33.38
33.36
33.38
33.29
33.3
33.42
33.33
33.32
33.32
33.32
33.05
33.05
33.21
33.02
32.96
32.83
32.83
32.88
32.96
33.1
33.1
33.05
33.05
33.07
33.07
33.07
33.01
32.98
32.98
32.98
32.92
32.9
32.9
32.83
32.81
32.81
32.84
32.68
32.81
32.8
32.77
32.87
32.85
32.87
32.91
32.81
32.92
32.82
32.88
32.82
32.82
32.82
32.74
32.72
32.65
32.68
32.65
32.59
32.64
32.61
32.63
32.68
32.6
32.73
32.59
32.64
32.65
32.65
32.75
32.75
32.77
32.82
32.82
32.82
32.89
32.89
32.93
32.96
32.96
32.96
32.96
32.96
32.96
32.96
32.92
32.93
32.96
32.96
32.98
32.94
32.97
32.98
32.98
32.98
32.87
32.87
32.94
32.8
32.85
32.85
32.92
32.88
32.91
32.91
32.92
32.91
32.91
32.91
32.91
32.86
32.86
32.76
32.82
32.82
32.82
32.81
32.8
32.84
32.84
32.87
32.89
32.89
32.88
32.83
32.86
32.86
32.87
32.85
32.84
32.74
32.72
32.72
32.73
32.72
32.94
32.94
32.99
33
33.05
33.03
33.14
33.13
33.07
33.07
33.12
33.14
33.22
33.18
33.18
33.22
33.22
33.22
33.19
33.19
33.19
33.18
33.18
33.16
33.25
33.21
33.23
33.22
33.22
33.22
33.2
33.2
33.17
33.17
33.1
33.18
33.17
33.12
33.1
33.1
33.11
33.01
33.01
32.99
32.99
33.11
33.05
33.05
33.05
33.05
32.99
32.99
33.01
33.09
32.97
32.97
33.06
33.06
33.06
33.05
33
32.85
33.02
32.85
32.72
33
32.9
33.02
32.95
32.92
33.01
33.11
33.11
33.11
33.17
33.15
33.24
33.11
33.27
33.24
33.26
33.19
33.12
33.21
33.23
33.05
33.05
33.02
32.99
32.88
32.99
32.99
32.84
32.8
32.69
32.69
32.69
32.65
32.55
32.55
32.57
32.56
32.59
32.65
32.63
32.6
32.97
32.97
33.14
33.04
33.04
33.18
32.9
32.9
32.77
32.82
32.64
32.6
32.79
32.71
32.63
32.65
32.65
32.62
32.58
32.58
32.58
32.69
32.7
32.74
32.74
32.74
32.74
32.68
32.74
32.69
32.69
32.74
32.57
32.57
32.57
32.57
32.39
32.39
32.39
32.42
32.37
32.3
32.3
32.34
32.34
32.29
32.17
32.11
32.11
32.11
32.11
32.31
32.65
32.74
32.36
32.11
32.32
32.3
32.74
32.28
32.28
32.28
32.32
32.32
32.28
32.19
32.19
32.3
32.3
32.3
32.08
32.08
32.08
32.08
32.08
32.08
32.1
32.1
32.1
32.74
32.02
32.74
32.01
32.69
31.96
31.95
31.98
32.74
32.74
32.02
32.02
31.97
31.96
31.95
31.95
32.65
32
32.65
32
32.74
32
32
32.74
31.99
31.99
32.01
32.11
32.01
32
32
31.96
32.09
31.98
32.74
32.69
32.1
32.13
32.13
32.17
32.69
32.2
32.74
32.74
32.74
32.15
32.14
32.11
32.19
32.19
32.09
32.16
32.16
32.69
32.11
32.03
32.74
32.74
32.11
32.22
32.22
32.18
32.74
32.17
32.25
32.14
32.14
32.74
32.14
32.13
32.74
32.74
32.18
32.1
32.16
32.16
32.69
32.11
32.11
32
32.65
32.74
32.12
32.12
32.16
32.16
32.19
32.21
32.19
32.19
32.22
32.65
32.22
32.22
32.22
32.23
32.23
32.23
32.14
32.17
32.17
32.04
32.04
32
32.01
32.02
32.69
32.13
32.74
32.18
32.17
32.17
32.17
32.17
32.17
32.17
32.17
32.17
32.11
32.17
32.17
32.74
32.04
32.04
32.74
32.04
32.02
32.05
31.98
31.98
32.01
32
32.74
32.04
32.74
32
32
32
32
31.99
32.12
32.12
32.11
32.11
32.17
32.17
32.17
32.23
32.23
32.23
32.14
32.09
32.09
32.09
32.09
32.11
32.19
32.17
32.17
32.2
32.2
32.2
32.2
32.3
32.3
32.3
32.69
32.15
32.32
31.93
31.93
32.17
32.06
32.26
32.36
32.21
32.5
32.49
32.49
32.69
32.67
32.64
32.54
32.5
32.5
32.39
32.4
32.4
32.4
32.4
32.37
32.26
32.26
32.26
32.49
32.1
32.1
32.1
32.12
32.16
32.16
32.16
32
32.09
32.09
31.82
31.83
32
32.04
32.04
32.07
32.07
32.03
31.98
32.03
31.99
31.99
31.92
31.92
32.1
31.95
31.9
31.96
31.96
31.96
31.83
31.9
31.9
31.72
31.89
31.69
31.69
31.72
31.81
31.81
32
31.74
31.8
31.8
31.84
31.84
31.79
31.83
31.83
31.83
31.97
31.73
31.73
31.72
31.72
31.74
31.75
31.7
31.74
31.76
31.73
31.76
31.75
31.74
31.74
31.74
31.74
31.74
31.74
31.68
31.68
31.72
31.72
31.72
31.74
31.75
31.73
31.72
31.77
31.78
31.77
31.76
31.76
31.73
31.78
31.73
31.74
31.77
31.78
31.76
31.76
31.74
31.74
31.76
31.77
31.77
31.76
31.76
31.77
31.73
31.75
31.73
31.74
31.74
31.74
31.74
31.74
31.74
31.71
31.74
31.74
31.74
31.75
31.75
31.75
31.75
31.75
31.75
31.75
31.75
31.75
31.72
31.72
31.75
31.74
31.74
31.74
31.74
31.74
31.74
31.72
31.72
31.72
31.72
31.75
31.74
31.74
31.8
31.8
31.8
31.8
31.85
31.86
31.92
31.89
32.08
32.03
32.01
32.08
32
32.03
32.03
32.02
32
32
32
32
32
32.04
31.94
31.94
31.95
31.95
31.96
32
31.96
31.93
31.88
31.88
31.88
31.8
31.92
31.92
31.87
31.87
31.86
31.86
31.86
31.99
31.97
31.94
31.94
31.94
31.96
31.99
31.88
31.88
31.97
31.94
31.97
31.99
31.97
32.01
31.94
31.94
31.96
32
32
31.99
31.99
31.99
31.97
31.97
31.98
31.96
31.98
31.98
31.98
31.98
31.95
31.95
31.91
32.1
31.99
31.96
31.99
31.99
32.04
32
32
32.08
31.96
32
32.01
32.01
31.93
31.96
31.96
31.97
31.97
31.88
31.93
31.87
31.91
31.9
31.87
31.93
31.91
31.92
31.92
31.95
31.92
31.94
31.97
31.95
31.93
31.84
31.79
31.79
31.85
31.84
31.75
31.75
31.8
31.79
31.75
31.8
31.8
31.76
31.8
31.8
31.8
31.76
31.79
31.76
31.77
31.77
31.78
31.87
31.84
31.83
31.84
31.82
