39.5
39.63
39.58
39.31
39.64
39.65
39.42
39.72
39.68
39.67
39.49
39.43
39.32
39.4
39.45
39.46
39.49
39.61
39.64
39.55
39.48
39.48
39.48
39.46
39.48
39.47
39.5
39.49
39.49
39.5
39.45
39.33
39.23
39.29
39.35
39.34
39.35
39.25
39.29
39.31
39.33
39.39
39.42
39.42
39.5
39.46
39.4
39.56
39.58
39.61
39.58
39.58
39.58
39.61
39.61
39.61
39.49
39.48
39.46
39.55
39.74
39.72
39.68
39.65
39.5
39.55
39.6
39.61
39.6
39.58
39.53
39.57
39.59
39.62
39.68
39.71
39.69
39.64
39.66
39.67
39.63
39.57
39.61
39.59
39.56
39.53
39.63
39.55
39.54
39.51
39.55
39.53
39.5
39.52
39.54
39.54
39.54
39.58
39.51
39.49
39.39
39.41
39.38
39.37
39.47
39.57
39.52
39.51
39.52
39.52
39.49
39.5
39.45
39.42
39.45
39.46
39.48
39.51
39.51
39.47
39.49
39.48
39.55
39.57
39.58
39.58
39.59
39.61
39.6
39.62
39.59
39.62
39.62
39.65
39.66
39.71
39.62
39.58
39.62
39.63
39.63
39.64
39.67
39.67
39.66
39.62
39.66
39.67
39.66
39.7
39.69
39.67
39.73
39.75
39.74
39.78
39.75
39.86
39.85
39.85
39.81
39.81
39.86
39.86
39.82
39.84
39.86
39.76
39.76
39.77
39.82
39.83
39.83
39.84
39.81
39.84
39.8
39.84
39.83
39.84
39.84
39.85
39.88
39.88
39.86
39.86
39.85
39.82
39.84
39.86
39.87
39.84
39.82
39.85
39.85
39.8
39.79
39.79
39.81
39.82
39.8
39.87
39.89
39.95
39.92
39.88
39.92
39.88
39.92
39.9
39.9
39.91
39.95
39.95
40
39.99
40
39.99
39.96
39.91
39.92
39.9
40
39.86
39.85
39.83
39.82
39.88
39.85
39.91
39.91
39.94
39.92
39.92
39.94
39.94
39.92
39.94
39.93
39.9
39.92
39.92
39.9
39.92
39.94
39.94
39.93
39.94
39.94
39.99
39.26
39.3
39.22
39.43
39.4
39.54
39.46
39.45
39.36
39.33
39.52
39.52
39.33
39.32
39.32
39.29
39.09
39.13
38.9
38.92
38.93
38.9
38.86
38.86
38.88
38.95
38.86
38.67
38.78
38.75
38.84
38.93
38.9
38.98
38.99
38.94
38.86
38.83
38.76
38.76
38.76
38.73
38.68
38.7
38.69
38.7
38.69
38.66
38.51
38.48
38.42
38.4
38.46
38.49
38.57
38.6
38.56
38.57
38.53
38.52
38.47
38.49
38.45
38.4
38.46
38.56
38.63
38.61
38.53
38.6
38.6
38.7
38.7
38.72
38.72
38.65
38.65
38.63
38.64
38.64
38.7
38.68
38.73
38.69
38.75
38.75
38.72
38.75
38.7
38.7
38.68
38.64
38.73
38.7
38.73
38.73
38.7
38.67
38.7
38.64
38.68
38.67
38.68
38.71
38.72
38.73
38.75
38.81
38.87
38.87
38.87
38.88
38.9
38.94
38.78
38.85
38.8
38.82
38.77
38.79
38.75
38.78
38.73
38.7
38.74
38.77
38.75
38.77
38.76
38.73
38.73
38.67
38.57
38.6
38.63
38.55
38.6
38.59
38.6
38.62
38.55
38.67
38.67
38.67
38.72
38.71
38.71
38.7
38.7
38.71
38.72
38.79
38.71
38.71
38.73
38.81
38.77
38.77
38.81
38.84
38.79
38.75
38.72
38.72
38.74
38.68
38.72
38.78
38.71
38.71
38.69
38.69
38.73
38.73
38.71
38.74
38.73
38.72
38.7
38.74
38.71
38.72
38.7
38.74
38.77
38.76
38.8
38.79
38.78
38.75
38.79
38.8
38.8
38.76
38.76
38.78
38.77
38.76
38.74
38.79
38.8
38.74
38.79
38.79
38.74
38.74
38.77
38.8
38.78
38.78
38.95
38.96
39
39
38.96
38.96
38.97
39
39
38.99
38.98
39.02
39.01
39
38.97
38.89
38.9
38.97
38.98
39.01
38.94
38.92
38.95
38.89
38.89
39.01
38.99
38.96
38.93
38.95
39.02
38.99
38.96
38.97
38.96
39.05
39.05
38.97
39.01
39.01
39
39.01
39
39.03
38.93
39.03
38.97
38.98
38.98
39.03
39.01
39
38.93
39.03
38.92
38.9
38.88
38.88
38.93
38.83
38.89
38.91
38.91
38.92
38.9
38.96
39.01
39.03
38.93
38.99
38.94
38.12
38.1
37.95
38.01
37.91
37.82
37.87
37.96
38.03
37.95
37.94
37.96
38
37.99
38.08
38.03
37.95
37.93
37.81
37.78
37.75
37.76
37.8
37.75
37.81
37.81
37.82
37.78
37.78
37.8
37.78
37.78
37.76
37.76
37.75
37.73
37.6
37.64
37.58
37.41
37.37
37.43
37.46
37.37
37.34
37.36
37.4
37.44
37.51
37.49
37.47
37.48
37.49
37.49
37.51
37.45
37.51
37.52
37.57
37.48
37.48
37.48
37.47
37.46
37.5
37.56
37.56
37.6
37.53
37.43
37.48
37.42
37.37
37.42
37.35
37.38
37.41
37.44
37.44
37.48
37.47
37.46
37.49
37.52
37.56
37.58
37.58
37.49
37.52
37.56
37.54
37.5
37.59
37.55
37.55
37.57
37.53
37.63
37.63
37.61
37.54
37.53
37.61
37.63
37.6
37.58
37.75
37.79
37.58
37.9
37.87
37.86
37.79
37.72
37.7
37.68
37.66
37.67
37.69
37.77
37.84
37.83
37.85
37.83
37.76
37.83
37.77
37.85
37.85
37.82
37.82
37.82
37.9
37.97
38.01
38.01
38.09
38.12
38.06
38.1
38.15
38.11
38.06
38.11
38.11
38.1
38.08
38.11
38.1
38.08
38.22
38.27
38.31
38.33
38.42
38.27
38.37
38.23
38.26
38.28
38.46
38.39
38.32
38.45
38.28
38.26
38.36
38.35
38.38
38.32
38.29
38.24
38.23
38.26
38.24
38.24
38.23
38.3
38.32
38.37
38.42
38.42
38.41
38.4
38.37
38.29
38.36
38.3
38.37
38.32
38.22
38.2
38.11
38.11
38.28
38.18
38.2
38.19
38.22
38.24
38.24
38.22
38.22
38.2
38.13
38.12
38.17
38.13
38.16
38.19
38.15
38.15
38.15
38.2
38.21
38.21
38.19
38.18
38.14
38.15
38.12
38.17
38.17
38.18
38.22
38.2
38.17
38.15
38.15
38.12
38.1
38.12
38.12
38.1
38.1
38.07
38.08
37.9
37.93
37.92
38
38.01
37.95
37.95
38.08
37.93
38.02
37.99
37.94
37.83
37.87
37.82
37.88
37.83
37.77
37.75
37.71
37.68
37.75
37.72
37.76
37.75
37.79
37.79
37.69
37.7
37.74
37.66
37.66
37.66
37.62
37.67
37.73
37.69
37.66
37.58
37.62
37.57
37.56
37.52
37.5
37.48
37.42
37.4
37.45
37.49
37.43
37.39
37.41
37.42
37.35
37.31
37.38
37.41
37.27
37.25
37.34
37.15
37.12
37.15
37.11
37.06
37.3
37.06
37.2
37.14
36.96
36.91
36.96
36.87
36.85
36.71
36.65
36.73
36.66
36.53
36.22
36.15
36.16
36.13
36.85
36.2
36.18
36.66
36.63
36.19
36.29
36.32
36.33
36.18
36.48
36.54
36.62
36.62
36.6
36.5
36.5
36.33
36.42
36.18
36.4
36.33
36.38
36.26
36.29
36.3
36.32
36.58
36.55
36.4
36.2
36.2
36.5
36.52
36.26
36.65
36.66
36.18
36.72
36.65
36.62
36.29
36.56
36.18
36.58
36.54
36.6
36.7
36.47
36.18
36.33
36.31
36.28
36.33
36.33
36.39
36.36
36.29
36.21
36.37
36.39
36.17
36.21
36.35
36.29
36.26
36.3
36.35
36.35
36.31
36.31
36.33
36.32
36.33
36.32
36.34
36.49
36.24
36.34
36.33
36.33
36.37
36.35
36.39
36.31
36.24
36.37
36.37
36.33
36.13
36.38
36.4
36.4
36.4
36.44
36.48
36.56
36.58
36.29
36.29
36.75
36.67
36.69
36.56
36.13
36.63
36.63
36.72
36.74
36.67
36.7
36.73
36.68
36.64
36.63
36.66
36.5
36.55
36.51
36.52
36.54
36.53
36.53
36.49
36.58
36.47
36.48
36.5
36.51
36.51
36.29
36.48
36.47
36.35
36.28
36.36
36.37
36.42
36.13
36.36
36.38
36.52
36.47
36.43
36.49
36.49
36.48
36.29
36.42
36.37
36.37
36.51
36.33
36.55
36.62
36.62
36.13
36.54
36.5
36.51
36.51
36.49
36.47
36.33
36.52
36.43
36.48
36.51
36.48
36.5
36.44
36.46
36.51
36.48
36.52
36.54
36.6
36.24
36.71
36.67
36.51
36.69
36.63
36.61
36.49
36.61
36.49
36.61
36.57
36.56
36.59
36.56
36.57
36.52
36.58
36.54
36.51
36.54
36.29
36.51
36.51
36.51
36.52
36.51
36.54
36.51
36.5
36.5
36.51
36.49
36.68
36.69
36.65
36.63
36.29
36.69
36.49
36.67
36.13
36.13
36.6
36.6
36.6
36.6
36.29
36.29
36.29
36.66
36.68
37.13
37.07
37.19
37.31
37.2
37.22
37.29
36.52
36.42
37.4
37.47
37.52
37.56
37.42
37.38
37.35
37.38
37.41
37.39
37.47
37.53
37.43
37.35
37.37
37.34
37.28
37.23
37.34
37.36
37.28
37.25
37.2
37.16
37.16
37.17
37.22
37.12
37.06
37.27
37.12
37.13
37.14
37.13
37.15
37.1
37.13
37.21
37.19
37.17
37.15
37.22
37.24
37.35
37.38
37.17
37.34
37.18
37.12
37.12
37.14
37.11
37.13
37.17
37.19
37.16
37.25
37.26
37.29
37.18
37.23
37.29
37.3
37.24
37.24
37.25
37.24
37.24
37.18
37.22
37.18
37.17
37.17
37.16
37.18
37.18
37.15
37.16
37.34
37.37
37.41
37.42
37.16
37.4
37.43
37.38
37.44
37.31
37.33
37.34
37.39
37.37
37.39
37.38
37.29
37.29
37.29
37.38
37.42
37.45
37.49
37.61
37.57
37.58
37.64
37.67
37.63
37.34
37.61
37.57
37.54
37.59
37.7
37.7
37.71
37.69
37.74
37.73
37.66
37.7
37.7
37.7
37.72
37.8
37.91
37.83
37.66
37.84
37.85
37.85
37.65
37.65
37.68
37.65
37.64
37.65
37.73
37.82
37.62
37.82
37.84
37.68
37.71
37.83
37.81
37.81
37.81
37.83
37.72
37.79
37.81
37.34
37.84
37.82
37.81
37.78
37.73
37.81
37.81
37.79
37.81
37.83
37.34
37.84
37.77
37.79
37.8
37.83
37.75
37.79
37.8
37.79
37.77
37.78
37.82
37.83
37.81
37.74
37.74
37.71
37.67
37.67
37.65
37.63
37.61
37.55
37.7
37.56
37.61
37.64
37.63
37.75
37.76
37.77
37.81
37.78
37.84
37.89
37.34
37.92
37.88
37.88
37.85
37.86
37.87
37.87
37.87
37.89
37.91
37.95
37.86
37.93
37.97
37.97
37.99
37.99
37.98
38.07
38.07
38.1
38.11
38.1
38.06
38.02
37.97
37.96
37.93
37.91
37.93
37.34
38
38.03
38.06
38.03
38.08
38.13
38.11
38.12
38.09
38.05
38.09
38.12
38.11
38.03
38.01
37.99
37.87
37.85
37.83
37.88
37.88
37.91
37.83
37.75
37.76
37.85
37.9
37.92
37.89
37.83
37.78
37.81
37.85
37.79
37.66
37.56
37.59
37.67
37.67
37.68
37.6
37.65
37.72
37.68
37.69
37.69
37.64
37.65
37.68
37.73
37.66
37.59
37.55
37.59
37.6
37.55
37.49
37.51
37.52
37.52
37.47
