55.72
55.72
55.67
55.62
55.63
55.69
55.6
55.72
55.79
55.67
55.74
55.72
55.79
55.76
55.74
55.74
55.77
55.78
55.7
55.77
55.78
55.77
55.8
55.79
55.82
55.8
55.77
55.79
55.8
55.69
55.74
55.69
55.71
55.7
55.72
55.74
55.71
55.68
55.7
55.69
55.71
55.72
55.72
55.69
55.69
55.69
55.7
55.7
55.7
55.71
55.71
55.7
55.71
55.7
55.71
55.68
55.73
55.75
55.78
55.77
55.76
55.71
55.74
55.72
55.76
55.73
55.77
55.76
55.77
55.78
55.76
55.78
55.77
55.78
55.76
55.78
55.78
55.79
55.79
55.79
55.81
55.78
55.81
55.82
55.83
55.83
55.82
55.86
55.9
55.91
55.87
55.86
55.87
55.81
55.88
55.86
55.86
55.85
55.84
55.84
55.86
55.84
55.88
55.88
55.87
55.88
55.89
55.89
55.9
55.9
55.9
55.88
55.89
55.87
55.9
55.9
55.9
55.9
55.9
55.9
55.89
55.88
55.88
55.9
55.89
55.88
55.89
55.89
55.91
55.92
55.94
55.95
55.96
55.94
55.91
55.94
55.91
55.91
55.95
55.95
55.95
55.97
55.98
55.98
55.98
55.98
55.97
55.95
55.95
55.95
55.94
55.95
55.95
55.95
55.95
55.95
55.94
55.96
55.96
55.98
55.98
55.98
55.99
55.97
55.97
55.97
55.98
55.97
55.97
55.96
55.94
55.94
55.97
55.95
55.95
55.95
55.94
55.95
55.94
55.94
55.94
55.95
55.97
55.93
55.98
56
55.99
56.02
55.95
56.06
56.01
56.08
56.03
55.98
56
55.98
55.98
55.99
56.01
56.04
56.05
56.07
56.07
56.05
56.05
56.05
56.05
56.05
56.06
56.06
56.06
56.05
56.06
56.07
56.07
56.05
56.07
56.07
56.06
56.07
56.04
56.06
56.1
56.12
56.14
56.14
56.15
56.14
56.12
56.13
56.11
56.12
56.1
56.11
56.08
56.08
56.08
56.1
56.1
56.1
56.09
56.1
56.1
56.1
56.1
56.1
56.1
56.09
56.09
56.09
56.1
56.08
56.09
56.1
56.1
56.08
56.09
56.09
56.1
56.09
56.09
56.1
56.1
56.11
56.1
56.1
56.08
56.1
56.09
56.1
56.1
56.1
56.1
56.07
56.07
56.08
56.09
56.09
56.09
56.09
56.09
56.08
56.09
56.1
56.1
56.09
56.09
56.1
56.09
56.08
56.09
56.09
56.09
56.1
56.1
56.1
56.1
56.08
56.09
56.08
56.09
56.08
56.1
56.1
56.1
56.1
56.09
56.1
56.1
56.09
56.08
56.1
56.1
56.11
56.14
56.15
56.18
56.07
56.2
56.21
56.22
56.23
56.23
56.21
56.21
56.2
56.21
56.22
56.21
56.21
56.21
56.21
56.21
56.22
56.22
56.22
56.22
56.2
56.2
56.18
56.17
56.19
56.18
56.18
56.19
56.15
56.15
56.14
56.13
56.13
56.1
56.09
56.13
56.13
56.08
56.1
56.11
56.09
56.04
56.03
56.05
56.26
56.32
56.37
56.38
56.4
56.42
56.4
56.46
56.42
56.47
56.36
56.34
56.34
56.46
56.31
56.36
56.35
56.37
56.35
56.36
56.37
56.37
56.45
56.45
56.42
56.44
56.42
56.45
56.45
56.43
56.44
56.44
56.5
56.49
56.49
56.45
56.47
56.44
56.46
56.45
56.45
56.44
56.47
56.46
56.46
56.46
56.5
56.49
56.48
56.48
56.51
56.52
56.51
56.5
56.48
56.49
56.49
56.51
56.51
56.49
56.49
56.51
56.48
56.48
56.5
56.51
56.52
56.46
56.46
56.46
56.49
56.47
56.45
56.46
56.45
56.46
56.48
56.46
56.47
56.47
56.46
56.47
56.49
56.49
56.49
56.47
56.47
56.47
56.47
56.46
56.46
56.45
56.47
56.44
56.46
56.46
56.46
56.49
56.5
56.49
56.47
56.49
56.49
56.49
56.49
56.49
56.49
56.49
56.49
56.48
56.47
56.48
56.49
56.47
56.47
56.46
56.46
56.46
56.44
56.44
56.45
56.45
56.44
56.47
56.47
56.47
56.47
56.48
56.47
56.47
56.47
56.48
56.49
56.48
56.48
56.49
56.49
56.49
56.49
56.48
56.49
56.49
56.5
56.49
56.49
56.48
56.48
56.49
56.49
56.49
56.5
56.5
56.5
56.5
56.55
56.55
56.55
56.54
56.52
56.53
56.52
56.53
56.51
56.54
56.54
56.54
56.54
56.54
56.54
56.53
56.54
56.55
56.55
56.54
56.54
56.54
56.53
56.54
56.54
56.54
56.54
56.54
56.53
56.53
56.56
56.55
56.57
56.58
56.58
56.57
56.56
56.55
56.59
56.55
56.55
56.54
56.54
56.53
56.54
56.55
56.53
56.53
56.55
56.52
56.52
56.51
56.51
56.5
56.5
56.52
56.48
56.48
56.51
56.5
56.52
56.5
56.51
56.5
56.51
56.51
56.51
56.5
56.51
56.5
56.49
56.5
56.53
56.53
56.52
56.52
56.52
56.52
56.52
56.51
56.52
56.53
56.52
56.51
56.52
56.52
56.52
56.52
56.51
56.51
56.51
56.51
56.5
56.52
56.5
56.49
56.51
56.51
56.51
56.5
56.49
56.52
56.5
56.5
56.53
56.53
56.51
56.52
56.51
56.52
56.51
56.5
56.51
56.51
56.51
56.51
56.52
56.51
56.51
56.49
56.44
56.43
56.41
56.44
56.43
56.44
56.45
56.4
56.42
56.41
56.4
56.4
56.41
56.4
56.42
56.41
56.42
56.42
56.42
56.42
56.42
56.43
56.41
56.39
56.4
56.42
56.42
56.6
56.64
56.66
56.61
56.53
56.59
56.54
56.56
56.57
56.55
56.51
56.5
56.52
56.52
56.47
56.51
56.5
56.48
56.51
56.51
56.53
56.52
56.48
56.49
56.43
56.47
56.5
56.51
56.5
56.51
56.51
56.57
56.6
56.61
56.63
56.62
56.62
56.63
56.64
56.65
56.65
56.63
56.62
56.64
56.65
56.66
56.64
56.67
56.66
56.68
56.67
56.68
56.68
56.68
56.7
56.71
56.68
56.68
56.7
56.65
56.65
56.64
56.64
56.64
56.64
56.69
56.66
56.69
56.7
56.71
56.7
56.65
56.71
56.69
56.65
56.65
56.64
56.64
56.64
56.64
56.65
56.65
56.61
56.58
56.58
56.55
56.54
56.53
56.53
56.53
56.53
56.52
56.54
56.54
56.54
56.56
56.55
56.58
56.57
56.56
56.59
56.57
56.57
56.58
56.58
56.58
56.56
56.64
56.64
56.64
56.64
56.64
56.65
56.64
56.65
56.61
56.62
56.62
56.62
56.6
56.58
56.55
56.59
56.59
56.54
56.56
56.56
56.56
56.56
56.6
56.61
56.6
56.61
56.61
56.59
56.59
56.58
56.59
56.58
56.57
56.62
56.64
56.64
56.63
56.63
56.64
56.65
56.64
56.64
56.63
56.62
56.63
56.63
56.6
56.61
56.6
56.61
56.62
56.62
56.61
56.62
56.62
56.61
56.62
56.61
56.61
56.62
56.61
56.55
56.54
56.54
56.55
56.51
56.52
56.51
56.49
56.49
56.48
56.47
56.47
56.47
56.46
56.45
56.42
56.44
56.45
56.45
56.45
56.44
56.41
56.38
56.28
56.43
56.51
56.58
56.59
56.59
56.61
56.56
56.57
56.57
56.59
56.58
56.58
56.61
56.62
56.63
56.65
56.67
56.65
56.66
56.67
56.65
56.67
56.65
56.66
56.68
56.73
56.72
56.68
56.67
56.71
56.71
56.7
56.71
56.7
56.69
56.68
56.68
56.69
56.7
56.69
56.67
56.61
56.57
56.58
56.6
56.67
56.65
56.67
56.67
56.68
56.7
56.69
56.7
56.68
56.68
56.7
56.68
56.7
56.69
56.67
56.69
56.69
56.69
56.69
56.7
56.68
56.69
56.68
56.69
56.69
56.7
56.7
56.69
56.67
56.67
56.69
56.68
56.67
56.68
56.69
56.69
56.69
56.7
56.7
56.7
56.7
56.71
56.68
56.69
56.7
56.7
56.7
56.7
56.7
56.7
56.7
56.7
56.7
56.69
56.7
56.7
56.7
56.73
56.73
56.73
56.73
56.72
56.71
56.69
56.69
56.7
56.7
56.72
56.72
56.72
56.72
56.73
56.72
56.71
56.7
56.7
56.7
56.7
56.7
56.7
56.7
56.7
56.7
56.7
56.7
56.7
56.7
56.7
56.7
56.7
56.7
56.71
56.72
56.72
56.72
56.72
56.72
56.73
56.72
56.72
56.72
56.72
56.73
56.73
56.73
56.72
56.71
56.74
56.74
56.74
56.74
56.74
56.72
56.7
56.71
56.71
56.71
56.72
56.72
56.71
56.72
56.72
56.73
56.73
56.71
56.69
56.71
56.71
56.71
56.71
56.7
56.7
56.7
56.69
56.7
56.68
56.7
56.71
56.72
56.72
56.73
56.74
56.74
56.77
56.77
56.77
56.76
56.74
56.74
56.72
56.71
56.71
56.68
56.67
56.67
56.65
56.63
56.63
56.57
56.56
56.56
56.58
56.55
56.56
56.54
56.53
56.54
56.54
56.54
56.53
56.53
56.54
56.53
56.52
56.54
56.54
56.54
56.52
56.52
56.5
56.5
56.54
56.55
56.54
56.54
56.54
56.54
56.54
56.54
56.55
56.54
56.52
56.52
56.51
56.51
56.51
56.51
56.51
56.52
56.51
56.51
56.51
56.51
56.5
56.51
56.51
56.57
56.58
56.6
56.6
56.58
56.6
56.59
56.59
56.58
56.58
56.58
56.58
56.56
56.56
56.57
56.58
56.59
56.59
56.59
56.59
56.6
56.6
56.59
56.59
56.58
56.58
56.58
56.56
56.56
56.54
56.57
56.55
56.55
56.54
56.54
56.54
56.54
56.54
56.53
56.53
56.52
56.53
56.53
56.54
56.54
56.55
56.53
56.49
56.49
56.48
56.47
56.49
56.47
56.47
56.46
56.45
56.46
56.42
56.42
56.43
