109.97
110.15
110.34
110.33
110.15
109.95
109.95
110.04
109.95
109.75
109.97
109.97
110.01
109.99
109.98
110.14
110.57
110.77
110.87
110.97
110.68
110.53
110.6
110.75
110.66
110.78
110.73
110.54
110.69
110.63
110.68
110.4
110.3
110.33
110.16
110.1
110.04
110.2
110.11
110.07
110.28
109.96
110.16
110.32
110.18
110.2
109.99
109.99
110.17
110.01
110.04
109.99
109.98
109.98
109.9
109.83
109.96
109.82
109.99
109.93
109.95
109.86
109.79
109.75
109.77
109.74
109.76
109.93
109.92
109.9
109.75
109.76
109.66
109.55
109.73
109.64
109.72
109.59
109.56
109.55
109.21
109.18
109.29
109.34
109.33
109.52
109.44
109.36
109.38
109.32
109.34
109.31
109.3
109.42
109.46
109.44
109.45
109.43
109.35
109.43
109.46
109.37
109.55
109.55
109.5
109.53
109.42
109.39
109.34
109.5
109.41
109.4
109.41
109.47
109.53
109.52
109.44
109.54
109.47
109.52
109.46
109.63
109.63
109.53
109.63
109.42
109.55
109.52
109.59
109.57
109.53
109.55
109.56
109.54
109.46
109.6
109.57
109.6
109.54
109.5
109.41
109.49
109.56
109.5
109.39
109.38
109.38
109.21
109.25
109.22
109.24
109.22
109.25
109.23
109.25
109.27
109.24
109.18
109.24
109.18
109.17
109.15
109.24
109.21
109.18
109.19
109.21
109.27
109.26
109.15
108.94
108.87
108.92
109.2
108.99
109.01
109
108.99
108.98
108.94
108.91
108.86
108.97
108.98
108.98
108.93
109.17
109.2
109.18
109.24
109.22
109.22
109.27
109.26
109.24
109.23
109.25
109.18
109.05
109.16
109.14
109.09
109.1
109.19
109.19
109.11
109.11
109.1
109.15
109.15
109.2
109.18
109.19
109.15
109.15
109.16
109.24
109.25
109.22
109.21
109.21
109.23
109.24
109.24
109.13
109.13
109.21
109.11
109.19
109.28
109.3
109.28
109.32
109.22
109.23
109.25
109.18
109.35
109.21
109.26
109.22
109.23
109.26
109.21
109.15
109.17
109.2
109.19
109.14
109.14
109.23
109.22
109.19
109.26
109.14
109.18
109.16
109.24
109.24
109.18
109.13
109.21
109.21
109.22
109.18
109.17
109.12
109.19
109.18
109.07
109.1
109.13
109.09
109.11
109.09
109.12
109.15
109.19
109.2
109.18
109.18
109.21
109.15
109.16
109.23
109.2
109.2
109.2
109.16
109.13
109.11
109.11
109.11
109
109
109.02
109.06
109.04
109.11
109.07
109.03
109.03
109.01
108.99
109
108.92
108.95
108.93
109.01
108.96
108.98
108.95
109.11
109.17
109.2
109.28
109.22
108.95
109.17
109.06
109.02
109.03
109.06
108.97
108.91
108.86
108.82
108.81
109.01
108.81
108.87
109.06
108.94
108.94
108.98
108.88
108.92
108.9
108.98
108.9
108.99
109
109.08
109.07
109.1
109.23
109.18
109.07
109
108.99
109.01
108.95
108.98
108.91
108.91
108.93
108.86
108.85
108.7
108.62
108.62
108.36
107.65
107.4
107.28
106.63
106.95
106.74
106.76
106.5
106.44
106.7
106.6
106.65
106.22
105.59
105.68
105.87
105.82
105.91
106.2
106.19
106.1
106.14
105.86
105.85
106.03
106.03
105.95
105.88
105.74
105.69
105.8
104.8
105.36
105.3
105.36
105.2
105.15
105.04
105.07
105.43
105.4
105.42
105.66
105.58
105.46
105.41
105.74
105.69
105.84
105.74
105.95
106.09
106.02
106.01
105.41
105.41
105.9
105.98
105.88
105.87
105.8
105.74
105.8
105.73
105.7
105.51
105.58
105.85
105.79
105.79
105.76
105.82
105.85
106.07
106.07
106.17
105.95
106.17
106.15
106.04
106.1
105.99
105.95
105.89
105.85
105.94
105.91
105.88
105.91
105.97
105.9
105.94
105.94
105.94
105.96
105.94
105.95
105.91
105.87
105.92
105.92
105.98
105.94
106.1
106.08
106.06
106.14
106.32
105.86
106.24
106.19
106.18
106.33
106.29
106.4
106.34
106.3
106.2
106.16
106.15
106.19
106.26
106.07
106.11
106.14
106.14
105.95
105.97
105.96
106
106.05
105.99
105.9
105.97
106.01
106.16
106.02
105.94
105.98
105.96
106.03
105.9
105.82
105.83
105.88
105.82
105.94
105.8
105.89
105.88
105.91
105.9
105.9
105.81
105.88
105.88
105.88
105.89
105.89
105.88
105.85
105.86
105.87
105.87
105.9
105.87
105.75
105.69
105.8
105.72
105.75
105.82
105.78
105.71
105.88
105.72
105.79
105.77
105.77
105.71
105.7
105.59
105.63
105.65
105.75
105.65
105.66
105.79
105.87
105.91
105.95
105.85
105.88
105.86
106.15
105.89
106.19
106.25
106.37
106.38
106.32
106.44
106.35
106.34
106.37
106.39
106.21
106.17
106.26
106.17
106.17
106.08
106.15
106.07
106.15
106.07
106.11
106.15
106.11
106.21
106.14
106.21
106.15
106.19
106.17
106.17
106.18
106.2
106.2
106.36
106.36
106.38
106.4
106.44
106.45
106.39
106.34
106.33
106.37
106.31
106.33
106.21
106.16
106.2
106.21
106.2
106.25
106.18
106.2
106.14
105.95
106.07
106.03
106.04
106.09
106.1
106.14
106.2
106.19
106.15
106.17
106.15
106.18
106.22
106.14
106.2
106.13
106.1
106.11
106.13
106.08
106.05
106.11
105.9
105.89
105.78
105.68
105.61
105.45
105.27
105.42
105.47
105.38
105.37
105.4
105.52
105.35
105.33
105.33
105.28
105.4
105.57
105.56
105.54
105.51
105.45
105.46
105.48
105.58
105.58
105.82
106.39
106.4
106.4
106.75
106.46
106.35
106.25
105.94
105.92
105.86
105.96
105.94
106
105.85
105.89
106.12
105.99
105.98
106.25
106.31
106.33
106.3
106.25
106.17
106.21
106.23
106.27
106.43
106.3
106.33
106.39
106.45
106.51
106.45
106.48
106.47
106.51
106.5
106.54
106.43
106.43
106.38
106.48
106.53
106.56
106.56
106.56
106.5
106.51
106.55
106.49
106.37
106.38
106.18
106.49
106.33
106.51
106.39
106.38
106.36
106.31
106.3
106.31
106.3
106.25
106.33
106.4
106.48
106.55
106.29
106.57
106.55
106.55
106.58
106.53
106.56
106.54
106.56
106.64
106.76
106.68
106.9
106.79
106.99
107
107.03
107.01
107.04
107.15
107.07
106.99
106.9
106.96
106.92
106.85
106.89
106.85
106.84
106.86
106.84
106.7
106.69
106.73
106.73
106.75
106.85
106.79
106.82
106.79
106.78
106.82
106.82
106.9
106.95
106.99
107.03
107.06
107.01
107.06
107.05
106.82
106.9
107.06
106.8
106.85
106.85
106.86
106.9
106.82
106.89
106.85
106.86
106.85
106.84
106.78
106.6
106.63
106.68
106.71
106.68
106.64
106.64
106.4
106.47
106.53
106.4
106.39
106.39
106.4
106.36
106.26
106.23
106.25
106.17
106.22
106.14
106.07
106.09
106.05
106.15
106.09
106.13
106.09
106.02
106
105.95
105.91
105.95
105.93
105.93
105.95
105.92
106
106.13
106.14
106.01
106.02
105.95
105.98
106.09
106.05
106.03
105.95
106.01
105.99
105.96
105.98
105.97
106
106
105.95
106.62
106.74
106.57
106.63
106.65
106.71
106.75
106.7
106.72
106.77
106.57
106.51
106.61
106.78
106.76
106.76
106.77
106.62
106.68
106.55
106.58
106.47
106.39
106.23
106.3
106.47
106.44
106.41
106.4
106.37
106.37
106.29
106.1
106.16
106.17
106.13
106.14
106.24
106.29
106.23
106.19
106.24
106.25
106.34
106.32
106.32
106.35
106.34
106.33
106.3
106.33
106.31
106.33
106.2
106.2
106.16
106.2
106.15
106.07
105.83
105.76
105.5
105.77
105.81
105.63
105.74
105.63
105.57
105.57
105.59
105.66
105.71
105.68
105.76
105.77
105.82
105.85
105.8
105.84
105.88
105.93
105.95
105.88
105.97
105.97
106.12
106.13
106.08
106.14
106.07
106.02
106.05
106.07
106.1
106.11
106.16
106.19
106.22
106.33
106.27
106.1
106.15
106.17
106.18
106.35
106.5
106.5
106.6
106.57
106.51
106.55
106.41
106.42
106.5
106.53
106.51
106.47
106.39
106.44
106.44
106.44
106.42
106.34
106.35
106.37
106.43
106.43
106.43
106.43
106.43
106.46
106.4
106.37
106.43
106.36
106.29
106.28
106.28
106.27
106.27
106.3
106.3
106.28
106.26
106.26
106.31
106.26
106.28
106.29
106.27
106.31
106.28
106.27
106.29
106.3
106.27
106.29
106.28
106.16
106.25
106.24
106.23
106.27
106.24
106.25
106.25
106.22
106.23
106.19
106.19
106.13
106.19
106.17
106.17
106.23
106.24
106.24
106.25
106.23
106.24
106.2
106.2
106.17
106.11
106.14
106.14
106.13
106.15
106.06
106.06
106.06
106
106.01
105.99
106
105.98
105.92
105.94
105.93
105.98
105.97
105.93
105.93
106
105.94
105.94
105.99
106.02
106
105.99
106
106
105.98
106.07
106.1
106.19
106.17
106.21
106.25
106.24
106.16
106.22
106.22
106.2
106.16
106.21
106.17
106.24
106.24
106.24
106.27
106.29
106.31
106.32
106.36
106.34
106.32
106.28
106.31
106.37
106.43
106.4
106.41
106.41
106.41
106.46
106.44
106.51
106.57
106.5
106.49
106.52
106.49
106.45
106.48
106.5
106.5
106.49
106.49
106.46
106.46
106.46
106.46
106.46
106.46
106.45
106.46
106.45
106.44
106.45
106.4
106.4
106.34
106.4
106.34
106.34
106.25
106.2
106.21
106.34
106.21
106.22
106.13
106.1
106.11
106.13
106.17
106.16
106.1
106.1
106.12
106.11
106.04
106.03
106.01
105.98
106
106.03
106.09
105.97
105.95
105.87
105.87
105.9
105.92
105.96
105.88
105.89
105.83
105.91
105.92
