194.36
194.24
194.43
194.15
194.2
194.01
193.8
194.09
194.4
193.78
193.93
193.96
193.88
193.77
193.79
193.84
193.69
193.5
193.28
193.15
193.06
193.07
193.04
193.15
193.07
193.2
193.15
193.19
193.14
193
192.94
193.04
192.81
192.83
192.87
193.18
193.12
192.96
193.04
193.18
192.98
193.37
193.33
193.27
193.42
193.55
193.27
193.27
193.67
193.73
193.85
193.75
193.61
193.56
193.61
193.5
193.49
193.58
193.56
193.66
193.54
193.54
193.49
193.4
193.44
193.48
193.57
193.62
193.61
193.68
193.68
193.7
193.68
193.77
193.59
193.66
193.66
193.72
193.44
193.67
193.25
193.15
193.25
193.31
193.31
193.3
193.33
193.18
193.21
193.15
193.58
193.64
193.23
193.69
193.54
193.66
193.6
193.7
193.62
193.36
193.46
193.56
193.51
193.51
193.47
193.45
193.47
193.49
193.44
193.36
193.36
193.36
193.18
193.29
193.17
193.29
193.1
193.21
193.17
193.09
193.15
193.14
193.14
193.17
193.1
193.09
193.13
193.18
193.27
193.23
193.3
193.37
193.43
193.23
193.4
193.49
193.5
193.5
193.51
193.49
193.54
193.47
193.57
193.55
193.4
193.3
193.36
193.24
193.27
193.27
193.22
193.28
193.22
193.22
193.1
193.18
193.29
193.19
193.38
193.38
193.39
193.42
193.41
193.39
193.39
193.42
193.33
193.4
193.4
193.35
193.4
193.27
193.36
193.27
193.25
193.29
193.25
193.28
193.27
193.31
193.34
193.33
193.36
193.54
193.34
193.65
193.31
193.33
193.34
193.38
193.74
193.76
193.69
193.69
193.73
193.7
193.73
193.67
193.64
193.66
193.62
193.7
193.62
193.66
193.66
193.67
193.61
193.67
193.8
193.87
193.78
193.74
193.77
193.77
193.79
193.77
193.82
193.81
193.77
193.82
193.78
193.77
193.77
193.8
193.73
193.73
193.66
193.63
193.65
193.64
193.66
193.64
193.67
193.63
193.69
193.59
193.59
193.64
193.61
193.63
193.64
193.65
193.64
193.63
193.61
193.61
193.6
193.61
193.66
193.59
193.66
193.57
193.65
193.64
193.6
193.61
193.6
193.6
193.64
193.62
193.66
193.66
193.77
193.68
193.68
193.89
193.65
193.71
193.87
193.9
193.78
193.83
193.85
193.86
193.84
193.86
193.86
193.8
193.8
193.79
193.8
193.84
193.84
193.82
193.82
193.83
193.8
193.78
193.78
193.83
193.76
193.69
193.62
193.59
193.7
193.73
193.67
193.67
193.71
193.63
193.69
193.6
193.57
193.59
193.74
193.74
193.71
193.76
193.76
193.72
193.76
193.78
193.8
193.73
193.74
193.74
193.71
193.69
193.76
193.66
193.77
193.8
193.77
193.78
193.77
193.66
193.76
193.77
193.74
193.71
193.74
193.82
193.77
193.69
193.91
193.87
193.91
193.91
193.93
193.88
193.85
193.79
193.88
193.91
193.93
193.88
193.86
194.15
194.16
194.14
194.17
194.13
194.23
194.35
194.18
194.32
194.34
194.26
194.09
194.07
194.3
195.06
194.84
194.86
195.01
195.1
195
194.97
194.89
195.05
195.05
194.88
195.09
194.89
195.12
195.22
195.22
195.3
195.29
195.32
195.37
195.25
195.24
195.29
195.29
195.25
195.56
195.43
195.81
195.65
195.74
195.72
195.72
195.48
195.48
195.38
195.31
195.32
195.32
195.31
195.2
195.23
195.21
195.26
195.24
195.22
195.27
195.18
195.23
195.26
195.36
195.36
195.38
195.38
195.41
195.38
195.3
195.3
195.3
195.17
195.17
195.23
195.31
195.28
195.31
195.38
195.29
195.38
195.34
195.4
195.37
195.37
195.29
195.35
195.32
195.3
195.29
195.38
195.34
195.38
195.39
195.35
195.39
195.39
195.38
195.42
195.33
195.36
195.41
195.45
195.44
195.44
195.43
195.46
195.46
195.46
195.47
195.45
195.59
195.62
195.59
195.58
195.57
195.55
195.55
195.6
195.56
195.54
195.51
195.55
195.48
195.51
195.58
195.55
195.54
195.54
195.46
195.5
195.49
195.49
195.54
195.56
195.5
195.57
195.46
195.52
195.43
195.43
195.46
195.46
195.49
195.48
195.43
195.42
195.38
195.44
195.43
195.45
195.43
195.42
195.47
195.47
195.48
195.39
195.47
195.4
195.39
195.37
195.38
195.4
195.49
195.55
195.52
195.48
195.54
195.53
195.56
195.56
195.55
195.58
195.57
195.64
195.64
195.64
195.68
195.66
195.66
195.67
195.72
195.72
195.79
195.81
195.82
195.85
195.8
195.99
196.02
196.01
195.94
195.95
196.08
196.07
196.07
196.09
196.07
196.08
196.08
196.09
196.07
196.04
195.98
196.01
195.85
195.97
196.02
195.94
195.96
195.93
195.96
195.94
195.53
195.52
195.34
195.33
195.37
195.4
195.42
195.47
195.47
195.43
195.44
195.42
195.43
195.44
195.45
195.42
195.41
195.44
195.45
195.47
195.44
195.49
195.47
195.51
195.52
195.5
195.51
195.49
195.5
195.5
195.5
195.5
195.51
195.56
195.62
195.63
195.62
195.68
195.63
195.69
195.7
195.8
195.82
195.85
195.79
195.79
195.79
195.79
195.8
195.77
195.77
195.77
195.8
195.79
195.79
195.8
195.81
195.77
195.82
195.86
195.81
195.86
195.79
195.86
195.85
195.86
195.88
195.87
195.95
195.9
195.91
195.92
195.93
195.82
195.9
195.73
195.67
195.63
195.63
195.85
195.63
195.62
195.58
195.79
195.65
195.68
195.71
195.76
195.7
195.81
195.88
195.86
195.86
195.84
195.87
195.81
195.88
195.78
195.71
195.74
195.74
195.74
196.46
196.43
196.66
196.55
196.29
196.13
195.77
195.65
195.51
195.27
195.08
195.25
195.28
195.28
195.19
195.19
195.36
195.36
195.65
195.52
195.63
195.49
195.49
195.37
195.38
195.33
195.33
195.58
195.45
195.56
195.42
195.44
195.44
195.55
195.55
195.29
195.37
195.37
195.37
195.44
195.44
195.44
195.47
195.56
195.56
195.65
195.65
195.57
195.8
195.76
195.83
195.81
195.76
195.84
195.79
195.86
195.87
195.87
195.83
195.83
195.9
195.82
195.87
195.86
195.92
195.9
195.86
195.87
195.94
195.94
195.86
195.83
195.88
195.85
195.81
195.86
195.92
195.91
195.98
196.16
196.14
196.1
196.16
196.16
196.17
196.07
196.12
196.27
196.16
196.21
196.21
196.23
196.2
196.18
196.21
196.22
196.2
196.27
196.18
196.21
196.24
196.17
196.28
196.2
196.24
196.24
196.21
196.15
196.13
196.12
196.12
196.11
196.11
196.08
196.04
195.98
195.95
195.99
196.02
195.98
196.01
196.09
196.07
196.09
196.1
196.06
196.08
196.04
196.11
196.05
196.11
196.15
196.07
196.09
196.09
196.05
196.04
196.17
196.05
196.03
196.03
196.17
196.17
196.14
196.16
196.22
196.17
196.23
196.25
196.23
196.26
196.26
196.26
196.26
196.3
196.28
196.24
196.36
196.26
196.26
196.31
196.31
196.36
196.4
196.42
196.47
196.47
196.35
196.35
196.35
196.35
196.32
196.32
196.39
196.35
196.36
196.32
196.32
196.34
196.34
196.39
196.35
196.36
196.32
196.31
196.4
196.36
196.37
196.37
196.28
196.23
195.89
195.94
195.93
196.08
195.84
195.64
195.45
195.65
195.66
195.86
195.86
195.65
195.78
195.87
195.73
195.88
196.02
196.06
196.06
195.96
196
195.87
196.04
196.04
195.89
196.03
196.1
195.91
195.98
196.2
196.12
196.12
196.16
196.1
195.91
195.87
195.87
196.01
196.01
196.01
195.89
196.01
196.01
195.99
195.97
195.97
196.15
196.18
196.13
196.25
196.24
196.19
196.21
196.14
196.16
196.1
196.06
196.09
196.09
196.08
196.13
196.13
196.13
196
196.05
196.13
196.08
196.09
196.15
196.23
196.28
196.32
196.44
196.41
196.4
196.34
196.44
196.46
196.43
196.47
196.4
196.23
196.13
196.13
196.16
196.24
196.12
196.23
196.16
196.08
196.07
196.09
196.08
196.07
196.11
196.06
196.11
196.1
196.11
196.12
196.12
196.16
196.14
196.15
196.26
196.28
196.27
196.23
196.23
196.26
196.28
196.2
196.16
196.24
196.21
196.2
196.2
196.21
196.18
196.18
196.15
196.18
196.19
196.18
196.18
196.21
196.21
196.24
196.15
196.17
196.16
196.16
196.15
196.11
196.1
196.04
196.07
196
195.99
196.01
195.99
195.96
196.06
196.03
196.02
195.98
195.95
195.95
195.89
195.96
195.95
195.97
195.91
195.94
195.9
195.91
195.91
195.94
195.91
195.94
195.91
195.91
195.91
195.91
195.87
195.9
195.85
195.85
195.85
195.85
195.8
195.81
195.8
195.85
195.83
195.88
195.84
195.84
195.66
195.66
195.68
195.68
195.69
195.72
195.69
195.75
195.76
195.72
195.76
195.74
195.72
195.72
195.72
195.69
195.69
195.68
195.73
195.71
195.68
195.63
195.63
195.63
195.61
195.69
195.96
196.03
196.03
196
195.99
196.04
196.07
195.99
195.94
195.95
195.96
196
196
195.98
195.96
195.96
195.99
196.01
196.12
196.15
196.15
196.15
196.16
196.21
196.29
196.22
196.22
196.24
196.19
196.21
196.22
196.21
196.21
196.16
196.16
196.17
196.17
196.15
196.17
196.18
196.19
196.21
196.17
196.16
196.07
196.05
196.04
196.08
196.17
196.18
196.24
196.26
196.24
196.24
196.23
196.25
196.26
196.2
196.24
196.23
196.21
196.21
196.22
196.21
196.23
196.19
196.2
196.21
196.13
196.08
196.11
196.05
196.08
196.06
196.07
196.05
196.05
196.02
195.98
195.98
195.95
195.89
195.84
195.87
195.8
195.81
195.75
195.83
195.76
195.76
195.77
195.78
195.8
195.82
195.71
195.73
195.72
195.65
195.65
195.68
195.66
195.68
195.74
195.68
195.68
195.63
195.6
195.55
