159.98
159.83
159.9
159.77
159.13
159.4
159.04
159.65
158.87
159.45
159.47
159.57
160.13
160.1
160.26
160.14
160.18
159.63
160.25
160.6
160.48
160.48
160.6
160.11
160.76
160.74
160.64
160.44
160.64
160.33
160.29
160.3
160.26
160.17
160.21
160.36
160.28
160.36
160.29
160.37
160.35
160.31
160.26
160.29
160.22
160.41
160.49
160.4
160.43
160.41
160.31
160.42
160.39
160.43
160.45
160.49
160.48
160.46
160.38
160.45
160.41
160.4
160.46
160.42
160.64
160.74
160.44
160.73
160.7
160.73
160.72
160.66
160.69
160.72
160.74
160.7
160.66
160.63
160.58
160.63
160.41
160.4
160.43
160.4
160.41
160.41
160.46
160.43
160.4
160.5
160.42
160.67
160.79
160.9
160.88
160.89
160.9
160.99
160.86
160.84
160.84
160.98
161.1
160.9
161.09
161.08
160.99
161
160.94
160.96
160.92
160.94
160.83
160.88
160.8
160.94
160.92
160.91
160.91
160.91
160.86
160.86
160.9
160.88
160.77
160.88
160.97
161.14
161.23
161.2
161.24
161.2
161.33
161.31
161.23
161.22
161.33
161.28
161.26
161.32
161.28
161.23
161.28
161.32
161.31
161.32
161.33
161.35
161.36
161.38
161.35
161.39
161.25
161.18
161.14
161.12
161.34
161.2
161.33
161.28
161.24
161.16
161.16
161.09
161.16
161.27
161.26
161.25
161.14
161.12
161.13
161.48
161.48
161.25
161.58
161.61
161.62
161.54
161.54
161.54
161.64
161.55
161.84
161.8
161.64
161.63
161.54
161.8
161.8
161.56
161.66
161.73
161.81
161.81
161.8
161.86
161.9
161.82
161.85
161.72
161.7
161.68
161.68
161.75
161.72
161.75
161.72
161.7
161.72
161.63
161.65
161.62
161.63
161.67
161.6
161.66
161.57
161.61
161.68
161.6
161.44
161.43
161.62
161.48
161.48
161.47
161.5
161.42
161.32
161.39
161.35
161.34
161.32
161.3
161.41
161.35
161.35
161.34
161.35
161.37
161.42
161.43
161.45
161.37
161.4
161.4
161.33
161.19
161.39
161.2
161.21
161.2
161.12
161.13
161.12
161.12
161.21
161.08
161.1
161.14
161.1
161.15
161.26
161.34
161.27
161.12
161.19
161.24
161.18
161.3
161.29
161.33
161.3
161.21
161.16
161.19
161.2
161.2
161.24
161.22
161.24
161.24
161.24
161.23
161.25
161.25
161.24
161.28
161.31
161.2
161.17
161.2
161.19
161.18
161.18
161.23
161.21
161.23
161.22
161.22
161.25
161.23
161.29
161.2
161.34
161.33
161.33
161.25
161.32
161.32
161.3
161.23
161.22
161.18
161.21
161.21
161.18
161.33
161.29
161.13
161.13
161.18
161.22
161.21
161.21
161.15
161.15
161.1
161.11
161.17
161.24
161.31
161.28
161.3
161.31
161.2
161.26
161.3
161.29
161.24
161.17
161.19
161.23
161.3
161.19
161.26
161.31
161.24
161.22
161.31
161.3
161.23
161.33
161.35
161.4
161.37
161.37
161.35
161.35
161.44
161.34
162.29
162.26
162.27
162.17
162.04
161.81
161.81
161.97
161.86
161.65
161.88
162.02
161.95
161.96
161.81
161.96
161.83
161.74
161.78
161.74
161.77
161.72
161.76
161.72
161.75
161.89
161.83
161.96
162.06
162.01
162.1
162.08
162.22
162.19
162.18
162.18
162.11
162.15
162.09
161.98
161.9
161.9
162.08
162
162.03
161.87
161.87
161.86
161.88
162.03
161.94
162.04
162.08
161.86
161.87
161.87
162.13
161.87
162.2
162.24
161.87
162.23
161.87
161.91
162.32
161.93
162.24
162.15
162.23
162.23
162.33
162.28
162.31
162.39
162.42
162.52
162.31
162.39
162.42
162.43
162.53
162.42
162.32
162.31
162.34
162.27
162.27
162.27
162.31
162.27
162.27
162.28
162.28
162.26
162.31
162.21
162.25
162.45
162.42
162.45
162.44
162.4
162.41
162.48
162.43
162.45
162.42
162.44
162.34
162.38
162.47
162.5
162.47
162.56
162.55
162.54
162.52
162.53
162.52
162.51
162.48
162.49
162.49
162.54
162.5
162.48
162.49
162.52
162.49
162.49
162.5
162.48
162.54
162.56
162.53
162.62
162.64
162.68
162.66
162.67
162.65
162.64
162.63
162.63
162.63
162.54
162.57
162.6
162.59
162.61
162.6
162.63
162.6
162.63
162.73
162.68
162.61
162.59
162.6
162.58
162.71
162.71
162.68
162.68
162.71
162.67
162.7
162.69
162.63
162.69
162.7
162.68
162.67
162.64
162.73
162.77
162.76
162.74
162.79
162.73
162.74
162.75
162.72
162.76
162.77
162.79
162.8
162.77
162.84
162.88
162.88
162.88
162.88
162.8
162.76
162.89
162.74
162.75
162.71
162.55
162.58
162.58
162.6
162.58
162.63
162.63
162.62
162.61
162.63
162.55
162.54
162.6
162.57
162.52
162.54
162.58
162.56
162.53
162.51
162.56
162.7
162.68
162.7
162.7
162.71
162.68
162.64
162.63
162.61
162.57
162.57
162.6
162.57
162.6
162.6
162.61
162.59
162.56
162.57
162.54
162.59
162.6
162.62
162.6
162.62
162.61
162.66
162.63
162.65
162.63
162.57
162.59
162.58
162.57
162.6
162.61
162.61
162.51
162.54
162.55
162.47
162.5
162.53
162.42
162.44
162.38
162.32
162.3
162.29
162.22
162.26
162.33
162.36
162.24
162.28
162.15
162.15
162.2
162.21
162.21
162.19
162.26
162.19
162.12
162.06
162.15
162.21
162.2
162.18
162.16
162.14
162.16
162.16
162.15
162.18
162.19
162.22
162.21
162.22
162.16
162.23
162.67
162.76
162.71
162.93
162.96
162.84
162.88
162.87
162.77
162.95
162.66
162.8
162.87
162.71
162.77
162.77
162.71
162.69
162.66
162.66
162.77
162.5
162.71
162.51
162.48
162.52
162.53
162.46
162.44
162.35
162.41
162.38
162.5
162.54
162.54
162.54
162.58
162.64
162.7
162.75
162.7
162.74
162.69
162.73
162.7
162.76
162.75
162.55
162.55
162.49
162.5
162.51
162.53
162.48
162.59
162.53
162.5
162.69
162.47
162.63
162.65
162.59
162.56
162.52
162.52
162.52
162.51
162.52
162.53
162.51
162.6
162.5
162.66
162.5
162.65
162.62
162.66
162.66
162.75
162.8
162.8
162.82
162.81
162.85
162.82
162.82
162.82
162.83
162.88
162.87
162.87
162.97
162.93
162.94
162.94
162.96
162.94
162.89
162.93
162.81
162.78
162.87
162.72
162.68
162.73
162.77
162.76
162.63
162.62
162.65
162.64
162.68
162.67
162.65
162.68
162.67
162.63
162.67
162.66
162.65
162.66
162.62
162.61
162.65
162.63
162.65
162.6
162.6
162.53
162.51
162.51
162.53
162.54
162.54
162.54
162.47
162.52
162.48
162.48
162.51
162.52
162.51
162.42
162.4
162.48
162.47
162.53
162.49
162.5
162.51
162.47
162.46
162.45
162.4
162.38
162.38
162.34
162.34
162.38
162.3
162.25
162.27
162.24
162.22
162.21
162.24
162.22
162.16
162.14
162.14
162.2
162.12
162.12
162.14
162.15
162.13
162.1
162.07
162.06
162.06
162.03
162.01
162.16
161.91
161.93
161.96
161.94
161.97
161.87
161.89
161.87
161.82
162.4
162.33
162.16
162.22
162.2
162.12
162.19
162.26
162.21
162.18
162.38
162.54
162.53
162.44
162.49
162.54
162.57
162.52
162.48
162.54
162.52
162.5
162.5
162.64
162.67
162.65
162.68
162.81
162.82
162.83
162.86
162.86
162.85
162.81
162.76
162.79
162.78
162.78
162.81
162.81
162.86
162.87
162.74
162.77
162.87
162.9
162.93
162.92
162.88
162.91
162.89
162.79
162.77
162.76
162.73
162.74
162.74
162.73
162.73
162.65
162.69
162.7
162.69
162.65
162.65
162.71
162.68
162.71
162.76
162.74
162.76
162.79
162.77
162.67
162.7
162.7
162.68
162.69
162.69
162.79
162.8
162.79
162.79
162.8
162.82
162.81
162.83
162.77
162.75
162.76
162.75
162.7
162.73
162.7
162.72
162.72
162.77
162.76
162.73
162.75
162.74
162.72
162.71
162.72
162.71
162.64
162.63
162.66
162.62
162.57
162.53
162.57
162.62
162.61
162.63
162.65
162.63
162.62
162.63
162.63
162.62
162.63
162.61
162.64
162.64
162.65
162.65
162.65
162.63
162.65
162.67
162.71
162.7
162.69
162.7
162.69
162.69
162.7
162.67
162.67
162.65
162.65
162.65
162.63
162.63
162.59
162.63
162.65
162.68
162.68
162.69
162.66
162.67
162.69
162.73
162.74
162.74
162.73
162.75
162.77
162.79
162.83
162.84
162.84
162.85
162.83
162.86
162.87
162.88
162.85
162.86
162.87
162.89
162.9
162.91
162.91
162.94
162.94
162.95
162.98
162.97
162.98
162.96
162.94
162.97
162.96
162.96
162.97
162.96
162.96
162.96
163.07
163.04
163.06
163.05
163.05
163.02
163.03
163.01
163.03
163.03
163.04
163.06
162.87
162.87
162.84
162.86
162.82
162.88
162.82
162.82
162.82
162.81
162.81
162.83
162.83
162.84
162.83
162.82
162.83
162.81
162.81
162.81
162.83
162.83
162.81
162.76
162.83
162.76
162.75
162.81
162.85
162.85
162.83
162.85
162.84
162.84
162.82
162.81
162.78
162.79
162.75
162.76
162.78
162.78
162.78
162.77
162.75
162.74
162.72
162.76
162.64
162.65
162.61
162.62
162.61
162.62
162.61
162.58
162.65
162.65
162.63
162.64
162.61
162.53
162.58
162.62
162.63
162.62
162.61
162.61
162.62
162.61
162.6
162.59
162.58
162.62
162.6
162.53
162.58
162.58
162.54
162.52
162.6
162.55
162.55
162.53
162.5
162.46
162.46
162.46
162.46
162.46
162.49
162.46
162.46
162.46
162.37
162.43
162.47
162.49
162.48
162.48
162.38
162.4
162.45
162.41
162.46
162.47
162.34
162.36
