38.54
38.54
38.63
38.61
38.53
38.51
38.42
38.58
38.59
38.36
38.47
38.5
38.5
38.48
38.49
38.47
38.44
38.42
38.4
38.41
38.49
38.37
38.36
38.35
38.35
38.35
38.33
38.3
38.34
38.29
38.3
38.3
38.26
38.27
38.25
38.25
38.25
38.24
38.25
38.29
38.26
38.3
38.28
38.26
38.25
38.27
38.25
38.25
38.27
38.27
38.27
38.26
38.24
38.26
38.24
38.22
38.22
38.26
38.24
38.23
38.23
38.21
38.22
38.22
38.23
38.21
38.24
38.23
38.23
38.21
38.22
38.23
38.22
38.22
38.21
38.22
38.22
38.21
38.19
38.16
38.15
38.12
38.13
38.14
38.15
38.15
38.14
38.14
38.17
38.16
38.16
38.17
38.18
38.18
38.17
38.17
38.14
38.1
38.08
38.13
38.06
38.07
38.07
38.07
38.07
38.08
38.09
38.1
38.12
38.12
38.1
38.11
38.11
38.11
38.15
38.11
38.12
38.12
38.12
38.12
38.12
38.12
38.1
38.1
38.1
38.09
38.12
38.12
38.16
38.16
38.15
38.16
38.17
38.16
38.16
38.16
38.15
38.15
38.17
38.16
38.15
38.16
38.17
38.17
38.17
38.16
38.17
38.15
38.16
38.16
38.16
38.15
38.17
38.19
38.2
38.2
38.21
38.22
38.22
38.22
38.22
38.22
38.21
38.22
38.19
38.22
38.16
38.17
38.18
38.17
38.16
38.18
38.17
38.17
38.17
38.17
38.16
38.17
38.17
38.17
38.17
38.17
38.17
38.2
38.2
38.21
38.17
38.25
38.24
38.26
38.26
38.26
38.24
38.25
38.24
38.23
38.25
38.24
38.22
38.23
38.23
38.24
38.23
38.25
38.25
38.25
38.26
38.27
38.27
38.28
38.26
38.25
38.26
38.27
38.27
38.28
38.28
38.28
38.29
38.28
38.28
38.28
38.3
38.31
38.29
38.29
38.28
38.27
38.24
38.24
38.24
38.24
38.25
38.23
38.24
38.23
38.23
38.24
38.23
38.24
38.24
38.21
38.21
38.21
38.2
38.2
38.19
38.2
38.2
38.2
38.22
38.21
38.22
38.22
38.23
38.23
38.22
38.22
38.24
38.24
38.24
38.24
38.24
38.26
38.25
38.26
38.24
38.26
38.26
38.28
38.29
38.25
38.29
38.29
38.3
38.31
38.31
38.29
38.28
38.29
38.31
38.31
38.3
38.31
38.31
38.33
38.32
38.33
38.33
38.33
38.33
38.3
38.3
38.3
38.31
38.33
38.31
38.33
38.32
38.31
38.3
38.3
38.31
38.31
38.34
38.33
38.33
38.33
38.35
38.35
38.36
38.37
38.37
38.38
38.37
38.36
38.35
38.38
38.35
38.37
38.38
38.4
38.4
38.39
38.4
38.4
38.41
38.41
38.42
38.41
38.4
38.42
38.4
38.44
38.44
38.41
38.42
38.42
38.41
38.42
38.42
38.42
38.45
38.44
38.45
38.46
38.47
38.48
38.49
38.49
38.46
38.47
38.54
38.52
38.52
38.51
38.51
38.49
38.46
38.46
38.47
38.6
38.68
38.59
38.61
38.69
38.63
38.59
38.62
38.63
38.61
38.59
38.61
38.59
38.63
38.67
38.67
38.65
38.63
38.65
38.69
38.65
38.63
38.79
38.79
38.79
38.67
38.73
38.83
38.81
38.76
38.79
38.79
38.82
38.85
38.83
38.83
38.8
38.81
38.79
38.76
38.76
38.75
38.74
38.78
38.77
38.75
38.78
38.84
38.83
38.85
38.78
38.9
38.9
38.76
38.78
38.83
38.83
38.78
38.81
38.83
38.84
38.85
38.84
38.86
38.84
38.84
38.9
38.84
38.84
38.84
38.85
38.84
38.81
38.82
38.81
38.84
38.82
38.82
38.84
38.83
38.84
38.84
38.82
38.82
38.81
38.8
38.8
38.83
38.85
38.81
38.82
38.85
38.88
38.87
38.84
38.92
38.9
38.92
38.92
38.94
38.93
38.93
38.93
38.96
38.92
38.95
38.94
38.95
38.94
38.94
38.96
38.96
38.96
38.96
38.96
38.95
38.95
38.96
38.97
38.96
38.98
38.96
38.97
38.94
38.94
38.94
38.94
38.96
38.96
38.93
38.95
38.95
38.92
38.92
38.92
38.92
38.91
38.91
38.91
38.92
38.92
38.91
38.92
38.94
38.91
38.92
38.92
38.92
38.94
38.99
38.99
38.99
38.97
38.99
38.99
38.99
38.99
38.98
38.98
38.98
38.98
38.98
38.98
38.98
38.99
38.99
38.97
38.97
38.97
38.98
38.99
38.99
39
39
39.02
39.03
39.04
39.03
39.02
39.04
39.03
39.04
39.03
39.02
39.02
39
39
38.99
38.99
39.01
38.99
39
38.98
38.99
38.99
39
38.99
38.99
38.97
38.95
38.92
38.94
38.92
38.94
38.96
38.94
38.94
38.93
38.93
38.94
38.94
38.94
38.94
38.94
38.94
38.93
38.94
38.95
38.95
38.97
38.98
38.95
38.97
38.98
39
39
39
39.01
39.02
39.04
39.03
39.06
39.04
39.06
39.05
39.04
39.05
39.05
39.05
39.05
39.04
39.05
39.05
39.04
39.05
39.04
39.02
39.02
39.01
39.02
39.01
39.01
39.01
39.03
39.03
39.03
39.02
39.02
39.03
39.02
39.03
39.02
39.02
39.02
39.04
39.03
39.02
39.02
39.01
39.02
39.02
39.01
39.03
39
38.97
38.97
38.96
38.97
38.99
38.97
38.97
38.95
38.97
38.96
38.96
38.97
38.98
38.97
38.99
38.99
38.99
38.99
38.97
38.97
38.96
38.96
38.93
38.93
38.94
38.94
38.94
39.04
39.06
38.96
38.92
38.9
38.86
38.76
38.81
38.8
38.73
38.7
38.67
38.7
38.73
38.67
38.71
38.74
38.71
38.7
38.7
38.74
38.69
38.7
38.69
38.69
38.67
38.72
38.76
38.76
38.74
38.8
38.81
38.84
38.81
38.81
38.78
38.79
38.76
38.76
38.79
38.78
38.78
38.77
38.78
38.76
38.79
38.78
38.81
38.79
38.81
38.82
38.8
38.82
38.82
38.82
38.81
38.8
38.79
38.82
38.84
38.83
38.83
38.85
38.87
38.85
38.89
38.86
38.89
38.87
38.88
38.88
38.89
38.86
38.9
38.84
38.84
38.83
38.86
38.85
38.88
38.88
38.86
38.88
38.86
38.85
38.85
38.86
38.87
38.9
38.9
38.85
38.87
38.89
38.89
38.88
38.89
38.89
38.89
38.88
38.89
38.88
38.89
38.89
38.88
38.87
38.87
38.86
38.86
38.86
38.87
38.86
38.87
38.86
38.86
38.85
38.84
38.86
38.85
38.85
38.87
38.89
38.9
38.89
38.89
38.9
38.88
38.87
38.86
38.87
38.88
38.89
38.9
38.9
38.9
38.91
38.91
38.91
38.92
38.94
38.91
38.91
38.93
38.93
38.91
38.94
38.93
38.94
38.95
38.95
38.95
38.95
38.95
38.95
38.95
38.94
38.94
38.94
38.94
38.94
38.94
38.96
38.94
38.95
38.95
38.96
38.93
38.95
38.93
38.93
38.92
38.92
38.92
38.92
38.91
38.9
38.9
38.9
38.9
38.91
38.9
38.91
38.89
38.89
38.88
38.88
38.91
38.88
38.91
38.91
38.9
38.93
38.81
38.91
38.89
38.93
38.87
38.78
38.78
38.78
38.78
38.86
38.83
38.85
38.89
38.88
38.86
38.88
38.93
38.9
38.91
38.92
38.92
38.93
38.92
38.92
38.92
38.93
38.94
38.97
38.96
38.96
38.97
38.99
38.98
38.96
38.94
38.94
38.93
38.95
38.94
38.98
38.96
38.97
38.97
38.94
38.95
38.95
38.98
39
39
38.99
39
38.99
38.99
38.96
38.96
38.95
38.97
38.95
38.94
38.93
38.93
38.95
38.93
38.92
38.93
38.97
38.95
38.97
38.94
38.94
38.95
38.95
38.95
38.93
38.93
38.92
38.91
38.92
38.91
38.92
38.9
38.9
38.88
38.89
38.9
38.91
38.89
38.9
38.87
38.88
38.87
38.87
38.87
38.87
38.89
38.88
38.88
38.9
38.89
38.9
38.91
38.91
38.9
38.9
38.89
38.89
38.89
38.88
38.9
38.87
38.86
38.85
38.84
38.85
38.86
38.85
38.85
38.84
38.84
38.85
38.84
38.83
38.81
38.82
38.82
38.82
38.81
38.81
38.8
38.8
38.8
38.79
38.79
38.79
38.78
38.78
38.77
38.78
38.77
38.78
38.78
38.79
38.79
38.79
38.79
38.76
38.76
38.76
38.76
38.76
38.76
38.76
38.76
38.77
38.75
38.76
38.75
38.76
38.75
38.74
38.74
38.73
38.73
38.72
38.72
38.72
38.72
38.73
38.73
38.72
38.72
38.72
38.72
38.71
38.73
38.72
38.73
38.73
38.72
38.72
38.73
38.73
38.74
38.74
38.74
38.76
38.75
38.77
38.76
38.75
38.75
38.75
38.74
38.74
38.74
38.75
38.76
38.75
38.76
38.74
38.74
38.75
38.74
38.75
38.81
38.81
38.81
38.82
38.82
38.83
38.83
38.83
38.82
38.83
38.83
38.83
38.84
38.84
38.84
38.85
38.85
38.86
38.87
38.86
38.86
38.85
38.85
38.87
38.88
38.86
38.86
38.87
38.86
38.86
38.87
38.87
38.88
38.86
38.86
38.86
38.86
38.86
38.86
38.87
38.87
38.88
38.86
38.86
38.85
38.85
38.84
38.85
38.85
38.85
38.86
38.87
38.87
38.87
38.86
38.87
38.87
38.88
38.86
38.87
38.87
38.85
38.85
38.86
38.86
38.85
38.87
38.86
38.85
38.85
38.87
38.84
38.86
38.85
38.84
38.83
38.84
38.83
38.83
38.83
38.83
38.83
38.81
38.81
38.8
38.8
38.8
38.81
38.81
38.8
38.81
38.8
38.79
38.81
38.78
38.78
38.78
38.76
38.76
38.76
38.75
38.76
38.76
38.73
38.73
38.71
38.73
38.71
