47.95
48.05
48.08
48.07
48.03
48.01
48
48
48.01
47.94
47.92
47.92
47.93
47.85
47.92
47.95
47.99
48.06
48.07
48.03
47.89
48
47.89
47.89
47.98
48
48.04
47.97
47.96
47.87
47.86
47.85
47.94
47.92
47.91
47.95
47.87
47.98
47.98
48.02
47.93
48.01
47.99
48.04
48.01
48.05
48.01
48.04
48.03
48.03
48.04
48.01
47.99
47.99
48
47.97
47.99
47.99
47.98
48.01
48.01
47.99
47.99
47.99
48.03
48.02
48.07
47.97
48.06
48.07
48.06
48.05
48.05
48.08
48.04
48.02
48
47.98
47.99
48
47.88
47.87
47.93
47.85
47.86
47.88
47.89
47.89
47.9
47.88
47.9
47.9
47.89
47.9
47.92
47.93
47.93
47.93
47.94
47.93
47.98
47.92
47.97
47.98
48
48
47.99
47.99
47.99
47.99
47.97
47.96
47.91
47.94
47.96
47.91
47.91
47.93
47.9
47.91
47.88
47.91
47.9
47.88
47.92
47.92
47.87
47.87
47.88
47.84
47.87
47.86
47.85
47.83
47.82
47.83
47.84
47.87
47.85
47.86
47.83
47.87
47.9
47.89
47.89
47.89
47.89
47.88
47.86
47.87
47.88
47.89
47.9
47.87
47.86
47.88
47.88
47.89
47.9
47.9
47.92
47.9
47.89
47.87
47.87
47.9
47.88
47.89
47.88
47.87
47.84
47.86
47.84
47.88
47.84
47.84
47.83
47.83
47.83
47.83
47.81
47.8
47.81
47.82
47.8
47.79
47.8
47.8
47.81
47.83
47.83
47.83
47.85
47.83
47.83
47.83
47.82
47.81
47.8
47.82
47.82
47.79
47.8
47.82
47.84
47.8
47.84
47.83
47.86
47.85
47.88
47.87
47.89
47.87
47.86
47.85
47.84
47.87
47.88
47.9
47.87
47.87
47.88
47.87
47.87
47.85
47.87
47.88
47.87
47.87
47.85
47.87
47.87
47.89
47.86
47.87
47.85
47.84
47.84
47.88
47.84
47.87
47.88
47.86
47.85
47.86
47.87
47.84
47.84
47.83
47.85
47.85
47.87
47.86
47.87
47.87
47.86
47.87
47.88
47.87
47.9
47.89
47.9
47.89
47.92
47.91
47.91
47.9
47.92
47.9
47.92
47.9
47.94
47.9
47.91
47.94
47.92
47.9
47.91
47.9
47.91
47.9
47.9
47.9
47.9
47.9
47.9
47.91
47.89
47.87
47.89
47.85
47.86
47.85
47.86
47.88
47.86
47.84
47.86
47.87
47.87
47.88
47.89
47.9
47.9
47.87
47.87
47.88
47.88
47.88
47.87
47.88
47.86
47.88
47.87
47.9
47.88
47.87
47.89
47.88
47.89
47.9
47.9
47.89
47.9
47.9
47.9
47.9
47.9
47.9
47.91
47.9
47.9
47.93
47.94
47.92
47.91
47.94
47.95
47.95
47.93
47.94
47.97
47.97
47.96
47.95
47.93
47.91
47.91
47.93
47.93
47.92
47.93
47.95
47.93
47.93
47.94
47.94
47.9
47.93
47.92
48.22
48.22
48.26
48.13
48.22
48.22
48.22
48.24
48.22
48.23
48.24
48.35
47.98
47.98
48.4
48.44
48.47
48.48
48.45
48.49
48.42
48.37
48.4
48.5
48.54
48.6
48.6
48.62
48.65
48.63
48.6
48.58
48.53
48.49
48.61
48.6
48.59
48.6
48.61
48.59
48.58
48.56
48.57
48.56
48.54
48.53
48.56
48.56
48.58
48.56
48.56
48.54
48.6
48.53
48.61
48.57
48.59
48.61
48.56
48.57
48.57
48.69
48.7
48.72
48.57
48.7
48.7
48.69
48.68
48.69
48.7
48.71
48.71
48.71
48.71
48.7
48.72
48.69
48.71
48.71
48.72
48.71
48.7
48.71
48.74
48.72
48.71
48.72
48.73
48.75
48.76
48.74
48.76
48.75
48.75
48.76
48.76
48.77
48.76
48.78
48.77
48.77
48.77
48.79
48.78
48.77
48.72
48.74
48.73
48.74
48.79
48.75
48.75
48.78
48.71
48.72
48.71
48.7
48.73
48.71
48.7
48.72
48.72
48.7
48.71
48.68
48.67
48.67
48.7
48.69
48.66
48.68
48.65
48.62
48.61
48.57
48.56
48.58
48.6
48.58
48.59
48.58
48.58
48.59
48.6
48.6
48.6
48.58
48.59
48.6
48.57
48.57
48.57
48.57
48.57
48.58
48.58
48.56
48.56
48.56
48.57
48.56
48.57
48.57
48.56
48.57
48.57
48.58
48.58
48.58
48.58
48.58
48.58
48.58
48.59
48.6
48.62
48.63
48.65
48.59
48.66
48.65
48.65
48.65
48.66
48.65
48.68
48.71
48.67
48.71
48.71
48.73
48.72
48.7
48.71
48.73
48.74
48.73
48.72
48.6
48.61
48.6
48.61
48.64
48.65
48.66
48.67
48.64
48.66
48.66
48.66
48.67
48.61
48.65
48.67
48.66
48.67
48.66
48.67
48.68
48.67
48.67
48.67
48.67
48.69
48.67
48.68
48.68
48.67
48.68
48.68
48.68
48.69
48.69
48.69
48.69
48.7
48.66
48.65
48.64
48.63
48.63
48.62
48.62
48.61
48.61
48.6
48.59
48.58
48.58
48.58
48.57
48.56
48.56
48.56
48.58
48.58
48.59
48.56
48.58
48.62
48.61
48.6
48.62
48.6
48.62
48.61
48.61
48.59
48.6
48.6
48.6
48.58
48.57
48.54
48.54
48.54
48.51
48.52
48.51
48.56
48.49
48.52
48.51
48.51
48.52
48.54
48.54
48.54
48.55
48.53
48.5
48.47
48.53
48.49
48.51
48.49
48.5
48.51
48.52
48.54
48.26
48.46
48.43
48.45
48.43
48.29
48.28
48.27
48.24
48.18
48.09
48.14
48.22
48.2
48.13
48.15
48.15
48.12
48.14
48.23
48.14
48.23
48.25
48.23
48.21
48.23
48.25
48.25
48.22
48.17
48.15
48.15
48.16
48.13
48.12
48.11
48.12
48.13
48.14
48.17
48.2
48.19
48.18
48.2
48.24
48.24
48.26
48.23
48.25
48.26
48.26
48.26
48.29
48.31
48.31
48.27
48.28
48.27
48.25
48.26
48.25
48.22
48.22
48.24
48.23
48.21
48.22
48.23
48.25
48.25
48.28
48.28
48.22
48.3
48.28
48.29
48.3
48.29
48.29
48.29
48.29
48.28
48.28
48.29
48.29
48.28
48.3
48.29
48.29
48.29
48.29
48.26
48.27
48.27
48.26
48.25
48.26
48.24
48.25
48.22
48.25
48.22
48.21
48.2
48.22
48.21
48.22
48.21
48.19
48.17
48.17
48.15
48.15
48.17
48.15
48.15
48.15
48.17
48.16
48.19
48.19
48.17
48.22
48.18
48.24
48.25
48.26
48.27
48.29
48.3
48.29
48.3
48.26
48.27
48.29
48.29
48.3
48.3
48.29
48.3
48.3
48.28
48.28
48.31
48.31
48.3
48.3
48.31
48.3
48.31
48.32
48.33
48.33
48.31
48.33
48.31
48.33
48.32
48.31
48.28
48.3
48.3
48.3
48.3
48.29
48.29
48.29
48.3
48.29
48.29
48.3
48.3
48.32
48.3
48.3
48.3
48.26
48.25
48.22
48.32
48.23
48.24
48.22
48.21
48.24
48.25
48.24
48.21
48.25
48.25
48.28
48.14
48.26
48.16
48.13
48.18
48.17
48.22
48.19
48.2
48.21
48.2
48.19
48.22
48.23
48.21
48.15
48.09
48.09
48.14
48.12
48.11
48.1
48.14
48.13
48.06
48.12
48.11
48.06
48.08
48.06
48.08
48.09
48.08
48.09
48.06
48.06
48.06
48.07
48.04
48.04
48.04
48.01
48.01
48.01
47.96
47.98
47.98
48
48
47.99
48
48.04
48.04
48.04
48.04
48.03
48
47.99
47.97
47.95
47.95
47.96
47.94
47.92
47.95
47.92
47.92
47.92
47.92
47.97
47.98
47.98
47.98
47.96
47.97
47.97
47.98
47.99
47.99
47.99
47.99
47.99
47.97
47.97
47.97
47.97
47.97
47.94
47.92
47.94
47.95
47.94
47.93
47.9
47.9
47.9
47.88
47.9
47.9
47.9
47.89
47.89
47.9
47.92
47.94
47.95
47.92
47.89
47.93
47.99
47.99
47.99
47.99
48
47.98
47.99
47.99
48
47.99
47.99
47.98
47.98
47.98
47.97
47.97
47.98
47.99
47.99
47.98
47.98
47.98
47.97
47.97
47.96
47.96
47.98
47.99
48
47.99
48
47.99
48
47.99
47.99
47.99
48
47.99
48.03
48.06
48.07
48
48.01
48.01
48.01
47.98
47.99
47.99
48
47.98
47.98
47.99
47.98
47.98
48
47.98
47.96
47.95
47.95
47.96
47.98
47.95
47.94
47.92
47.95
47.92
47.92
47.91
47.9
47.9
47.9
47.92
47.91
47.9
47.89
47.9
47.91
47.91
47.9
47.89
47.89
47.89
47.89
47.93
47.94
47.95
47.95
47.95
47.97
47.96
47.94
47.97
47.95
47.94
47.95
47.96
47.95
47.95
47.94
47.95
47.95
47.95
47.96
47.96
47.95
47.96
47.96
47.98
47.98
47.98
47.99
47.99
47.99
47.99
47.97
47.96
47.95
47.96
47.95
47.96
47.93
47.93
47.95
47.96
47.99
47.97
47.99
47.99
47.99
47.99
48
47.99
47.99
47.99
48
48
48
48
48
48
47.99
47.99
47.99
47.99
47.95
47.94
47.92
47.92
47.89
47.91
47.92
47.92
47.92
47.92
47.9
47.92
47.92
47.91
47.92
47.92
47.96
47.9
47.94
47.95
47.95
47.95
47.94
47.93
47.95
47.93
47.92
47.94
47.94
47.95
47.94
47.92
47.92
47.93
47.94
47.94
47.95
47.96
47.96
47.95
47.95
47.9
47.9
47.9
47.92
47.94
47.94
47.94
47.94
47.94
47.94
47.92
47.92
47.91
47.89
47.9
47.87
47.83
47.85
