37.56
37.56
37.57
37.62
37.54
37.49
37.37
37.36
37.57
37.43
37.39
37.39
37.46
37.43
37.46
37.57
37.43
37.56
37.57
37.81
37.9
37.77
37.75
37.45
37.75
37.85
37.78
37.78
37.74
37.73
37.76
37.76
37.76
37.72
37.71
37.7
37.61
37.63
37.63
37.65
37.72
37.58
37.55
37.59
37.62
37.67
37.52
37.52
37.48
37.53
37.53
37.49
37.48
37.5
37.48
37.43
37.47
37.52
37.47
37.42
37.52
37.46
37.47
37.5
37.47
37.55
37.56
37.5
37.71
37.67
37.67
37.7
37.68
37.67
37.68
37.62
37.6
37.69
37.59
37.57
37.42
37.42
37.51
37.48
37.42
37.47
37.46
37.45
37.45
37.44
37.44
37.43
37.42
37.41
37.37
37.36
37.44
37.48
37.47
37.39
37.38
37.41
37.42
37.42
37.41
37.4
37.41
37.45
37.45
37.46
37.43
37.44
37.43
37.45
37.41
37.4
37.39
37.41
37.43
37.44
37.4
37.42
37.43
37.42
37.44
37.42
37.49
37.46
37.46
37.46
37.45
37.41
37.44
37.42
37.41
37.41
37.4
37.4
37.37
37.43
37.4
37.39
37.42
37.42
37.46
37.61
37.59
37.67
37.6
37.72
37.84
37.93
37.66
37.67
37.76
37.86
37.9
37.94
37.93
38.05
38.05
37.89
38.02
37.91
38.04
37.98
37.92
38.25
38.27
38.29
38.03
38.24
38.2
38.25
38.36
38.3
38.39
38.34
38.41
38.35
38.33
38.39
38.53
38.63
38.64
38.6
38.48
38.62
38.69
38.72
38.79
38.76
38.78
38.73
38.63
38.63
38.63
38.54
38.3
38.57
38.39
38.34
38.42
38.3
38.3
38.34
38.37
38.28
38.31
38.34
38.22
38.23
38.2
38.22
38.12
38.08
38.12
38.17
38.21
38.17
38.13
38.18
38.13
38.22
38.22
38.26
38.24
38.21
38.26
38.21
38.2
38.2
38.22
38.22
38.24
38.17
38.24
38.3
38.39
38.4
38.47
38.5
38.51
38.5
38.49
38.5
38.45
38.43
38.44
38.43
38.43
38.39
38.42
38.43
38.43
38.52
38.48
38.46
38.48
38.46
38.46
38.47
38.46
38.44
38.43
38.44
38.39
38.47
38.59
38.59
38.56
38.56
38.57
38.49
38.5
38.45
38.46
38.47
38.48
38.51
38.54
38.53
38.49
38.52
38.5
38.48
38.47
38.47
38.52
38.51
38.49
38.39
38.37
38.4
38.41
38.42
38.39
38.35
38.36
38.35
38.36
38.34
38.33
38.32
38.32
38.31
38.36
38.4
38.36
38.33
38.28
38.38
38.37
38.39
38.45
38.46
38.49
38.49
38.47
38.42
38.43
38.42
38.47
38.39
38.36
38.36
38.4
38.45
38.42
38.4
38.44
38.38
38.37
38.39
38.5
38.5
38.49
38.51
38.47
38.45
38.48
38.47
38.53
38.51
38.46
38.36
38.39
38.41
38.43
38.41
38.41
38.4
38.44
38.41
38.42
38.46
38.45
38.41
38.38
38.38
38.4
38.58
38.6
38.6
38.52
38.56
38.76
38.81
38.89
38.84
38.63
38.53
38.67
38.8
38.43
38.86
39.05
39
38.94
38.98
39.18
39.08
39.15
39.2
38.97
38.92
39.1
39
38.99
38.97
38.95
38.96
38.95
38.57
38.58
38.55
38.51
38.54
38.55
38.53
38.54
38.51
38.39
38.47
38.49
38.41
38.45
38.43
38.44
38.43
38.48
38.41
38.33
38.33
38.38
38.39
38.4
38.4
38.4
38.48
38.59
38.43
38.49
38.55
38.61
38.57
38.64
38.64
38.67
38.67
38.68
38.69
38.63
38.57
38.6
38.63
38.62
38.61
38.66
38.71
38.75
38.73
38.63
38.63
38.68
38.75
38.73
38.75
38.76
38.68
38.71
38.76
38.66
38.74
38.62
38.62
38.61
38.6
38.61
38.6
38.62
38.57
38.56
38.6
38.51
38.51
38.51
38.49
38.49
38.49
38.53
38.55
38.52
38.51
38.5
38.49
38.49
38.48
38.41
38.43
38.44
38.42
38.47
38.46
38.42
38.48
38.36
38.36
38.31
38.3
38.28
38.29
38.33
38.27
38.24
38.2
38.19
38.2
38.19
38.21
38.24
38.28
38.27
38.22
38.26
38.16
38.16
38.14
38.14
38.16
38.13
38.13
38.14
38.14
38.11
38.09
38.08
38.08
38.03
38
38.04
37.99
38
37.98
38
38.01
38.05
38.05
38.03
38.02
38.02
38.02
38.01
38.05
38.06
38.03
38.05
38.04
38.06
38.06
38.05
38.07
38.01
37.93
37.98
37.97
37.78
37.73
37.74
37.72
37.84
37.75
37.77
37.78
37.77
37.76
37.82
37.76
37.75
37.7
37.69
37.69
37.66
37.74
37.65
37.65
37.57
37.56
37.51
37.48
37.49
37.51
37.5
37.55
37.56
37.56
37.52
37.56
37.57
37.58
37.57
37.56
37.57
37.57
37.56
37.48
37.56
37.56
37.56
37.6
37.57
37.58
37.63
37.64
37.64
37.63
37.63
37.68
37.64
37.64
37.59
37.59
37.63
37.62
37.61
37.59
37.61
37.61
37.6
37.56
37.54
37.54
37.61
37.58
37.63
37.6
37.6
37.59
37.58
37.59
37.58
37.6
37.62
37.62
37.56
37.55
37.54
37.59
37.58
37.57
37.58
37.59
37.57
37.58
37.57
37.59
37.6
37.63
37.64
37.57
37.62
37.62
37.56
37.59
37.6
37.58
37.58
37.63
37.64
37.62
37.61
37.6
37.6
37.64
37.65
37.66
37.66
37.61
37.61
37.63
37.61
37.61
37.79
37.81
37.72
37.72
37.82
37.89
37.79
37.8
37.8
37.71
37.72
37.74
37.73
37.75
37.76
37.81
37.98
37.93
37.91
37.91
37.94
37.9
37.82
37.84
37.78
37.86
37.9
37.99
37.93
37.95
38
37.99
38.01
38.01
38.06
38.13
38.21
38.29
38.32
38.28
38.31
38.25
38.24
38.26
38.26
38.27
38.22
38.11
38.12
38.11
38.06
38.09
38.09
38.09
38.04
38.01
38.1
38.04
38.05
38.05
38.04
38.11
38.14
38.12
38.19
38.15
38.12
38.21
38.25
38.2
38.24
38.24
38.21
38.23
38.24
38.2
38.16
38.16
38.16
38.16
38.16
38.08
38.07
38.11
38.15
38.11
38.13
38.11
38.12
38.1
38.08
38.08
38.08
37.97
37.94
37.95
37.94
37.94
37.93
37.93
37.95
37.94
37.95
37.95
37.95
37.95
37.93
37.86
37.87
37.85
37.88
37.87
37.85
37.85
37.82
37.82
37.86
37.91
37.9
37.94
37.87
37.86
37.85
37.87
37.9
37.92
38
37.96
37.97
37.93
37.91
37.97
37.97
37.96
37.97
37.95
37.98
37.98
37.97
37.96
37.92
37.87
37.87
37.83
37.84
37.85
37.86
37.87
37.86
37.87
37.82
37.81
37.78
37.74
37.78
37.77
37.78
37.79
37.78
37.77
37.78
37.69
37.67
37.69
37.69
37.69
37.7
37.68
37.7
37.71
37.67
37.67
37.68
37.66
37.67
37.68
37.64
37.63
37.66
37.67
37.68
37.74
37.77
37.76
37.71
37.72
37.73
37.71
37.74
37.71
37.71
37.61
37.64
37.67
37.68
37.73
37.74
37.78
37.84
37.89
37.93
37.92
37.91
38.07
38.02
37.97
37.89
37.9
37.9
37.89
37.9
37.88
37.86
37.82
37.82
37.81
37.8
37.87
37.82
37.78
37.76
37.74
37.75
37.76
37.75
37.76
37.7
37.75
37.75
37.74
37.77
37.73
37.83
37.8
37.81
37.84
37.83
37.8
37.82
37.75
37.78
37.79
37.79
37.8
37.8
37.82
37.85
37.87
37.97
37.99
37.94
37.9
37.91
37.86
37.94
37.95
38.04
38.01
38
37.88
37.92
37.92
37.93
37.98
37.94
37.89
37.88
37.88
37.89
37.86
37.84
37.88
37.88
37.86
37.87
37.85
37.87
37.87
37.86
37.85
37.82
37.83
37.85
37.85
37.88
37.9
37.93
37.93
37.97
37.94
37.96
37.98
37.97
37.96
37.95
37.94
37.94
37.93
37.92
37.9
37.92
37.91
37.91
37.89
37.9
37.86
37.87
37.86
37.86
37.83
37.84
37.84
37.84
37.83
37.79
37.76
37.78
37.81
37.8
37.8
37.79
37.81
37.82
37.82
37.78
37.78
37.74
37.75
37.77
37.74
37.75
37.75
37.74
37.77
37.75
37.76
37.77
37.76
37.76
37.76
37.77
37.78
37.79
37.8
37.83
37.78
37.79
37.79
37.8
37.76
37.79
37.77
37.77
37.78
37.79
37.79
37.82
37.84
37.83
37.85
37.84
37.8
37.83
37.83
37.85
37.82
37.83
37.83
37.83
37.78
37.76
37.76
37.77
37.76
37.78
37.77
37.76
37.75
37.75
37.79
37.76
37.79
37.79
37.81
37.81
37.81
37.8
37.83
37.84
37.81
37.8
37.8
37.78
37.78
37.76
37.68
37.68
37.68
37.66
37.63
37.62
37.63
37.57
37.62
37.64
37.63
37.65
37.68
37.69
37.7
37.69
37.68
37.68
37.68
37.68
37.67
37.64
37.65
37.67
37.65
37.63
37.61
37.61
37.62
37.64
37.63
37.65
37.67
37.67
37.65
37.65
37.66
37.67
37.66
37.67
37.68
37.68
37.67
37.68
37.68
37.71
37.73
37.73
37.68
37.66
37.68
37.65
37.66
37.66
37.65
37.67
37.67
37.67
37.68
37.67
37.66
37.66
37.66
37.68
37.67
37.68
37.67
37.69
37.69
37.69
37.74
37.7
37.7
37.74
37.71
37.7
37.72
37.7
37.71
37.7
37.7
37.7
37.69
37.7
37.69
37.69
37.69
37.69
37.68
37.68
37.67
37.67
37.66
37.66
37.64
37.65
37.64
37.65
37.64
37.65
37.63
37.63
37.63
37.6
37.58
37.56
37.55
37.55
