61.19
60.54
60.25
60.76
60.69
60.54
60.49
60.77
60.28
60.24
60.87
60.84
60.2
60.04
60.46
60.64
60.99
60.38
60.36
60.42
60.2
60.18
60.18
60.37
60.38
60.3
60.23
60.22
60.65
60.2
60.39
60.41
60.49
60.35
60.47
60.29
60.19
60.4
59.8
60.44
59.57
59.78
59.93
59.66
60.01
59.8
59.94
59.94
60.04
60.05
59.9
59.7
59.9
59.85
59.94
59.81
59.5
59.58
59.68
59.81
59.67
59.87
59.68
59.65
59.55
59.57
59.63
59.79
59.73
59.67
59.82
59.59
59.84
59.75
59.69
59.77
59.81
59.81
59.79
59.83
60.7
60.36
60.73
60.67
60.63
60.75
60.49
60.48
60.46
60.27
60.39
60.5
60.6
60.87
60.1
60.03
60.25
60.16
59.93
60.15
59.95
59.93
59.8
59.8
59.84
59.74
59.7
59.85
59.73
59.74
59.67
59.57
59.65
59.6
59.66
59.56
59.52
59.63
59.62
59.62
59.6
59.94
59.96
60.05
59.93
59.98
60.05
59.89
59.83
59.81
59.86
59.98
59.94
59.88
59.9
59.71
59.56
59.71
59.85
59.81
59.68
59.8
59.62
59.68
59.6
59.84
59.87
59.69
59.65
59.71
59.82
59.72
59.81
59.71
59.91
59.91
59.92
59.93
59.78
59.73
59.68
59.81
59.74
59.74
59.7
59.57
59.71
59.61
59.69
59.7
59.69
59.6
59.91
59.64
59.7
59.76
59.67
59.85
59.85
59.93
59.85
59.88
59.85
59.69
59.81
59.82
59.85
59.9
59.92
59.93
59.92
59.8
59.8
59.6
59.69
59.83
59.7
59.89
59.81
59.86
59.81
59.77
59.83
59.77
59.77
59.82
59.65
59.81
59.69
59.76
59.58
59.69
59.78
59.62
59.56
59.6
59.54
59.57
59.58
59.55
59.42
59.55
59.55
59.45
59.44
59.4
59.56
59.52
59.45
59.47
59.5
59.5
59.63
59.63
59.67
59.67
59.56
59.62
59.62
59.62
59.6
59.7
59.77
59.87
59.92
59.93
59.93
59.87
59.78
60
60
60.12
59.87
59.86
60.26
59.88
60.23
60.26
60.4
60.55
60.46
60.74
60.75
60.75
60.92
60.58
60.82
61
61.15
60.79
60.75
61.17
61.19
61.22
61.37
61.33
61.26
61.16
61.07
60.89
61.07
61.06
61.01
60.96
60.98
60.92
60.95
60.87
60.98
60.6
60.51
60.63
60.58
60.58
60.73
60.87
60.57
60.66
60.96
60.88
60.95
61.08
61.08
60.76
60.93
60.98
61.04
61.12
61.08
61.03
60.98
61.14
61.13
61.15
61.31
61.15
61.16
61.05
61.38
61.33
61.29
61.31
61.31
61.1
61.02
61.17
61.14
61.25
61.13
61.3
61.02
61.4
61.52
61.48
61.37
61.25
61.26
61.3
61.3
61.33
61.34
61.21
61.36
61.37
61.27
61.31
61.27
61.17
61.05
61.03
61.03
60.97
60.99
61.04
61.1
61.11
61.08
60.96
61.06
61.03
61.03
61.25
60.41
61.6
61.54
61.54
61.54
61.65
61.63
61.8
61.67
61.62
61.67
61.75
61.99
61.42
61.24
61.13
61.06
60.62
60.87
60.67
60.67
60.86
60.88
60.77
60.72
60.67
60.95
61.01
61
60.99
61.31
61.35
61.29
61.73
61.75
61.64
61.37
61.58
61.5
61.66
61.66
61.53
61.67
61.64
61.77
61.69
61.68
61.56
61.56
61.75
61.74
61.69
61.69
61.67
61.74
61.66
61.79
61.53
61.6
61.6
61.53
61.78
61.61
61.54
61.68
61.61
61.6
61.51
61.52
61.55
61.53
61.4
61.52
61.36
61.5
61.5
61.69
61.85
61.85
62.12
62.1
61.53
62.04
62.13
62.02
62.05
62.15
61.93
61.81
61.69
61.69
62.06
61.72
61.78
61.88
61.47
61.9
61.92
61.85
61.75
61.76
61.76
61.68
61.74
61.74
61.74
61.69
61.55
61.63
61.72
61.74
61.57
61.77
61.45
61.36
61.48
61.48
61.49
61.54
61.53
61.42
61.65
61.49
61.46
61.38
61.38
61.46
61.28
61.28
61.38
61.42
61.16
61.16
61.18
61.23
61.28
61.29
61.43
61.48
61.45
61.53
61.56
61.62
61.62
61.65
61.67
61.41
61.59
61.48
61.32
61.37
61.37
61.37
61.43
61.52
61.52
61.39
61.4
61.38
61.41
61.47
61.47
61.47
61.47
61.39
61.39
61.46
61.43
61.43
61.32
61.33
61.33
61.35
61.32
61.33
61.33
61.29
61.25
61.38
61.33
61.27
61.39
61.38
61.32
61.36
61.29
61.24
61.18
61.18
61.18
61.18
61.1
61.03
60.76
61.15
60.7
61.1
60.81
60.86
60.83
60.83
60.75
60.8
60.7
60.7
60.75
60.91
60.85
60.82
60.92
60.96
60.77
60.92
60.86
60.9
60.91
60.89
60.76
60.75
60.7
60.74
60.7
60.78
60.77
60.78
60.87
61.01
60.87
60.95
61.05
60.89
61.12
61.13
61.02
61.26
61.19
61.22
61.26
61.34
61.35
61.3
61.36
61.27
61.31
61.12
61.28
61.2
61.07
61.07
60.94
60.95
60.99
61.09
60.96
61.09
61.04
61.03
61.12
60.99
61.03
60.99
61.3
61.2
61.29
61.44
61.49
61.58
61.63
61.58
61.75
61.74
61.68
61.69
61.69
61.76
61.63
61.65
61.66
61.52
61.47
61.43
61.67
61.4
61.37
61.47
61.43
61.6
61.7
61.62
61.64
61.63
61.56
61.56
61.67
61.65
61.7
61.68
61.78
61.54
61.78
61.29
61.29
61.29
61.29
60.78
60.61
60.51
60.48
59.83
59.75
59.61
59.43
59.01
59.15
59.08
59.35
59.46
59.46
59.79
59.87
59.87
59.87
59.45
59.57
59.57
59.7
59.7
59.75
59.85
59.85
59.76
59.97
60.13
60.13
60.31
60.26
60.17
60.17
60.15
60.17
60.2
59.83
59.72
59.81
59.71
59.65
59.65
59.52
59.56
59.5
59.44
59.44
59.52
59.44
59.49
59.49
59.48
59.41
59.21
59.21
59.15
59.22
59.16
59.2
59.38
59.41
59.24
59.28
59.5
59.48
59.37
59.48
59.44
59.33
59.47
59.36
59.29
59.29
59.31
59.32
59.48
59.33
59.36
59.43
59.42
59.46
59.61
59.81
59.84
59.84
59.43
59.95
59.94
60.02
60.06
60.06
60.04
60
60
59.94
59.83
59.86
59.81
59.93
59.87
59.8
59.86
59.8
59.73
59.77
59.86
59.99
60.03
59.99
59.99
59.92
59.92
59.87
59.86
59.85
59.87
59.87
59.72
59.83
59.83
59.92
59.83
59.75
59.82
59.78
59.78
59.78
60.01
59.97
59.91
59.83
59.8
59.83
59.85
60.17
60.24
60.38
60.27
60.21
60.07
60.02
60.04
60.13
59.92
59.92
60.1
60.04
60.11
60.1
59.99
59.99
60.09
60.13
60.38
60.47
60.3
60.33
60.26
60.35
60.4
60.47
60.3
60.72
60.69
60.7
60.66
60.73
60.7
60.7
60.76
60.68
60.67
60.81
60.68
60.65
60.65
60.51
60.74
60.71
60.38
60.24
60.29
60.45
60.35
60.27
60.22
60.18
61.75
61.75
61.31
61.09
60.75
60.75
60.75
60.75
60.75
60.75
60.68
60.68
60.68
60.93
61.04
61.04
60.87
60.69
60.72
60.77
60.64
60.74
60.74
60.8
60.79
60.84
60.9
61
60.99
60.81
60.71
60.73
60.61
60.88
60.73
61
60.95
61.1
61.34
61.47
61
61.28
61.18
61.27
61.33
61.56
61.56
61.58
61.49
61.45
61.38
61.37
61.45
61.45
61.44
61.44
61.61
61.61
61.55
61.44
61.51
61.27
61.24
61
61.14
61.24
61.42
61.42
61.3
61.24
61.36
61.19
61.04
60.97
60.91
60.92
60.92
60.9
61.09
60.99
60.94
60.93
60.99
60.9
60.94
61.01
61.08
61.08
60.97
61.17
61.16
61.16
61.16
61.32
61.41
61.41
61.35
61.54
61.54
61.53
61.45
61.4
61.33
61.26
61.28
61.28
61.41
61.4
61.28
61.51
61.4
61.33
61.34
61.26
61.21
61.22
61.22
61.22
61.26
61.26
61.23
61.24
61.25
61.33
61.14
61.15
61.19
61.21
61.18
61.2
61.17
61.17
61.28
61.16
61.11
61.06
60.99
60.99
60.93
60.87
60.6
60.56
60.64
60.51
60.42
60.62
60.69
60.69
60.67
60.69
60.78
60.71
60.63
60.63
60.65
60.54
60.57
60.61
60.61
60.69
60.69
60.52
60.5
60.51
60.51
60.47
60.62
60.57
60.58
60.58
60.66
60.7
60.58
60.53
60.59
60.61
60.6
60.42
60.48
60.56
60.57
60.57
60.66
60.62
60.62
60.62
60.65
60.65
60.53
60.53
60.57
60.56
60.54
60.46
60.46
60.36
60.36
60.29
60.34
60.28
60.28
60.36
60.36
60.14
60.21
60.21
60.17
60.15
60.07
59.99
60.01
60.02
59.98
59.98
60.04
60.04
60.04
60.14
60.14
60.11
60.21
60.21
60.21
60.1
60.1
59.96
59.99
59.91
59.96
59.89
59.9
59.9
59.94
59.84
59.8
59.71
59.71
59.71
59.62
59.56
59.67
59.58
59.58
59.61
59.61
59.68
59.6
59.62
59.73
59.71
59.71
60.33
60.45
60.37
60.35
60.43
60.43
60.39
60.35
60.5
60.5
60.5
60.47
60.51
60.56
60.53
60.52
60.52
60.48
60.47
60.46
60.56
60.65
60.52
60.54
60.54
60.5
60.5
60.56
60.56
60.5
60.63
60.54
60.56
60.48
60.49
60.56
60.56
60.5
60.55
60.56
60.51
60.5
60.53
60.51
60.56
60.51
60.49
60.46
60.51
60.48
60.47
60.45
60.39
60.6
60.46
60.61
60.45
60.4
60.41
60.41
