80.13
80.38
80.39
80.56
80.49
80.46
80.46
80.12
80.63
80.57
80.69
80.82
81.1
81
80.82
81.39
81.35
81.37
81.45
81.52
81.53
81.53
81.4
81.43
81.42
81.41
81.35
81.39
81.39
81.4
81.49
81.39
81.43
81.55
81.46
81.58
81.63
81.77
81.74
81.63
81.65
81.61
81.58
81.66
81.58
81.61
81.71
81.71
81.74
81.79
81.77
81.7
81.62
81.68
81.63
81.73
81.65
81.65
81.64
81.58
81.64
81.56
81.65
81.64
81.69
81.71
81.76
81.64
81.77
81.68
81.63
81.77
81.67
81.74
81.71
81.71
81.66
81.77
81.63
81.62
81.43
81.49
81.37
81.35
81.4
81.42
81.43
81.4
81.54
81.5
81.4
81.37
81.63
81.65
81.69
81.69
81.7
81.69
81.63
81.68
81.71
81.71
81.69
81.64
81.77
81.76
81.75
81.74
81.73
81.8
81.77
81.78
81.68
81.7
81.61
81.64
81.55
81.62
81.57
81.58
81.53
81.66
81.63
81.61
81.62
81.55
81.56
81.57
81.54
81.53
81.5
81.54
81.54
81.65
81.62
81.64
81.68
81.7
81.72
81.64
81.65
81.71
81.71
81.74
81.73
81.72
81.74
81.72
81.7
81.69
81.7
81.79
81.7
81.84
81.75
81.81
81.71
81.79
81.8
81.85
81.83
81.77
81.72
81.8
81.73
81.74
81.73
81.73
81.67
81.69
81.73
81.76
81.74
81.78
81.73
81.69
81.71
81.72
81.71
81.74
81.72
81.72
81.76
81.78
81.75
81.71
81.72
81.75
81.79
81.81
81.84
81.78
81.81
81.78
81.78
81.8
81.72
81.8
81.7
81.75
81.73
81.75
81.67
81.65
81.64
81.71
81.68
81.68
81.69
81.69
81.61
81.62
81.65
81.65
81.63
81.62
81.63
81.62
81.66
81.71
81.68
81.67
81.7
81.71
81.78
81.8
81.78
81.8
81.8
81.8
81.81
81.78
81.78
81.8
81.75
81.79
81.78
81.66
81.79
81.69
81.78
81.68
81.71
81.69
81.61
81.68
81.61
81.61
81.61
81.62
81.63
81.61
81.62
81.61
81.61
81.56
81.55
81.58
81.6
81.74
81.71
81.71
81.67
81.7
81.63
81.55
81.54
81.54
81.54
81.51
81.5
81.7
81.54
81.52
81.55
81.56
81.52
81.53
81.53
81.5
81.51
81.52
81.52
81.5
81.57
81.51
81.56
81.58
81.54
81.52
81.49
81.55
81.53
81.49
81.5
81.5
81.54
81.54
81.55
81.53
81.5
81.52
81.51
81.49
81.54
81.55
81.51
81.51
81.55
81.52
81.47
81.53
81.54
81.54
81.53
81.53
81.5
81.53
81.59
81.61
81.54
81.57
81.59
81.52
81.49
81.57
81.57
81.52
81.55
81.49
81.51
81.5
81.52
81.5
81.53
81.51
81.5
81.51
81.48
81.48
81.42
81.43
81.48
81.48
81.48
81.56
81.54
81.55
81.51
81.48
81.51
81.47
81.49
81.51
81.45
81.41
81.38
81.39
81.33
81.35
81.33
81.8
81.85
82.1
82.1
82.05
82.05
81.91
81.93
81.78
81.68
81.55
81.66
81.69
81.58
81.46
81.42
81.48
81.48
81.08
81.16
81.13
80.96
81.13
81.26
81.25
81.27
81.24
81.28
81.43
81.29
81.37
81.4
80.8
80.92
80.89
80.85
80.81
80.84
80.82
80.87
80.87
80.79
80.84
80.77
80.81
80.71
80.74
80.74
80.76
80.78
80.82
80.62
80.98
80.72
81.01
80.97
80.96
80.99
80.77
80.78
80.75
81.13
80.76
81.09
80.77
81.09
81.13
81.02
80.94
80.95
80.97
81.06
81.02
81.01
81.01
81.02
81.08
81.07
81.01
81.01
81.11
81.06
81.04
81.04
81.04
81.02
81.01
81.05
81.03
81.03
81.03
80.97
80.96
80.96
80.94
80.95
81.02
80.99
80.99
80.97
80.93
80.89
80.98
80.87
80.94
80.92
80.84
80.82
80.77
80.86
80.8
80.83
80.85
80.89
80.76
80.78
80.74
80.71
80.69
80.68
80.69
80.72
80.71
80.81
80.81
80.75
80.75
80.8
80.76
80.72
80.76
80.76
80.72
80.65
80.69
80.65
80.72
80.76
80.75
80.77
80.8
80.8
80.78
80.75
80.82
80.81
80.76
80.73
80.67
80.83
80.74
80.75
80.75
80.71
80.71
80.65
80.66
80.56
80.56
80.58
80.59
80.72
80.63
80.67
80.64
80.73
80.67
80.66
80.61
80.64
80.62
80.61
80.62
80.65
80.62
80.71
80.75
80.75
80.76
80.66
80.74
80.7
80.67
80.64
80.69
80.67
80.65
80.68
80.65
80.67
80.67
80.66
80.73
80.67
80.69
80.72
80.75
80.75
80.71
80.9
80.88
80.84
80.81
80.84
80.83
80.86
80.86
80.77
80.74
80.74
80.74
80.73
80.79
80.78
80.79
80.74
80.79
80.75
80.69
80.62
80.6
80.55
80.6
80.63
80.66
80.68
80.66
80.68
80.71
80.7
80.71
80.74
80.69
80.66
80.7
80.74
80.7
80.69
80.69
80.68
80.69
80.69
80.7
80.68
80.69
80.69
80.7
80.68
80.65
80.65
80.66
80.6
80.61
80.66
80.69
80.71
80.74
80.76
80.74
80.72
80.74
80.75
80.74
80.75
80.75
80.73
80.72
80.7
80.65
80.66
80.66
80.67
80.6
80.65
80.51
80.43
80.61
80.42
80.47
80.48
80.56
80.44
80.46
80.55
80.53
80.54
80.59
80.65
80.66
80.7
80.72
80.71
80.72
80.71
80.73
80.75
80.7
80.72
80.74
80.71
80.76
81.04
81.1
80.96
80.97
81.1
81.14
81.07
81.08
81.06
81.15
80.96
81
81.04
81.05
81.07
81.11
81.11
81.11
81.08
81.1
81.25
81.37
81.4
81.33
81.08
81.2
81.24
81.25
81.26
81.13
81.11
81.1
81.12
80.97
80.9
80.96
80.99
81.03
81
81
81.04
80.99
81.01
81.01
80.96
81.09
81.06
80.97
80.9
80.92
81.02
80.98
80.89
80.94
80.95
80.93
80.86
80.99
81.07
81.03
81.04
80.99
81
80.99
80.93
81
80.93
80.94
80.97
80.97
80.98
80.94
80.91
80.97
80.98
81
80.98
80.96
81.02
81.07
81.08
81.03
81.08
81.07
81.11
81.12
81.11
81.17
81.1
81.1
81.12
81.21
81.19
81.2
81.19
81.2
81.2
81.14
81.15
81.17
81.18
81.19
81.14
81.15
81.18
81.19
81.18
81.13
81.18
81.18
81.18
81.16
81.15
81.17
81.16
81.12
81.15
81.16
81.13
81.1
81.09
81.07
81.12
81.1
81.1
81.11
81.12
81.14
81.13
81.14
81.09
81.09
81.08
81.08
81.06
81.05
81.09
81.1
81.11
81.14
81.09
81.06
81
81
81.03
81.04
81.03
81.04
81.02
81.02
81.02
81.04
81.03
80.92
80.97
80.97
80.98
80.95
80.9
80.94
80.9
80.9
80.9
80.85
80.85
80.88
80.91
80.94
80.87
80.86
80.87
80.87
80.88
80.91
80.87
80.94
80.9
80.91
80.9
80.94
80.94
80.94
80.94
80.92
80.96
80.96
80.97
80.99
80.95
80.95
80.95
80.77
80.93
80.91
81.12
81.17
81.17
81.08
81.09
81.01
81.04
81.03
81
80.98
81.05
81.07
81.06
81.1
81.02
81.04
81.08
81.02
80.98
80.86
80.86
80.81
81.02
81
80.9
80.79
80.69
80.69
80.69
80.7
80.6
80.63
80.63
80.65
80.68
80.65
80.64
80.57
80.64
80.66
80.64
80.7
80.71
80.65
80.69
80.67
80.62
80.58
80.59
80.57
80.56
80.62
80.64
80.73
80.74
80.72
80.68
80.65
80.69
80.66
80.71
80.61
80.62
80.64
80.64
80.64
80.67
80.67
80.67
80.69
80.73
80.82
80.82
80.85
80.85
80.82
80.81
80.83
80.83
80.81
80.82
80.86
80.91
80.88
80.9
80.85
80.84
80.84
80.85
80.84
80.83
80.84
80.84
80.85
80.85
80.85
80.82
80.83
80.87
80.86
80.84
80.84
80.83
80.83
80.85
80.88
80.95
80.98
80.98
80.97
81
80.99
80.97
80.99
80.98
80.97
80.98
80.94
80.97
80.95
80.93
80.94
80.94
80.95
80.93
80.93
80.97
80.96
80.94
80.93
80.93
80.92
80.93
80.93
80.94
80.93
80.93
80.91
80.9
80.89
80.89
80.86
80.87
80.85
80.86
80.87
80.91
80.94
80.9
80.91
80.93
80.94
80.94
80.94
80.97
80.96
80.97
80.97
80.99
81
80.99
81.05
81.04
81.07
81.1
81.12
81.14
81.1
81.1
81.07
81.1
81.07
81.08
81.09
81.08
81.08
81.08
81.1
81.1
81.1
81.09
81.1
81.1
81.11
81.11
81.13
81.12
81.1
81.15
81.17
81.17
81.19
81.17
81.19
81.2
81.18
81.16
81.2
81.2
81.18
81.19
81.21
81.21
81.22
81.21
81.19
81.2
81.18
81.18
81.17
81.17
81.18
81.16
81.13
81.14
81.12
81.14
81.12
81.09
81.11
81.1
81.09
81.09
81.11
81.13
81.17
81.15
81.15
81.15
81.15
81.14
81.12
81.11
81.08
81.09
81.08
81.08
81.04
81.05
81.07
81.08
81.07
81.05
81.06
81.07
81.07
81.06
81.07
81.06
80.92
80.93
80.95
80.94
80.98
80.97
80.98
80.96
81
80.98
80.98
80.98
80.97
80.98
80.95
80.9
80.96
80.96
80.96
80.96
80.94
80.95
80.99
80.96
80.96
80.96
80.94
80.92
80.96
80.95
80.96
80.96
80.98
80.97
80.95
80.96
80.94
80.96
80.95
80.94
80.93
80.97
80.96
80.96
80.92
80.94
80.88
80.86
80.82
80.79
80.84
80.85
80.85
80.87
80.87
80.74
80.84
80.74
80.69
80.71
