63.36
63.2
63.07
63.09
63.09
62.99
62.96
62.88
63.17
62.76
62.77
62.67
62.74
62.69
62.65
62.63
62.59
62.67
62.72
62.7
62.63
62.53
62.67
62.5
62.42
62.54
62.59
62.65
62.7
62.67
62.67
62.73
62.74
62.74
62.8
62.8
62.84
62.86
62.93
62.96
62.96
62.94
62.97
62.99
62.99
62.99
63.16
63.16
63.17
63.2
63.22
63.18
63.22
63.25
63.17
63.18
63.2
63.17
63.14
63
63.02
63.14
62.95
63.13
62.9
62.88
62.85
62.83
62.85
62.85
62.82
62.96
62.95
63.05
63.02
62.97
62.88
62.85
62.88
62.88
62.86
62.86
62.92
62.91
62.91
62.92
62.9
62.89
62.82
62.82
62.87
62.83
62.9
62.91
62.85
62.84
62.84
62.85
62.83
62.83
62.88
62.9
63
63
63
62.99
62.97
62.96
62.96
62.98
62.99
62.99
62.97
62.98
62.94
62.98
62.98
62.97
62.92
62.96
62.92
62.9
62.87
62.89
62.88
62.85
62.89
62.86
62.81
62.81
62.86
62.82
62.84
62.84
62.85
62.87
62.83
62.83
62.83
62.83
62.86
62.84
62.84
62.85
62.86
62.86
62.88
62.83
62.85
62.84
62.83
62.83
62.83
62.83
62.81
62.85
62.82
62.83
62.82
62.9
62.87
62.94
62.97
62.97
62.95
62.99
62.99
63.03
63.03
62.95
63
63.04
63.06
62.99
62.99
63.01
63.06
63.04
63.04
63.05
63.05
63.04
63.06
63.04
63.06
63.04
63.08
63.04
63.05
63.06
63.13
63.14
63.14
63.15
63.15
63.15
63.13
63.22
63.23
63.24
63.26
63.24
63.25
63.24
63.24
63.25
63.3
63.3
63.28
63.29
63.3
63.27
63.26
63.26
63.25
63.26
63.24
63.22
63.27
63.24
63.33
63.34
63.36
63.27
63.35
63.35
63.37
63.38
63.39
63.41
63.42
63.39
63.44
63.41
63.45
63.44
63.44
63.45
63.41
63.47
63.47
63.47
63.46
63.46
63.42
63.42
63.37
63.42
63.34
63.3
63.4
63.37
63.33
63.35
63.37
63.37
63.33
63.32
63.34
63.37
63.35
63.44
63.42
63.39
63.39
63.38
63.39
63.42
63.42
63.44
63.44
63.42
63.39
63.38
63.4
63.39
63.37
63.38
63.39
63.38
63.39
63.39
63.36
63.35
63.36
63.34
63.33
63.31
63.31
63.31
63.28
63.3
63.29
63.28
63.28
63.23
63.25
63.25
63.25
63.24
63.29
63.28
63.24
63.25
63.24
63.22
63.24
63.23
63.26
63.28
63.29
63.35
63.39
63.26
63.26
63.25
63.27
63.44
63.43
63.43
63.42
63.42
63.47
63.38
63.4
63.41
63.42
63.4
63.4
63.42
63.45
63.48
63.45
63.49
63.5
63.51
63.49
63.48
63.43
63.47
63.47
63.48
63.5
63.48
63.44
63.42
63.48
63.4
63.38
63.38
63.39
63.37
63.4
63.4
63.4
63.42
63.41
63.36
63.38
63.38
63.42
63.46
63.93
63.86
63.92
64
64.08
64.1
64.07
64.06
64.06
64.11
64
64
64.07
63.99
63.99
63.95
63.96
63.99
63.96
63.96
63.96
63.91
63.91
63.96
63.96
63.96
63.97
63.98
63.98
63.97
63.97
64.03
64.17
64.11
64.13
64.15
64.13
64.15
64.15
64.17
64.17
64.19
64.13
64.12
64.15
64.14
64.18
64.17
64.17
64.1
64.21
64.21
64.11
64.28
64.13
64.13
64.35
64.37
64.37
64.18
64.35
64.4
64.39
64.32
64.31
64.3
64.37
64.37
64.36
64.34
64.37
64.33
64.26
64.24
64.25
64.27
64.37
64.22
64.22
64.26
64.24
64.27
64.27
64.37
64.35
64.35
64.38
64.4
64.36
64.33
64.39
64.39
64.36
64.35
64.37
64.32
64.34
64.35
64.33
64.35
64.36
64.35
64.34
64.36
64.35
64.35
64.36
64.33
64.34
64.25
64.26
64.28
64.26
64.2
64.21
64.21
64.22
64.24
64.23
64.28
64.28
64.27
64.37
64.38
64.32
64.32
64.36
64.36
64.36
64.34
64.34
64.35
64.34
64.35
64.36
64.35
64.37
64.38
64.39
64.39
64.39
64.39
64.36
64.37
64.35
64.36
64.39
64.37
64.39
64.4
64.42
64.41
64.39
64.39
64.38
64.38
64.33
64.35
64.34
64.4
64.4
64.41
64.4
64.42
64.42
64.42
64.4
64.4
64.42
64.43
64.42
64.42
64.41
64.44
64.42
64.41
64.37
64.36
64.37
64.36
64.37
64.39
64.39
64.39
64.39
64.38
64.36
64.36
64.35
64.34
64.37
64.36
64.36
64.36
64.34
64.33
64.36
64.36
64.56
64.53
64.54
64.54
64.54
64.55
64.57
64.58
64.57
64.59
64.6
64.57
64.57
64.59
64.51
64.56
64.53
64.53
64.44
64.42
64.43
64.4
64.39
64.38
64.35
64.35
64.32
64.3
64.3
64.29
64.29
64.3
64.29
64.26
64.27
64.29
64.26
64.25
64.22
64.25
64.28
64.3
64.33
64.31
64.32
64.31
64.31
64.31
64.32
64.27
64.24
64.22
64.21
64.27
64.2
64.19
64.2
64.25
64.25
64.25
64.21
64.23
64.22
64.19
64.25
64.28
64.24
64.25
64.24
64.24
64.21
64.24
64.26
64.23
64.23
64.13
64.11
64.17
64.2
64.19
64.16
64.14
64.13
64.15
64.14
64.13
64.1
64.09
64.08
64.08
64.07
64.07
64.08
64.14
64.12
64.11
64.1
64.05
64.08
64.12
64.11
64.11
64.23
64.28
64.36
64.47
64.39
64.35
64.44
64.42
64.41
64.64
64.61
64.65
64.6
64.61
64.56
64.66
64.73
64.74
64.8
64.77
64.88
64.88
64.82
64.79
64.76
64.75
64.76
64.72
64.72
64.64
64.6
64.6
64.65
64.68
64.69
64.68
64.66
64.66
64.66
64.71
64.65
64.69
64.73
64.73
64.79
64.75
64.72
64.77
64.76
64.74
64.79
64.8
64.8
64.86
64.88
64.89
64.89
64.88
64.87
64.91
64.91
64.85
64.91
64.89
64.9
64.87
64.93
64.92
64.87
64.9
64.84
64.85
64.89
64.83
64.85
64.88
64.86
64.89
64.87
64.85
64.83
64.82
64.85
64.79
64.76
64.74
64.7
64.66
64.69
64.78
64.76
64.66
64.66
64.64
64.64
64.64
64.63
64.53
64.64
64.5
64.48
64.53
64.49
64.49
64.5
64.5
64.54
64.58
64.62
64.6
64.61
64.61
64.61
64.64
64.6
64.58
64.61
64.59
64.57
64.5
64.45
64.41
64.41
64.44
64.43
64.48
64.47
64.47
64.51
64.5
64.55
64.55
64.54
64.5
64.46
64.51
64.45
64.61
64.63
64.63
64.63
64.63
64.63
64.65
64.67
64.66
64.67
64.64
64.63
64.57
64.48
64.47
64.47
64.46
64.45
64.47
64.45
64.55
64.51
64.51
64.52
64.47
64.49
64.46
64.49
64.49
64.5
64.53
64.53
64.54
64.45
64.46
64.44
64.43
64.38
64.36
64.36
64.35
64.31
64.3
64.33
64.32
64.47
64.4
64.41
64.39
64.37
64.37
64.38
64.39
64.39
64.26
64.41
64.44
64.54
64.55
64.56
64.53
64.59
64.54
64.48
64.47
64.26
64.26
64.25
64.25
64.27
64.33
64.18
64.2
64.18
64.14
64.17
64.04
64.04
64.04
64.07
64.13
64.16
64.15
64.18
64.09
64.17
64.1
64.06
64.09
64.07
64.05
64.1
64.09
64.19
64.18
64.16
64.15
64.14
64.16
64.16
64.15
64.19
64.16
64.14
64.13
64.11
64.06
64.06
64
64
64.02
64.02
64
64.01
63.98
63.97
63.97
63.93
63.92
63.9
63.9
63.9
63.9
63.87
63.95
63.94
64
63.99
63.99
63.99
63.99
64.02
64.06
64.03
63.97
63.98
63.98
63.95
64
63.95
63.9
63.9
63.88
63.88
63.88
63.88
63.85
63.84
63.85
63.83
63.88
63.86
63.93
63.9
63.93
63.93
63.95
63.95
63.95
63.97
63.97
63.97
63.94
63.94
63.9
63.87
63.84
63.89
63.87
63.85
63.86
63.82
63.81
63.84
63.84
63.92
63.94
63.94
63.99
63.99
64.02
64.02
64
64.01
64.01
64.01
64.01
63.96
63.96
63.96
63.94
63.92
63.93
63.91
63.91
63.89
63.95
63.96
63.93
63.94
63.91
63.91
63.91
63.93
63.93
63.93
63.93
63.95
64.01
64.05
64.05
64.02
63.97
63.98
63.97
63.96
63.95
63.95
63.94
63.94
63.93
63.93
63.93
63.93
63.92
63.92
63.93
63.95
63.96
63.96
63.94
63.94
63.92
63.91
63.91
63.92
63.91
63.91
63.91
63.92
63.91
63.92
63.93
63.93
63.93
63.93
63.94
63.94
63.95
63.94
63.93
63.92
63.91
63.9
63.9
63.9
63.9
63.91
63.79
63.81
63.81
63.82
63.82
63.85
63.88
63.88
63.88
63.88
63.88
63.87
63.88
63.88
63.89
63.9
63.88
63.88
63.88
63.89
63.88
63.88
63.89
63.92
63.94
63.93
63.95
63.95
63.96
63.95
63.97
63.97
63.98
63.99
63.98
63.99
64
64.01
64
64.02
64.05
64.07
64.07
64.11
64.11
64.1
64.1
64.1
64.07
64.06
64.05
64.06
64.07
64.08
64.08
64.06
64.06
64.04
64.05
64.05
64.02
64.04
64.02
64.02
64.02
64.06
64.06
64.05
64.05
64.05
64.04
64.04
64.07
64.03
64.08
64.06
64.05
64.06
64.08
64.03
64.05
64.01
64.01
64.02
64.02
64.03
64.02
64.03
64.02
64.02
64.03
64.03
64.02
64.02
64.03
64.04
64.04
64.07
64.06
64.06
64.06
64.07
64.09
64.06
64.06
64.03
64.03
64
