33.75
33.96
34
33.45
33.85
33.92
33.97
33.92
33.99
33.85
33.91
33.85
34.05
33.88
33.94
33.84
33.45
33.9
33.94
34
33.27
33.05
33.19
33.23
33.22
33.22
33.17
33.16
33.22
33.25
33.15
33.17
33.23
33.42
33.32
33.23
33.21
33.2
33.19
33.09
33.16
33.09
33.08
32.94
33.08
33
32.98
32.98
32.94
32.97
33
32.94
32.99
33.07
33.07
33.07
32.96
32.96
32.9
32.95
32.98
33.01
32.98
32.96
32.91
33.01
32.95
32.92
32.93
32.91
32.92
32.92
32.94
32.93
32.86
32.83
32.83
32.83
32.83
32.83
32.91
32.91
32.93
32.93
32.93
32.97
32.97
32.98
32.97
32.97
33.03
33.03
33.03
32.94
33.01
32.98
32.98
32.94
32.94
32.97
32.97
33.07
33.09
33.09
33.04
33.08
33.03
33.04
33.04
33.05
33.02
32.96
32.98
33.02
33.02
33.02
32.97
32.92
32.92
32.92
32.9
32.9
32.92
32.89
32.85
32.96
32.71
32.7
32.7
32.7
32.7
32.7
32.7
32.7
32.7
32.78
32.79
32.79
32.8
32.8
32.68
32.8
32.81
32.79
32.79
32.79
32.8
32.79
32.78
32.84
32.84
32.79
32.79
32.79
32.84
32.84
32.84
32.84
32.83
32.94
32.94
32.9
32.9
32.91
32.92
32.94
32.94
32.93
32.89
32.88
32.88
32.88
32.89
32.92
32.97
32.97
32.97
32.97
32.97
32.96
33.03
33.03
33.03
33.03
32.99
33.07
33.14
33.1
33.1
33.06
33.13
33.19
33.2
33.19
33.21
33.25
33.24
33.26
33.26
33.26
33.28
33.31
33.19
33.27
33.27
33.3
33.29
33.24
33.32
33.31
33.34
33.36
33.31
33.31
33.29
33.29
33.31
33.3
33.37
33.3
33.3
33.3
33.51
33.36
33.52
33.5
33.58
33.56
33.58
33.58
33.52
33.54
33.53
33.53
33.51
33.49
33.49
33.49
33.6
33.53
33.6
33.55
33.55
33.55
33.57
33.6
33.59
33.59
33.58
33.56
33.57
33.51
33.58
33.6
33.58
33.56
33.59
33.6
33.65
33.69
33.62
33.6
33.6
33.39
33.61
33.6
33.46
33.47
33.6
33.58
33.58
33.6
33.6
33.47
33.45
33.48
33.48
33.48
33.49
33.49
33.5
33.64
33.64
33.7
33.69
33.62
33.64
33.67
33.65
33.63
33.66
33.59
33.58
33.53
33.56
33.55
33.57
33.57
33.57
33.57
33.6
33.59
33.58
33.54
33.66
33.66
33.68
33.68
33.74
33.74
33.74
33.9
33.9
33.74
33.88
33.97
33.93
33.88
33.74
33.84
33.82
33.8
33.81
33.82
33.82
33.82
33.86
33.88
33.94
33.81
34
34.07
34.07
34.03
34.11
34.08
34.11
34.11
34.13
34.11
34.17
34.2
34.16
34.16
34.21
34.15
34.18
34.1
34.08
34.09
34.11
34.08
34.02
34.02
34.02
33.96
33.97
33.97
33.98
33.99
33.98
34.02
34.03
34.11
34.15
34.18
34.15
34.06
33.96
33.9
33.94
33.95
33.95
33.96
33.96
33.98
33.98
33.88
33.83
33.8
33.78
33.75
33.74
33.7
33.7
33.72
33.71
33.66
33.73
33.76
33.77
33.78
33.78
34.21
34.21
34.2
34.14
34.17
34.21
34.06
34.08
34.1
34.08
34.08
33.88
33.88
33.9
33.99
33.97
33.93
33.91
33.91
33.88
33.93
33.95
33.95
33.85
33.85
33.94
33.93
33.87
33.97
33.83
33.91
33.91
33.9
33.78
33.87
33.75
33.75
33.84
33.78
33.78
33.83
33.83
33.88
33.87
33.88
33.88
33.84
33.84
34
34
34
34
34
34
33.97
33.97
33.97
34.12
34.04
34.04
34.18
34.18
34.18
34.42
34.39
34.34
34.39
34.45
34.4
34.46
34.45
34.5
34.5
34.48
34.45
34.46
34.47
34.47
34.47
34.47
34.38
34.34
34.4
34.39
34.38
34.38
34.41
34.43
34.43
34.43
34.43
34.44
34.5
34.5
34.5
34.5
34.51
34.51
34.51
34.55
34.54
34.72
34.61
34.57
34.57
34.57
34.55
34.55
34.55
34.52
34.58
34.55
34.58
34.62
34.62
34.62
34.62
34.67
34.66
34.67
34.69
34.66
34.62
34.62
34.62
34.58
34.6
34.6
34.6
34.59
34.48
34.53
34.53
34.53
34.41
34.41
34.41
34.48
34.48
34.3
34.31
34.31
34.29
34.31
34.26
34.3
34.26
34.14
34.29
34.25
34.15
34.08
34
33.99
33.89
33.96
33.93
33.93
33.99
33.92
33.95
33.84
33.86
33.91
33.91
33.98
34.07
33.85
33.95
33.91
33.91
33.89
33.89
33.88
33.87
33.87
33.87
33.88
33.88
33.88
33.81
33.81
33.88
33.88
33.8
33.8
33.8
33.8
33.86
33.78
33.79
33.79
33.79
33.8
33.6
33.68
33.63
33.6
33.65
33.65
33.65
33.65
33.59
33.59
33.7
33.71
33.71
33.73
33.76
33.81
33.81
33.77
33.77
33.66
33.59
33.58
33.58
33.58
33.58
33.58
33.58
33.5
33.45
33.46
33.46
33.46
33.43
33.43
33.44
33.44
33.44
33.35
33.39
33.38
33.36
33.3
33.35
33.38
33.34
33.31
33.2
33.34
33.16
33.12
33.31
33.15
33.09
33.13
33.14
33.21
33.21
33.15
33.17
33.15
33.09
33.08
33.18
33.14
33.14
33.11
33.17
33.12
33.11
33.11
33.09
33.1
33.01
33.2
33.2
33.28
33.07
33.36
33.4
33.34
33.12
33.29
33.23
33.49
33.43
33.44
33.61
33.61
33.61
33.55
33.55
33.59
33.57
33.42
33.5
33.58
33.51
33.53
33.45
33.34
33.37
33.37
33.44
33.41
33.55
33.51
33.58
33.43
33.47
33.38
33.29
33.24
33.27
33.27
33.22
33.14
33.08
33.1
33.07
33.14
33.04
32.88
33.04
32.85
32.87
32.85
32.8
32.76
32.86
32.83
32.85
32.99
32.86
32.85
32.87
32.87
32.87
32.92
32.92
32.87
32.94
33
32.9
32.9
32.96
32.98
32.96
32.99
33.02
32.98
32.98
32.98
32.9
32.97
32.93
32.93
32.93
32.93
32.91
32.91
32.9
32.87
32.89
32.94
32.99
32.96
32.99
32.99
32.92
32.92
32.86
32.86
32.75
32.7
32.85
32.75
32.78
32.79
32.79
32.78
32.78
32.77
32.78
32.72
32.72
32.71
32.63
32.61
32.61
32.64
32.64
32.64
32.63
32.63
32.63
32.55
32.62
32.61
32.56
32.53
32.53
32.66
32.66
32.66
32.66
32.69
32.62
32.64
32.64
32.67
32.64
32.58
32.58
32.59
32.6
32.6
32.82
32.82
32.9
32.85
32.85
32.85
32.76
32.8
32.74
32.68
32.62
32.64
32.84
32.87
32.71
32.79
32.79
32.79
32.79
32.85
32.81
32.81
32.83
32.91
32.9
32.8
32.74
32.74
32.78
32.74
32.7
32.71
32.68
32.6
32.57
32.73
32.52
32.7
32.77
32.61
32.76
32.74
32.62
32.83
32.81
32.82
32.86
32.82
32.87
32.87
32.56
32.73
32.69
32.68
32.64
32.64
32.59
32.31
32.5
32.39
32.32
32.22
32.23
32.32
32.46
32.36
32.44
32.37
32.37
32.32
32.33
32.37
32.42
32.42
32.42
32.37
32.39
32.39
32.52
32.52
32.45
32.4
32.46
32.46
32.46
32.46
32.46
32.56
32.56
32.65
32.65
32.65
32.65
32.62
32.66
32.66
32.67
32.66
32.66
32.66
32.57
32.57
32.57
32.4
32.5
32.41
32.44
32.57
32.57
32.57
32.57
32.61
32.61
32.61
32.55
32.63
32.62
32.62
32.67
32.68
32.71
32.71
32.71
32.71
32.71
32.71
32.68
32.66
32.67
32.67
32.6
32.58
32.53
32.47
32.41
32.54
32.54
32.54
32.54
32.54
32.55
32.5
32.5
32.5
32.5
32.55
32.56
32.56
32.57
32.56
32.56
32.61
32.61
32.67
32.67
32.67
32.67
32.67
32.62
32.62
32.62
32.54
32.5
32.62
32.61
32.61
32.57
32.57
32.6
32.64
32.67
32.67
32.67
32.67
32.68
32.64
32.67
32.68
32.68
32.68
32.61
32.61
32.61
32.62
32.62
32.62
32.67
32.67
32.67
32.67
32.67
32.67
32.63
32.63
32.63
32.58
32.58
32.58
32.51
32.56
32.56
32.67
32.67
32.71
32.72
32.71
32.66
32.59
32.64
32.64
32.64
32.63
32.64
32.64
32.61
32.6
32.62
32.63
32.63
32.6
32.6
32.6
32.58
32.58
32.58
32.55
32.55
32.55
32.55
32.46
32.43
32.4
32.42
32.4
32.46
32.43
32.34
32.28
32.41
32.49
32.45
32.45
32.53
32.67
32.58
32.58
32.59
32.56
32.61
32.61
32.61
32.61
32.61
32.61
32.72
32.68
32.68
32.67
32.67
32.57
32.53
32.52
32.52
32.52
32.53
32.53
32.53
32.53
32.55
32.57
32.57
32.58
32.58
32.58
32.58
32.58
32.58
32.58
32.58
32.58
32.58
32.58
32.58
32.62
32.6
32.6
32.6
32.6
32.6
32.6
32.63
32.58
32.53
32.53
32.53
32.53
32.53
32.53
32.53
32.53
32.53
32.53
32.58
32.55
32.55
32.55
32.55
32.55
32.55
32.58
32.59
32.58
32.64
32.62
32.64
32.65
32.65
32.67
32.63
32.63
32.67
32.67
32.69
32.67
32.68
32.68
32.65
32.68
32.65
32.64
32.62
32.62
32.65
32.65
32.67
32.62
32.62
32.61
32.62
32.62
32.62
32.62
32.58
32.6
32.64
32.64
32.64
32.64
32.52
32.57
32.55
32.55
32.6
32.6
32.59
32.56
32.61
32.53
32.54
32.59
32.54
32.58
