2073.66
2073.19
2072.5
2072.01
2071.55
2071.48
2071.37
2071.41
2070.95
2070.28
2070.73
2071.41
2072.12
2072.4
2072.7
2073.26
2073.48
2073.04
2073.33
2073.38
2072.31
2072.08
2072.02
2071.89
2071.68
2071.87
2071.79
2071.69
2072.37
2070.63
2070.66
2070.36
2070.35
2071.15
2071.16
2071.46
2071.79
2071.69
2071.61
2072.1
2072.24
2072.85
2072.65
2072.77
2072.65
2073.87
2073.33
2073.33
2073.59
2074.21
2074.22
2073.69
2073.64
2073.93
2073.1
2072.44
2072.3
2072.77
2072.52
2072.51
2072.48
2071.82
2071.75
2071.52
2071.97
2071.45
2071.91
2072.29
2072.49
2072.05
2072.15
2072.6
2072.68
2073.13
2072.85
2072.85
2072.92
2072.78
2072.79
2072.75
2070.31
2069.51
2069.9
2069.91
2070.06
2070.14
2070.05
2069.82
2070.27
2070.25
2070.51
2070.54
2070.47
2070.78
2070.7
2070.96
2071.21
2070.43
2070.11
2070.08
2070.37
2070.86
2072.35
2072.35
2072.63
2072.28
2072.25
2072.27
2072.14
2072.24
2072.06
2072.21
2071.09
2071.1
2070.58
2070.83
2070.3
2070.84
2070.41
2070.52
2070.36
2070.69
2070.73
2070.5
2070.49
2069.74
2070.33
2070.38
2070.45
2070.05
2070.21
2070.29
2070.47
2070.75
2070.08
2070.56
2070.49
2070.53
2070.35
2070.45
2070.2
2070.78
2071.3
2071.62
2071.53
2071.73
2071.45
2070.97
2071.01
2071.07
2070.91
2070.97
2071.04
2071.25
2070.77
2070.89
2071.03
2071.21
2071.37
2071.41
2071.43
2071.33
2071.07
2070.91
2070.87
2071.13
2071.08
2071.23
2071.4
2071.2
2070.36
2070.91
2070.78
2070.95
2071.03
2071.04
2070.92
2071.18
2071.38
2071.24
2071.2
2071.18
2071.63
2071.75
2071.78
2071.79
2071.77
2071.95
2072.45
2073.12
2072.79
2072.6
2072.94
2072.85
2072.93
2072.98
2073.07
2073.31
2072.89
2073.09
2072.79
2072.79
2072.9
2073.13
2073.13
2073.39
2074.25
2073.98
2073.93
2074.06
2074.12
2074.06
2074.2
2073.73
2073.34
2073.43
2073.45
2073.67
2073.8
2073.88
2073.76
2073.55
2073.7
2073.47
2073.43
2073.26
2073.57
2073.26
2073.11
2073.27
2073.27
2073.41
2073.49
2073.6
2073.4
2073.39
2073.29
2073.3
2073.29
2074
2074.1
2074.19
2074.41
2074.23
2073.84
2074.12
2074.08
2073.63
2073.3
2073.45
2073.67
2073.65
2073.96
2074.43
2074.23
2074.06
2073.82
2073.97
2074.13
2074.28
2074.46
2075.22
2075.59
2075.74
2075.49
2075.46
2074.96
2075.2
2075.7
2075.74
2075.87
2075.81
2075.42
2074.73
2075.11
2075.06
2074.88
2075.03
2074.77
2074.78
2075.04
2074.79
2074.91
2075.19
2075.55
2075.59
2075.34
2075.44
2075.15
2074.67
2074.63
2073.99
2074.07
2073.83
2073.76
2073.74
2073.93
2074.12
2074.37
2074.36
2074.42
2074.43
2074.5
2074.62
2074.81
2074.69
2074.35
2074.36
2074.82
2074.71
2074.57
2075.16
2075.25
2075.39
2075.55
2075.79
2075.52
2075.7
2075.89
2075.73
2075.75
2076
2076.2
2075.84
2075.92
2075.97
2075.88
2076.18
2076.2
2076.44
2076.68
2077.17
2077.16
2077.27
2077.78
2077.26
2077.29
2077.33
2077.57
2077.1
2076.97
2077.09
2077.83
2078.06
2077.82
2077.59
2078.31
2077.98
2077.53
2077.5
2077.26
2076.2
2077.78
2078.73
2077.84
2077.72
2077.82
2077.44
2076.45
2076.64
2077.4
2082.72
2085.26
2085.02
2084.51
2084.48
2084.95
2084.22
2084.85
2084.42
2084.33
2084.83
2084.67
2084.22
2084.34
2084.39
2084.08
2083.18
2082.52
2082.96
2083.47
2083.34
2082.89
2082.79
2083.29
2083.47
2084.46
2084.54
2084.38
2085
2084.72
2084.7
2084.86
2082.19
2082.55
2081.66
2081.26
2081.09
2080.74
2081.33
2081.15
2081.05
2080.78
2081.25
2080.64
2080.19
2079.83
2080.41
2080.79
2080.69
2080.52
2081.03
2081.72
2082.3
2082.55
2082.61
2082.22
2082.22
2082.87
2082.73
2082.75
2082.91
2083.08
2082.99
2083.13
2082.56
2082.84
2083.32
2082.64
2082.48
2082.76
2082.94
2082.53
2082.39
2082.29
2082.34
2083.08
2083.73
2083.38
2083.36
2083.6
2083.91
2083.74
2083.8
2083.76
2083.67
2083.43
2083.42
2084.14
2083.78
2083.75
2083.7
2083.38
2083.54
2083.15
2083.2
2083.66
2083.59
2083.87
2083.84
2083.9
2083.78
2083.51
2083.45
2083.79
2083.97
2083.89
2083.38
2083.2
2082.99
2083.11
2082.98
2083.18
2083.27
2083.14
2082.86
2082.98
2082.75
2082.75
2082.95
2082.56
2082.63
2082.82
2082.58
2083.6
2083.57
2083.01
2083.01
2082.98
2083.05
2082.69
2082.92
2082.84
2082.94
2082.52
2082.43
2082.65
2082.68
2082.94
2082.99
2083.18
2083.42
2083.66
2083.46
2083.39
2083.25
2083.47
2083.74
2083.58
2083.5
2084.2
2084.16
2084.3
2084.17
2084.05
2083.95
2084.19
2084.19
2083.81
2084
2084.19
2084.27
2084.13
2083.97
2083.72
2083.65
2084.05
2084.01
2084.05
2083.87
2084
2084.06
2084.24
2084.31
2084.5
2085.22
2085.41
2085.26
2085.1
2085.14
2085.4
2085.24
2085.11
2084.7
2084.6
2084.91
2084.91
2084.82
2085.01
2084.63
2084.76
2084.71
2084.84
2084.48
2084.33
2084.29
2084.42
2084.27
2084.22
2084.1
2083.94
2083.85
2084
2084.08
2084.16
2084.49
2084.72
2084.9
2084.84
2084.73
2084.66
2084.58
2084.38
2084.32
2084.66
2084.78
2084.47
2084.62
2084.7
2085.06
2085.32
2085.14
2084.97
2085.17
2085.61
2085.95
2085.77
2085.62
2085.51
2085.54
2085.7
2085.66
2086.28
2086.16
2086.16
2086.31
2086.45
2086.56
2086.43
2086.61
2086.68
2086.68
2086.69
2086.64
2086.53
2086.36
2086.18
2086.09
2086.24
2085.8
2085.57
2085.62
2085.28
2085.28
2085.32
2085.49
2085.61
2085.61
2085.68
2085.9
2085.72
2085.76
2085.64
2085.61
2085.57
2085.55
2085.5
2085.28
2085.5
2085.19
2085.41
2085.3
2085.25
2084.94
2084.52
2084.05
2083.28
2083.13
2083.42
2083.57
2083.7
2083.64
2082.92
2083.44
2083.41
2083.38
2083.37
2083.71
2083.7
2083.98
2083.87
2083.9
2083.98
2083.88
2083.84
2084.08
2084.17
2083.61
2083.23
2083.59
2084.1
2084.23
2084.93
2085.57
2085.55
2085.83
2085.24
2085.31
2084.89
2084.89
2084.71
2084.45
2083.59
2083.79
2083.99
2084.47
2083.91
2084.27
2084.7
2084.56
2084.76
2085.06
2085.56
2085.14
2084.98
2084.72
2083.9
2083.93
2084.64
2084.95
2084.78
2084.65
2084.64
2084.63
2085.2
2084.99
2084.77
2084.3
2084.31
2084.3
2084.47
2084.52
2084.86
2084.51
2084.72
2084.78
2084.74
2085.3
2085.05
2085.07
2085.38
2085.33
2085.53
2085.27
2085.36
2085.57
2085.57
2085.53
2085.49
2085.49
2085.21
2085.46
2085.55
2085.42
2085.5
2085.69
2086.04
2085.96
2086.01
2085.94
2086.08
2086.04
2086.11
2086.13
2086.08
2086.04
2085.51
2085.59
2085.83
2085.85
2085.87
2086.4
2086.24
2085.74
2085.91
2086.05
2086.08
2085.91
2086.35
2086.45
2086.87
2087.05
2087.14
2087.09
2087
2087.18
2087.2
2087.24
2087.27
2087.23
2086.94
2086.74
2086.7
2086.86
2086.66
2086.6
2086.92
2087
2086.92
2087.03
2087.12
2087.05
2086.97
2087.23
2087.33
2087.43
2087.31
2087.09
2087.33
2087.37
2087.04
2086.74
2086.83
2086.64
2086.66
2086.58
2086.4
2086.64
2086.53
2086.23
2086.19
2086.06
2086.27
2086.34
2086.26
2086.24
2086.31
2086.48
2086.38
2086.59
2086.3
2086.53
2086.64
2086.78
2086.55
2086.28
2086.15
2086.35
2086.52
2086.58
2086.41
2086.62
2086.96
2086.91
2086.72
2086.61
2086.81
2086.99
2086.89
2087.06
2086.98
2086.96
2086.92
2086.96
2087.06
2086.75
2086.68
2086.66
2086.81
2086.7
2086.69
2086.61
2086.74
2087.02
2086.81
2086.82
2086.55
2086.65
2086.04
2085.99
2085.61
2085.76
2085.89
2085.91
2085.63
2085.19
2085.13
2085.66
2085.59
2085.54
2085.42
2085.59
2085.22
2081.88
2087.69
2087.86
2088.59
2089.32
2089.05
2089.33
2089.02
2089.2
2089.55
2089.24
2088.92
2089.2
2089.75
2089.95
2090.21
2090.93
2091.18
2091.15
2091.11
2091.42
2091
2091
2090.7
2090.65
2090.53
2091.03
2091.77
2091.47
2091.28
2091.42
2091.6
2091.46
2091.36
2090.85
2090.93
2090.66
2090.86
2090.74
2091.01
2090.6
2090.49
2090.58
2090.28
2090.01
2089.92
2090.25
2090.35
2090.21
2090.2
2090.13
2090.27
2090.2
2089.86
2089.94
2090.08
2090.27
2090.18
2090.08
2090.04
2089.81
2090.07
2089.95
2089.69
2089.43
2090.31
2090.68
2090.59
2090.6
2090.53
2090.57
2090.59
2090.66
2090.67
2090.53
2090.29
2090.41
2090.45
2090.51
2090.77
2090.61
2090.85
2090.71
2090.67
2091.02
2091.09
2091.12
2091.08
2090.64
2090.51
2090.64
2090.55
2090.48
2090.51
2090.48
2090.42
2090.46
2090.7
2090.43
2090.4
2090.4
2090.48
2090.53
2090.57
2090.68
2090.68
2090.67
2090.29
2090.3
2090.41
2090.62
2090.66
2090.64
2090.77
2090.8
2090.63
2090.69
2090.79
2090.71
2090.71
2090.78
2090.87
2090.8
2090.61
2090.7
2090.6
2090.73
2090.81
2090.58
2090.79
2090.69
2090.65
2090.74
2090.69
2090.58
2090.46
2090.49
2090.49
2090.53
2090.16
2090.08
2089.93
2089.95
2089.9
2089.36
2089.33
2089.18
2089.46
2089.49
2089.82
2089.89
2089.94
2089.92
2090.2
2090.33
2090.23
2090.21
2090.3
2090.12
2089.97
2090.04
2089.99
2090
2090.09
2090.01
2090.06
2090
2090.14
2089.98
2090.12
2089.91
2089.82
2089.65
2090.01
2089.82
2090.03
2090
2090
2089.89
2090.03
2090.21
2090.32
2090.41
2090.34
2090.09
2090.28
2090.36
2090.47
2090.68
2090.66
2090.69
2091.16
2091.04
2091.09
2090.94
2090.85
2091.05
2091.12
2090.91
2090.88
2091.14
2091.24
2091.05
2091.18
2091.31
2091.27
2091.27
2091.43
2091.4
2091.5
2091.42
2091.55
2091.6
2091.33
2091.26
2091.39
2091.61
2091.57
2091.71
2091.82
2091.8
2091.77
2092.01
2092.05
2091.95
2091.83
2091.79
2092.02
2092.52
2092.1
2092.09
2092.29
2092.42
2092.4
2092.3
2092.51
2092.4
2092.37
2092.05
2092.02
2091.99
2091.96
2091.61
2091.73
2091.81
2091.73
2091.61
2091.7
2091.58
2091.47
2091.45
2091.5
2092.32
2092.24
2092.47
2092.53
2092.55
2092.49
2092.45
2092.43
2092.5
2092.41
2092.39
2092.4
2092.37
2092.1
2092.1
2092.14
2092.42
2092.41
2092.28
2092.31
2092.29
2092.42
2092.68
2092.26
2092.12
2092.17
2092
2091.96
2092.1
2092.05
2092.07
2092.05
2091.92
2091.71
2091.54
2091.62
2091.38
2091.28
2091.31
2091.33
2091.1
2091.1
2091.26
2091.35
2091.23
2091.54
2091.2
2090.93
2090.82
2090.63
2090.43
2090.19
2089.89
2089.98
2090.03
2089.01
2089.33
2088.58
2088.75
2088.57
