137.6
137.5
137.5
137.2
137.3
137.3
137.3
137.2
137.1
137.1
137.2
137.1
137
137.1
137.2
137.2
137.3
137.4
137.6
137.6
137.8
137.8
137.9
137.9
137.9
137.8
137.8
137.9
137.9
137.9
137.9
129.4
129.4
129.4
129.4
129.4
129.4
129.3
129.3
129.4
129.4
129.4
129.3
129.3
129.3
129.3
129.3
129.3
129.3
129.3
129.3
129.3
129.3
129.3
129.2
129.2
129.2
129.3
129.3
129.3
129.3
129.3
129.3
129.3
129.2
129.2
129.3
129.3
129.3
129.4
129.4
129.3
129.3
129.4
129.4
129.4
129.4
129.4
129.4
129.4
129.3
129.4
129.3
129.4
129.4
129.3
129.4
129.3
129.3
129.4
129.3
129.4
129.3
129.3
129.3
129.2
129.3
129.3
129.3
129.2
129.1
129.2
129.2
129.2
129.2
129.2
129.2
129.2
129.1
129.1
129.1
129.2
129.2
129.2
129.3
129.3
129.3
129.3
129.3
129.3
129.2
129.2
129.3
129.3
129.3
129.2
129.2
129.3
129.3
129.2
129.3
129.2
129.2
129.1
129.2
129.2
129.3
129.3
129.3
129.2
129.3
129.3
129.3
129.3
129.3
129.3
129.3
129.3
129.3
129.3
129.2
129.2
129.2
129.2
129.3
129.2
129.2
129.1
129.2
129.1
129.1
129.1
129
129.1
128.8
128.8
128.8
128.8
128.9
129
129
129
129
129
128.9
128.8
128.5
128.7
128.7
128.7
128.7
128.8
128.7
137.8
137.8
137.9
137.8
137.8
137.8
137.8
137.9
137.9
137.9
137.9
137.9
137.9
138
137.9
138
137.9
137.8
137.8
137.9
137.9
137.9
137.9
137.9
138
137.9
137.9
137.9
137.9
137.9
137.8
137.8
137.8
137.8
137.9
137.9
137.9
137.9
137.9
137.9
137.9
137.9
137.9
137.9
137.9
137.9
137.9
137.9
137.9
137.9
137.9
137.9
137.9
137.9
137.9
137.9
137.9
137.9
137.9
137.9
138.8
138.8
138.8
138.8
138.8
138.8
138.8
138.8
139.3
139.3
139.2
139
139.2
139.3
139.2
139.4
139.2
139.4
139.5
140
139.6
139.9
139.8
139.9
139.9
139.9
140
139.9
139.9
139.9
140
140
140.1
140.4
140.3
140.2
140.2
140.1
140
140.2
140
140
140
139.9
140
140
140.3
140.2
140.2
139.9
140
140.2
140.2
140.3
140.3
140
140
140
139.9
139.8
139.7
139.3
138.8
138.6
138.8
138.6
139.6
139.6
139.3
139.3
139.3
139.5
139.4
139.2
139.2
139.2
139.3
139.3
139.4
139.5
139.5
139.5
139.5
139.5
139.4
139.6
139.6
139.6
139.6
139.7
139.6
139.7
139.7
139.7
139.7
139.7
139.7
139.6
139.5
139.5
139.5
139.7
139.7
139.6
139.6
139.6
139.6
139.5
139.4
139.4
139.4
139.4
139.4
139.4
139.4
139.4
139.4
139.4
140
140.2
140.3
140.3
140.3
140.3
140.3
140.2
140.2
140.1
139.8
139.7
140.3
140.3
140.4
140.1
140.3
140.3
140.3
140.2
140
140
140.1
139.7
139.8
139.8
139.8
139.9
139.9
139.9
140
140
139.9
140.1
140.2
140.1
140.3
140
139.7
139.6
139.4
139.8
139.7
139.7
139.7
139.6
139.2
139.7
139.6
139.5
139.5
139.5
139.5
139.6
139.6
139.5
139.6
139.5
139.3
139.3
139.3
137.3
137
137.7
137.7
137.7
137.7
137.7
137.7
137.7
137.7
137.6
137.6
137.6
137.6
137.6
137.9
137.9
137.9
137.8
137.8
137.8
137.6
137.5
137.7
137.6
137.4
137.4
137.2
137.1
137.2
137.1
137.1
137.1
137.1
137.2
137.2
137.1
137.2
137.2
137.2
137.1
137.1
137.1
136.8
136.8
136.8
136.8
136.8
136.7
136.8
136.8
136.9
136.9
136.8
136.8
136.7
136.7
136.7
136.7
136.7
137.1
137
137
136.9
136.7
136.7
136.8
136.8
136.7
136.7
136.7
136.7
136.8
136.8
136.8
136.7
137
137
137.1
137.1
137.2
137.1
137.1
137.1
137.2
137.1
137.1
137.1
137.1
137.1
137.1
137.1
137.1
137.1
137.1
137.1
137.1
137.1
137.1
137.1
137.1
137.1
137.1
137.1
137.1
137.1
137.1
137.1
137.1
137.1
137.1
137.1
137.1
137.1
137.1
137.1
137.1
137.1
137.1
137.1
137.1
137.1
137.1
137.1
137.1
137.1
137.1
137.1
137.1
137.1
137.2
137.1
137
137
136.8
136.8
136.8
136.9
136.7
136.8
136.7
136.7
136.7
136.6
136.7
136.6
136.5
136.5
136.5
136.3
136.2
136.2
136.1
136.1
136.1
136
136
136.1
136
136.1
136
135.8
135.7
135.7
135.6
135.6
135.6
135.6
135.6
135.6
135.6
135.6
135.5
135.5
135.5
135.4
135.7
135.7
135.8
135.7
135.7
135.7
135.7
135.8
135.8
135.5
135.5
135.6
135.6
135.6
135.6
135.8
135.8
135.9
135.9
135.9
135.9
135.8
135.8
135.8
135.9
136
136
135.9
136
136
136
136
135.9
135.8
135.9
135.9
135.8
135.8
135.6
135.6
135.4
135.3
135.4
135.4
135.5
135.5
135.5
135.5
135.5
135.5
135.6
135.4
135.5
135.6
135.6
135.6
135.5
135.5
135.5
135.5
135.5
135.6
135.6
135.6
135.4
135.4
135.4
135.4
135.4
135.4
135.4
135.4
135.4
135.4
135.4
135.4
135.4
135.4
135.4
135.4
135.4
135.4
135.4
135.4
135.4
135.4
135.4
135.4
135.4
135.4
135.4
135.4
130.6
130.6
130.8
130.7
130.6
130.9
130.6
130.6
130.6
130.6
130.6
130.6
130.7
130.6
130.6
130.6
130.8
130.7
130.7
130.6
130.6
130.6
130.6
130.7
130.7
130.7
130.8
130.8
130.8
130.8
130.7
130.7
130.6
130.6
130.6
130.6
130.7
130.6
130.7
130.7
130.7
130.6
130.7
130.6
130.6
130.8
130.8
130.8
130.8
130.8
130.6
130.6
130.6
130.8
130.8
130.8
130.6
130.8
130.6
130.8
130.8
130.8
130.8
130.8
130.8
130.8
130.7
130.7
130.7
130.6
130.5
130.6
130.7
130.7
130.7
130.6
130.6
130.6
130.5
130.6
130.6
130.6
130.6
130.6
130.6
130.6
130.6
130.6
130.6
130.6
130.6
130.6
130.6
130.6
130.6
130.6
130.6
130.6
130.6
130.6
130.6
130.6
130.6
130.6
130.6
130.6
130.6
130.6
130.6
130.6
130.6
130.6
130.6
130.6
130.6
130.6
130.6
130.6
130.7
130.7
130.7
130.7
130.7
130.9
130.9
130.9
130.9
130.7
130.7
130.7
