76.7
76.7
76.65
76.65
76.65
76.65
76.65
76.65
76.6
76.6
76.6
76.75
76.65
76.65
76.65
76.65
76.65
76.55
76.6
76.65
76.55
76.6
76.75
76.75
76.7
76.7
76.7
76.7
76.7
76.75
76.7
76.7
76.7
76.7
76.7
76.65
76.7
76.7
76.7
76.65
76.65
76.7
76.7
76.7
76.75
76.75
76.7
76.75
76.75
76.8
76.8
76.8
76.8
76.75
76.75
76.75
76.7
76.7
76.7
76.7
76.7
76.75
76.75
76.7
76.7
76.7
76.7
76.7
76.7
76.7
76.7
76.7
76.7
76.7
76.7
76.7
76.7
76.7
76.7
76.7
76.7
76.7
76.7
76.7
76.7
76.7
76.7
76.7
76.7
76.7
76.7
76.7
76.7
76.7
76.7
76.7
76.7
76.7
76.7
76.8
76.8
76.85
76.8
76.9
76.9
76.9
76.9
76.9
76.95
76.95
77
77
77.1
77.15
77.15
77.1
77.15
77.25
77.2
77.2
77.2
77.2
77.2
77.25
77.35
77.3
77.25
77.3
77.2
77.2
77.15
77.2
77.2
77.1
77.15
77.15
77.1
77.1
77.1
77.15
77.1
77.1
77.15
77.1
77.05
77
77.1
77.1
77.1
77.05
77.05
76.95
76.9
76.75
76.55
76.75
76.55
76.85
76.85
76.85
76.8
76.8
76.8
76.8
76.8
76.8
76.8
76.75
76.8
76.8
76.75
76.9
76.9
76.8
76.8
76.7
76.75
76.75
76.7
76.8
76.8
76.75
76.8
76.8
76.8
76.8
76.8
76.8
76.8
76.8
76.8
76.8
76.8
76.8
76.8
76.85
76.85
76.9
76.9
76.85
76.8
76.8
76.8
76.8
76.8
76.8
76.8
76.8
76.8
76.85
76.95
76.9
76.95
76.95
77
76.95
76.9
76.95
76.95
76.95
76.95
76.95
76.95
77.05
77.1
77.1
77.1
77.15
77.1
76.9
76.9
76.9
76.9
76.95
76.95
76.95
76.9
76.95
76.95
76.95
76.9
76.85
76.9
76.9
76.95
76.9
76.95
76.9
76.95
76.95
76.95
76.9
76.95
76.95
76.95
76.95
77
76.95
76.9
76.95
76.9
76.9
76.9
76.9
76.9
76.9
76.9
77.05
77.05
77.05
76.95
76.9
76.9
76.9
76.9
76.9
76.9
76.9
76.95
76.9
76.95
76.9
76.95
76.95
76.95
76.9
76.9
76.9
76.95
77
77
76.95
76.95
77
77
77
77
77
76.95
76.95
76.95
76.95
77
77
76.95
76.95
76.95
76.95
76.95
76.95
76.95
76.95
76.95
76.95
76.95
76.95
76.95
77
76.95
76.95
76.95
76.95
76.95
76.95
76.95
77
77
76.95
77.05
77
77.05
77.05
77.05
77.05
77
76.95
76.95
76.95
76.95
76.95
76.95
76.95
77
76.95
77
76.95
77
77
76.95
77
76.95
76.95
76.95
76.95
76.95
76.95
76.95
76.95
76.95
76.95
76.95
76.95
76.95
76.95
76.95
76.95
76.95
76.95
76.95
76.95
76.95
76.95
76.95
76.95
76.95
76.95
76.95
76.95
76.95
76.95
76.95
76.95
76.95
76.95
76.95
76.95
76.95
76.95
76.95
76.95
76.95
76.95
76.95
76.95
76.95
76.95
76.95
76.95
76.95
76.95
77
77
77
76.95
76.95
76.95
77
77
76.95
76.95
76.95
77
76.95
77
77
76.9
76.95
76.95
76.95
76.95
76.95
77
77
77
76.95
76.95
76.95
76.95
76.95
77
77
76.95
76.95
76.95
76.95
76.95
76.95
76.95
76.95
76.95
76.95
76.95
76.95
76.9
76.95
76.9
76.85
76.8
76.85
76.85
76.8
76.7
76.65
76.6
76.5
76.6
76.7
76.75
76.75
76.7
76.75
76.2
76.2
76.15
76.2
76.2
76.15
76.15
76.05
76.1
76.1
76.1
76.1
76.15
76.15
76.2
76.2
76.15
76.2
76.15
76.15
76.15
76.15
76.15
76.15
76.2
76.25
76.25
76.3
76.25
76.25
76.25
76.25
76.25
76.25
76.25
76.3
76.25
76.25
76.25
76.25
76.25
76.25
76.25
76.25
76.25
76.25
76.25
76.25
76.25
76.3
76.3
76.3
76.3
76.3
76.3
76.3
76.3
76.3
76.3
76.3
76.3
76.3
76.3
76.3
76.3
76.3
76.3
76.3
76.3
76.3
76.3
76.3
76.3
76.3
76.3
76.3
76.3
74.05
74.05
74.05
74.1
74.05
74.1
74.1
74.05
74.05
74.05
74.05
74.05
74.05
74.05
74.1
74.1
74.1
74.1
74.1
74.1
74.1
74.1
74.1
74.05
74.05
74.05
74.05
74.05
74.05
74.05
74
74.05
74
74.05
74.05
74.05
74.05
74.05
74
74.05
74.05
74.05
74.05
74.05
74.05
74.05
74.05
74.05
74
74
74.05
74.05
74
74
74.05
74
74
74.05
74
74.05
74.05
74
74.05
74.05
74
74
74.05
74
74
74
74.05
74.05
74.05
74
74
74
74
74
74
74
74
73.95
74
74
73.95
74
74
74
74
74
73.95
74
74
74
74
74
74
74
74
74
74
74.05
74.05
74.05
74.05
74.05
74.05
74.05
74.05
74.05
74.05
74.05
74.05
74.05
74.05
74.05
74
74.05
74.05
74.05
74.05
74.05
74.05
74.05
74.05
74
74.05
74.05
74.05
74.05
74.05
74.05
74.05
74.05
74.05
74.05
74.05
74.05
74.05
74.05
74.05
74.05
74.1
74.05
74.05
74.05
74.05
74.05
74.05
74.05
74.1
74.1
74.1
74.1
74.1
74.1
74.15
74.1
74.1
74.1
74.1
74.15
74.15
74.1
74.1
74.15
74.1
74.1
74.1
74.1
74.15
74.2
74.15
74.15
74.15
74.15
74.1
74.15
74.1
74.15
74.1
74.1
74.15
74.1
74.15
74.15
74.1
74.15
74.15
74.15
74.15
74.15
74.1
74.1
74.15
74.1
74.1
74.1
74.1
74.1
74.05
74.05
74.1
74.05
74.05
74.05
74.1
74.1
74.1
74.1
74.1
74.1
74.1
74.1
74.1
74.1
74.1
74.1
74.1
74.1
74.1
74.1
74.05
74.1
74.1
74.1
74.05
74.1
74.1
74.1
74.1
74.1
74.1
74.1
74.1
74.1
74.1
74.1
74.1
74.1
74.1
74.1
74.1
74.1
74.1
74.1
74.1
74.1
74.1
74.1
74.1
74.1
74.1
74.1
74.1
74.1
74.1
74.1
74.1
74.1
74.1
74.1
74.1
74.1
74.1
74.15
74.1
74.15
74.1
74.1
74.1
74.1
74.1
74.1
74.15
74.15
74.15
74.15
74.15
74.1
74.15
74.1
