112.4
112.5
112.4
112.2
112.4
112.4
112.4
112.2
112.2
112.2
112.2
112.2
112.1
112.1
112.1
112.1
112.3
112.4
112.4
112.5
112.6
112.6
112.9
112.9
112.9
112.9
112.9
112.9
112.8
112.8
112.9
112.9
112.8
112.8
112.9
112.9
112.9
112.8
112.9
112.9
112.9
112.9
112.9
112.8
112.8
112.8
112.8
112.8
112.8
112.8
112.7
112.7
112.8
112.8
112.7
112.7
112.7
112.8
112.8
112.8
112.8
112.7
112.8
112.8
112.7
112.9
112.9
112.9
112.9
112.9
112.9
112.9
112.9
112.9
112.9
112.9
112.9
112.9
112.9
112.9
112.9
112.9
112.9
112.9
112.9
112.9
112.9
112.9
112.9
112.9
112.9
112
112
112
112
112
112
112
112.3
113.2
113.5
113.4
113.4
113.6
113.4
113.7
113.6
113.6
113.5
113.7
113.7
113.5
113.6
113.5
113.5
113.5
113.7
113.7
113.7
113.7
113.7
113.8
113.8
113.8
113.9
113.9
113.9
114
113.9
113.9
114
114
113.9
113.9
113.8
113.9
113.9
114
114.1
113.9
113.8
113.8
113.8
113.8
114
114
113.8
113.7
113.9
113.9
113.9
113.7
113.5
113.2
113.1
113.4
113.4
114
113.9
113.9
113.9
113.8
113.9
113.8
113.8
113.8
113.8
113.8
113.7
113.8
113.8
113.7
113.8
113.8
113.8
113.8
113.9
113.9
113.9
113.9
113.9
113.8
113.8
113.9
113.9
113.8
113.9
113.9
113.9
113.9
113.9
113.8
113.7
113.7
113.7
113.8
113.8
113.7
113.7
113.6
113.6
113.6
113.6
113.6
113.6
113.6
113.6
113.6
113.6
114
114
114
113.9
114.1
114
114
113.9
113.9
113.9
113.9
113.9
114
114
114.1
114.1
113.7
113.9
113.9
113.9
113.9
113.9
114
113.9
113.9
114
114
114.1
114.1
114.1
114.1
114
113.9
114
114
114.1
114.1
114.1
114.1
114
114.1
114.1
114.1
114.1
114.1
114.1
114.1
114.1
114
114.2
114.1
114.1
114
114
114
114.2
114.1
114
114.8
114.8
114.8
113.4
113.3
113.5
113.6
113.6
113.6
113.4
113.4
113.4
113.3
113.3
113.3
113.2
113.2
113.3
113.3
113.2
113.2
113.4
113.4
113.2
113.1
113.3
113.3
113.4
113.4
113.4
113.3
113.3
113.2
113.3
113.3
113.2
113.2
113.2
113.2
113.2
113.2
113.2
113.2
113.2
113.3
113.3
113.3
113.3
113.3
113.3
113.3
113.3
113.2
113.2
113.2
113.2
113.3
113.3
113.2
113.2
113.3
113.3
113.3
113.3
113.2
113.2
113.2
113.2
113.3
113.3
113.3
113.3
113.3
113.3
113.3
113.3
113.2
113.3
113.3
113.3
113.3
113.3
113.3
113
113
113
113
113.1
113.1
113.1
113.1
113.1
113.1
113.1
113.1
113.1
113.1
113.1
113.1
113.1
113.1
113.1
113.1
113.1
113.1
113.1
113.1
113.1
113.1
113.1
113.1
113.1
113.1
113.1
113.1
113.1
113.1
113.1
113.1
113.1
113.1
113.1
113.1
113.1
113.1
113.1
113.1
113.1
113.1
113.1
113.1
113.1
113.1
113.1
113.1
113.1
113.1
113.1
113.1
113.1
113.3
113.3
113.3
113.3
113.2
113.2
113.1
113.1
113.1
113.1
113.1
113.1
113.1
113.1
113
113
113.2
113.1
113.1
113.1
113.1
113.1
113.1
113.1
113.1
113.1
113.1
113.1
113.1
113.1
113
113
113.2
113.1
113.1
113.1
113.1
113.1
113.1
112.9
112.9
112.9
112.8
112.8
112.9
112.7
112.7
112.5
112.5
112.6
112.6
112.6
112.6
112.7
113
113.2
113.2
113.2
113.2
113.2
113.2
113.3
113.3
113.3
113.3
113.3
113.3
113.3
113.4
113.4
113.4
113.3
113.2
113.1
113.3
113.2
113.5
113.5
113.5
113.3
113.4
113.4
113.4
113.3
113.4
113.3
113.2
113.2
113.2
113.4
113.4
113.4
113.4
113.2
113.2
113.3
113.3
113.3
113.3
113.3
113.2
113.2
113.2
113.2
113.2
113.2
113.2
113.2
113.2
113.2
113.2
113.2
113.2
113.2
113.2
113.2
113.2
113.2
113.2
113.2
113.2
113.2
113.2
113.2
113.2
113.2
113.2
113.2
113.2
113.2
113.2
113
113
113
113
113.1
113
113
112.9
112.8
112.8
112.8
112.6
112.6
112.6
112.6
112.7
112.7
112.7
112.8
112.8
112.8
112.8
112.8
112.8
112.8
112.8
112.9
112.8
112.8
112.8
112.8
112.8
112.8
112.8
112.8
112.8
112.8
112.8
112.8
112.9
112.8
112.8
112.8
112.8
112.7
112.7
112.7
112.7
112.7
112.7
112.6
112.6
112.6
112.6
112.6
112.7
112.7
112.7
112.7
112.6
112.6
112.6
112.6
112.6
112.6
112.6
112.5
112.5
112.5
112.5
112.5
112.6
112.6
112.5
112.4
112.4
112.5
112.5
112.4
112.5
112.4
112.4
112.4
112.4
112.4
112.4
112.3
112.3
112.3
112.4
112.4
112.5
112.6
112.6
112.5
112.5
112.5
112.5
112.5
112.6
112.6
112.7
112.7
112.6
112.6
112.7
112.6
112.6
112.6
112.6
112.6
112.5
112.6
112.7
112.7
112.6
112.6
112.5
112.6
112.5
112.8
112.7
112.6
112.6
112.6
112.7
112.7
112.7
112.7
112.7
112.7
112.7
112.6
112.7
112.7
112.7
112.7
112.7
112.7
112.7
112.7
112.8
112.7
112.7
112.8
112.7
112.8
112.7
112.8
112.8
112.8
112.8
116.4
116.5
116.6
116.6
116.6
116.6
116.7
116.7
116.7
116.6
116.6
116.6
116.6
116.5
116.5
116.5
116.5
116.6
116.5
116.5
116.6
116.6
116.6
116.6
116.6
116.7
116.7
116.7
116.7
116.7
116.6
116.6
116.7
116.7
116.7
116.6
116.5
116.5
116.5
116.5
116.4
116.4
116.5
116.4
116.3
116.3
116.3
116.3
116.4
116.3
116.3
116.3
116.4
116.4
116.4
116.4
116.4
116.4
116.4
116.3
116.3
116.3
116.3
116.3
116.3
116.2
116.3
116.3
116.3
116.3
116.3
116.3
116.2
116.3
116.3
116.3
116.3
116.3
116.3
116.1
116.1
116.1
116.1
116.1
116.1
116.1
116.1
116.1
116.1
116.1
116.1
116.1
116.1
116.1
116.1
116.1
116.1
116.1
116.1
116.1
116.1
116.1
116.1
116.1
116.1
116.1
116.1
116.1
116.1
116.1
116.1
116.1
116.1
116.4
116.4
116.4
116.4
116.4
116.4
116.4
116.5
116.6
116.6
116.6
116.6
116.6
116.6
116.5
116.5
116.6
