19.4
19.54
19.52
19.52
19.46
19.56
19.48
19.5
19.42
19.42
19.44
19.44
19.4
19.38
19.36
19.34
19.3
19.3
19.24
19.22
19.26
19.3
19.32
19.32
19.32
19.3
19.26
19.22
19.28
19.32
19.32
19.4
19.4
19.46
19.44
19.44
19.44
19.38
19.4
19.38
19.4
19.4
19.38
19.38
19.38
19.36
19.36
19.36
19.34
19.32
19.34
19.34
19.36
19.38
19.4
19.4
19.36
19.36
19.36
19.36
19.36
19.36
19.34
19.3
19.34
19.34
19.34
19.34
19.34
19.34
19.34
19.34
19.34
19.34
19.34
19.34
19.34
19.34
19.34
19.34
19.34
19.34
19.34
19.34
19.34
19.34
19.34
19.34
19.34
19.34
19.34
19.66
19.66
19.66
19.66
19.66
19.66
19.66
19.8
19.94
19.88
19.86
19.84
19.84
19.88
19.88
19.88
19.88
19.86
20
20
19.98
20.05
20.1
20.2
20.2
20.3
20.35
20.4
20.35
20.35
20.3
20.3
20.35
20.35
20.3
20.35
20.35
20.35
20.35
20.45
20.35
20.3
20.25
20.2
20.3
20.3
20.2
20.3
20.25
20.15
20.1
20.1
20.15
20.1
20.1
20.1
20
20.05
20
19.96
19.96
19.9
19.8
19.6
19.6
19.54
19.92
19.92
19.88
19.88
19.86
19.9
19.9
19.88
19.88
19.86
19.9
19.9
19.88
19.9
19.92
19.92
19.94
19.94
19.96
19.98
20
20
20.05
20.15
20.15
20.1
20.15
20.15
20.15
20.2
20.15
20.15
20.15
20.15
20.15
20.1
20.1
20.05
20
20
20.05
20.05
20.1
20.05
20.05
20.05
20.05
20.05
20.05
20.05
20.05
20.05
20
20
20.05
20.15
20.15
20.15
20.15
20.15
20.2
20.2
20.2
20.2
20.2
20.15
20.2
20.25
20.3
20.3
20.3
20.3
20.25
20.25
20.25
20.3
20.3
20.4
20.35
20.35
20.4
20.35
20.4
20.4
20.45
20.45
20.4
20.4
20.45
20.4
20.4
20.4
20.4
20.4
20.45
20.4
20.3
20.25
20.25
20.25
20.25
20.25
20.25
20.2
20.2
20.2
20.2
20.2
20.2
20.2
19.68
19.68
19.68
19.94
19.9
19.94
19.92
19.88
19.88
19.88
19.84
19.84
19.86
19.9
19.92
20
20.1
20.05
20.1
20.1
20.1
20.1
20.15
20.15
20.15
20.15
20.15
20.15
20.15
20.15
20.15
20.15
20
20
19.96
20
20
20
20.05
20.05
20
20.1
20.1
20.1
20.05
20.05
20.1
20.15
20.2
20.2
20.3
20.35
20.35
20.35
20.35
20.4
20.4
20.4
20.35
20.35
20.4
20.35
20.3
20.4
20.4
20.4
20.4
20.4
20.4
20.4
20.35
20.35
20.35
20.4
20.4
20.4
20.45
20.4
20.4
20.4
20.4
20.4
20.45
20.45
20.4
20.4
20.45
20.4
20.4
20.4
20.4
20.4
20.4
20.4
20.4
20.4
20.4
20.4
20.4
20.4
20.4
20.4
20.4
20.4
20.4
20.4
20.4
20.4
20.4
20.4
20.4
20.4
20.4
20.4
20.4
20.4
20.4
20.4
20.4
20.4
20.4
20.4
20.4
20.4
20.4
20.4
20.4
20.4
20.4
20.4
20.4
20.4
20.4
20.4
20.4
20.35
20.35
20.35
20.4
20.35
20.35
20.4
20.4
20.4
20.4
20.35
20.35
20.4
20.25
20.2
20.15
20.2
20.25
20.1
20.1
20.15
20.25
20.3
20.3
20.3
20.2
20.15
20.1
20.1
20.05
20.1
20.15
20.1
20.1
20.1
20.1
20.05
20.05
20.05
20.1
20.05
20.1
20.1
20.1
19.68
19.68
19.58
19.54
19.52
19.56
19.52
19.3
19.34
19.34
19.36
19.34
19.46
19.46
19.4
18.92
18.88
18.88
18.9
18.9
18.88
18.8
18.8
18.76
18.8
18.76
18.78
18.78
18.78
18.78
18.8
18.78
18.78
18.78
18.78
18.78
18.74
18.68
18.58
18.46
18.76
18.8
18.76
18.76
18.74
18.7
18.7
18.7
18.7
18.7
18.72
18.68
18.6
18.62
18.68
18.64
18.7
18.74
18.68
18.74
18.74
18.74
18.74
18.72
19.02
19.02
19.02
19.02
19.02
19.02
19.02
19.02
19.02
19.02
19.02
19.02
19.02
19.02
19.02
19.02
19.02
19.02
19.02
19.02
19.02
19.02
19.02
19.02
19.02
19.02
19.02
19.02
18.36
18.36
18.36
18.36
18.34
18.34
18.34
18.3
18.32
18.38
18.4
18.38
18.36
18.32
18.32
18.3
18.34
18.34
18.34
18.36
18.34
18.34
18.34
18.36
18.38
18.38
18.38
18.38
18.4
18.4
18.4
18.4
18.4
18.4
18.42
18.4
18.38
18.38
18.38
18.38
18.36
18.36
18.36
18.34
18.36
18.32
18.32
18.32
18.32
18.32
18.34
18.34
18.32
18.32
18.34
18.34
18.36
18.38
18.38
18.36
18.32
18.3
18.28
18.28
18.3
18.3
18.3
18.3
18.3
18.3
18.3
18.3
18.32
18.32
18.4
18.42
18.42
18.42
18.42
18.42
18.42
18.42
18.42
18.36
18.36
18.36
18.36
18.36
18.38
18.34
18.34
18.34
18.34
18.36
18.38
18.38
18.38
18.4
18.4
18.4
18.38
18.4
18.4
18.4
18.44
18.48
18.5
18.48
18.46
18.46
18.46
18.48
18.48
18.44
18.44
18.44
18.5
18.52
18.52
18.5
18.48
18.5
18.5
18.52
18.52
18.52
18.52
18.64
18.68
18.74
18.78
18.68
18.66
18.66
18.64
18.64
18.64
18.7
18.72
18.74
18.66
18.64
18.64
18.6
18.6
18.6
18.6
18.58
18.6
18.6
18.6
18.62
17.78
17.78
17.76
17.8
17.76
17.8
17.8
17.86
17.86
17.84
17.82
17.82
17.84
17.84
17.84
17.84
17.84
17.8
17.78
17.78
17.74
17.74
17.76
17.82
17.82
17.82
17.82
17.88
17.88
17.92
17.94
17.94
17.94
17.96
17.96
17.94
17.94
17.92
17.9
17.9
17.9
17.9
17.9
17.88
17.88
17.88
17.8
17.8
17.8
17.78
17.74
17.74
17.72
17.72
17.72
17.72
17.72
17.74
17.74
17.74
17.78
17.78
17.78
17.8
17.8
17.84
17.82
17.78
17.78
17.78
17.78
17.78
17.78
17.78
17.78
17.78
17.76
17.7
17.7
17.7
17.7
17.7
17.7
17.7
17.7
17.7
17.7
17.7
17.7
17.7
17.7
17.7
17.7
17.7
17.7
17.7
17.7
17.7
17.7
17.7
17.7
17.7
17.7
17.7
17.7
17.7
17.7
17.7
17.7
17.7
17.7
17.7
17.7
17.74
17.74
17.74
17.74
17.78
17.78
17.74
17.74
17.74
17.74
17.74
17.8
17.8
17.82
17.84
17.82
17.82
