56.33
56.33
56.35
56.39
56.49
56.51
56.54
56.54
56.55
56.53
56.54
56.6
56.65
56.65
56.65
56.67
56.58
56.59
56.58
56.6
56.62
56.61
56.59
56.6
56.63
56.63
56.6
56.58
56.74
56.75
56.77
56.77
56.74
56.65
56.64
56.63
56.62
56.63
56.67
56.63
56.63
56.67
56.67
56.53
56.54
56.56
56.66
56.54
56.55
56.54
56.54
56.54
56.52
56.54
56.54
56.54
56.51
56.53
56.55
56.53
56.54
56.54
56.51
56.5
56.49
56.49
56.49
56.45
56.45
56.45
56.44
56.42
56.44
56.45
56.43
56.44
56.46
56.46
56.43
56.46
56.46
56.46
56.5
56.5
56.49
56.49
56.49
56.49
56.49
56.46
56.47
56.45
56.46
56.45
56.45
56.43
56.41
56.44
56.44
56.43
56.43
56.4
56.44
56.44
56.42
56.42
56.39
56.42
56.39
56.38
56.35
56.35
56.34
56.34
56.44
56.31
56.31
56.34
56.35
56.34
56.35
56.39
56.37
56.42
56.44
56.45
56.4
56.45
56.47
56.46
56.47
56.49
56.45
56.53
56.48
56.54
56.53
56.52
56.56
56.54
56.55
56.57
56.57
56.54
56.54
56.54
56.52
56.54
56.52
56.52
56.52
56.53
56.55
56.53
56.55
56.53
56.55
56.55
56.5
56.49
56.5
56.5
56.49
56.5
56.52
56.52
56.53
56.5
56.5
56.51
56.5
56.51
56.5
56.52
56.52
56.51
56.51
56.54
56.54
56.53
56.54
56.53
56.53
56.56
56.56
56.55
56.54
56.52
56.51
56.54
56.55
56.55
56.54
56.56
56.56
56.56
56.56
56.55
56.54
56.54
56.54
56.55
56.56
56.56
56.57
56.59
56.58
56.59
56.59
56.59
56.58
56.59
56.58
56.58
56.6
56.58
56.59
56.6
56.6
56.6
56.6
56.59
56.58
56.56
56.57
56.56
56.56
56.56
56.55
56.55
56.56
56.54
56.54
56.54
56.53
56.54
56.54
56.54
56.54
56.54
56.54
56.55
56.54
56.54
56.57
56.56
56.58
56.58
56.57
56.57
56.6
56.57
56.59
56.59
56.6
56.6
56.58
56.58
56.58
56.57
56.58
56.58
56.61
56.61
56.6
56.61
56.6
56.61
56.61
56.61
56.61
56.6
56.61
56.6
56.6
56.6
56.6
56.6
56.6
56.63
56.64
56.64
56.64
56.64
56.64
56.64
56.65
56.65
56.65
56.65
56.65
56.7
56.71
56.71
56.72
56.72
56.72
56.72
56.67
56.69
56.7
56.7
56.69
56.7
56.69
56.69
56.7
56.68
56.68
56.67
56.67
56.66
56.63
56.63
56.64
56.64
56.63
56.63
56.64
56.65
56.64
56.65
56.65
56.65
56.63
56.62
56.61
56.6
56.61
56.6
56.61
56.6
56.61
56.6
56.59
56.59
56.59
56.6
56.58
56.58
56.57
56.56
56.56
56.55
56.51
56.53
56.53
56.52
56.51
56.29
56.28
56.32
56.29
56.4
56.31
56.4
56.36
56.33
56.34
56.36
56.33
56.45
56.46
56.51
56.45
56.36
56.37
56.43
56.43
56.44
56.43
56.42
56.44
56.44
56.45
56.45
56.48
56.47
56.47
56.59
56.54
56.53
56.53
56.52
56.52
56.59
56.56
56.53
56.54
56.54
56.54
56.55
56.54
56.53
56.55
56.56
56.54
56.57
56.56
56.57
56.52
56.6
56.6
56.6
56.6
56.59
56.59
56.58
56.59
56.6
56.59
56.59
56.6
56.6
56.67
56.69
56.69
56.69
56.65
56.66
56.65
56.65
56.62
56.62
56.6
56.6
56.59
56.6
56.6
56.65
56.6
56.61
56.61
56.64
56.61
56.62
56.63
56.61
56.6
56.63
56.65
56.68
56.64
56.6
56.65
56.58
56.58
56.62
56.59
56.6
56.57
56.57
56.55
56.58
56.58
56.6
56.57
56.64
56.65
56.6
56.58
56.57
56.57
56.6
56.58
56.58
56.57
56.61
56.62
56.6
56.62
56.59
56.6
56.6
56.59
56.59
56.62
56.65
56.67
56.67
56.67
56.67
56.68
56.68
56.69
56.68
56.69
56.7
56.7
56.71
56.71
56.72
56.71
56.69
56.68
56.68
56.67
56.68
56.67
56.69
56.69
56.7
56.68
56.7
56.71
56.7
56.71
56.72
56.71
56.72
56.69
56.72
56.72
56.74
56.73
56.69
56.7
56.72
56.67
56.68
56.67
56.68
56.7
56.7
56.69
56.68
56.71
56.72
56.74
56.73
56.77
56.77
56.77
56.77
56.73
56.72
56.71
56.73
56.72
56.73
56.72
56.71
56.72
56.72
56.73
56.71
56.72
56.74
56.75
56.78
56.77
56.79
56.78
56.78
56.77
56.79
56.78
56.79
56.78
56.79
56.74
56.73
56.72
56.74
56.72
56.73
56.73
56.74
56.72
56.72
56.71
56.71
56.68
56.65
56.6
56.6
56.59
56.67
56.6
56.61
56.62
56.63
56.64
56.62
56.65
56.67
56.66
56.67
56.69
56.69
56.69
56.67
56.67
56.65
56.66
56.66
56.67
56.67
56.68
56.68
56.68
56.67
56.69
56.67
56.69
56.7
56.68
56.69
56.7
56.68
56.69
56.67
56.66
56.66
56.67
56.65
56.65
56.65
56.65
56.66
56.65
56.65
56.67
56.67
56.66
56.68
56.69
56.68
56.68
56.67
56.67
56.7
56.7
56.68
56.67
56.66
56.65
56.65
56.66
56.65
56.65
56.65
56.64
56.63
56.63
56.65
56.63
56.65
56.64
56.65
56.66
56.65
56.7
56.7
56.69
56.68
56.68
56.67
56.68
56.67
56.68
56.67
56.67
56.67
56.67
56.66
56.68
56.68
56.67
56.7
56.69
56.68
56.68
56.69
56.69
56.68
56.67
56.67
56.69
56.66
56.66
56.64
56.65
56.64
56.63
56.64
56.62
56.62
56.63
56.61
56.6
56.57
56.58
56.57
56.61
56.53
56.53
56.52
56.51
56.5
56.53
56.66
56.66
56.66
56.65
56.62
56.62
56.61
56.65
56.58
56.63
56.5
56.49
56.43
56.45
56.44
56.4
56.4
56.46
56.4
56.38
56.37
56.37
56.36
56.39
56.36
56.34
56.34
56.33
56.36
56.35
56.35
56.35
56.34
56.36
56.4
56.37
56.47
56.46
56.35
56.35
56.45
56.4
56.4
56.59
56.59
56.62
56.56
56.64
56.65
56.66
56.65
56.63
56.64
56.64
56.6
56.64
56.64
56.64
56.58
56.61
56.58
56.58
56.62
56.62
56.64
56.63
56.64
56.65
56.62
56.65
56.64
56.64
56.64
56.64
56.61
56.64
56.64
56.64
56.67
56.68
56.68
56.68
56.71
56.71
56.7
56.69
56.67
56.71
56.66
56.68
56.65
56.66
56.67
56.68
56.65
56.64
56.64
56.63
56.63
56.64
56.63
56.61
56.62
56.63
56.61
56.65
56.6
56.6
56.58
56.57
56.59
56.58
56.58
56.57
56.57
56.59
56.57
56.58
56.59
56.6
56.6
56.6
56.6
56.58
56.59
56.59
56.57
56.57
56.57
56.57
56.54
56.56
56.56
56.58
56.57
56.57
56.57
56.59
56.58
56.61
56.58
56.57
56.54
56.53
56.53
56.51
56.45
56.49
56.4
56.46
56.43
56.48
56.49
56.51
56.5
56.46
56.49
56.49
56.47
56.47
56.46
56.45
56.42
56.39
56.37
56.38
56.4
56.37
56.38
56.32
56.31
56.39
56.39
56.44
56.4
56.38
56.37
56.33
56.36
56.35
56.32
56.29
56.35
56.32
56.31
56.34
56.34
56.34
56.35
56.34
56.31
56.35
56.35
56.33
56.36
56.34
56.34
56.38
56.37
56.38
56.37
56.37
56.4
56.42
56.42
56.46
56.49
56.47
56.49
56.48
56.45
56.46
56.41
56.46
56.39
56.45
56.38
56.4
56.4
56.39
56.41
56.4
56.39
56.38
56.39
56.5
56.51
56.5
56.52
56.5
56.48
56.51
56.45
56.44
56.44
56.39
56.39
56.39
56.42
56.42
56.44
56.45
56.45
56.44
56.45
56.45
56.44
56.38
56.4
56.38
56.36
56.36
56.38
56.35
56.3
56.25
56.3
56.27
56.26
56.21
56.26
56.27
56.25
56.25
56.29
56.3
56.28
56.29
56.29
56.26
56.28
56.29
56.29
56.28
56.27
56.25
56.27
56.27
56.2
56.18
56.15
56.18
56.18
56.24
56.2
56.2
56.22
56.22
56.25
56.25
56.26
56.24
56.29
56.25
56.26
56.28
56.27
56.28
56.24
56.26
56.21
56.24
56.23
56.18
56.21
56.2
56.22
56.18
56.19
56.23
56.24
56.27
56.27
56.27
56.28
56.3
56.28
56.35
56.36
56.3
56.28
56.33
56.3
56.26
56.25
56.24
56.19
56.19
56.19
56.13
56.16
56.07
56.08
56.06
56.06
56.04
56
55.99
55.98
56.02
56.04
56.06
56.08
56.49
56.29
56.31
56.26
56.17
56.22
56.2
56.19
56.15
56.19
56.22
56.25
56.24
56.2
56.23
56.26
56.28
56.32
56.27
56.24
56.24
56.23
56.21
56.29
56.29
56.28
56.26
56.28
56.25
56.33
56.27
56.33
56.36
56.36
56.3
56.28
56.28
56.24
56.26
56.25
56.26
56.28
56.25
56.25
56.25
56.28
56.28
56.27
56.25
56.27
56.29
56.3
56.28
56.28
56.16
56.13
56.13
56.02
56.01
56.12
56.01
56.01
56.06
55.98
55.96
55.95
55.96
55.99
55.98
56.02
55.98
55.96
55.94
55.94
55.97
55.94
55.93
55.95
55.89
55.97
55.95
55.95
55.95
55.95
55.95
55.92
55.94
55.91
55.83
55.81
55.85
55.84
55.81
55.88
55.86
55.86
55.88
55.88
55.87
55.85
55.86
55.87
55.86
55.88
55.91
55.89
55.89
55.91
55.92
55.97
55.97
55.95
55.95
55.92
55.93
55.97
55.94
55.92
55.92
55.97
55.89
55.88
55.87
55.87
55.87
55.87
55.87
55.84
55.84
55.88
55.88
55.91
55.89
55.87
55.89
55.9
55.95
56
56.01
56.03
55.98
56.02
56.03
56.05
56.02
56.06
56.07
56.04
56.04
56.06
55.8
55.79
55.8
55.79
55.8
55.84
55.84
55.9
55.9
55.92
55.93
55.92
55.92
55.93
55.93
55.95
55.96
55.93
55.93
55.93
55.99
55.99
55.99
56.04
56.04
56.01
55.99
55.99
55.99
56.01
56.01
56.01
56.01
56.03
56.01
56.04
56.01
56.02
56.06
56.06
56.04
56.02
56.03
56.05
56.06
56.05
56.05
56.04
56.03
56.03
56.05
56.04
56.11
56.04
56.03
56.05
56.13
56.12
56.1
56.04
56.09
56.05
56.01
56.01
56
56.03
56.03
56.05
56.05
56.03
55.96
55.96
56.03
56.05
55.99
55.99
56.01
55.99
55.99
56
56.06
56.04
56.07
56.07
56.1
56.12
56.11
56.05
56.1
56.08
56.12
56.1
56.07
56.13
56.13
56.13
56.13
56.12
56.11
56.13
56.15
56.17
56.16
56.21
56.2
56.2
56.2
56.21
56.22
56.21
56.17
56.15
56.17
56.19
56.18
56.17
56.15
56.13
