80.99
81.46
81.74
81.39
81.53
81.51
81.44
81.47
81.5
81.5
81.71
81.71
81.73
81.73
81.73
81.82
81.7
81.93
81.93
81.92
81.9
81.9
81.9
81.92
81.79
81.79
81.94
81.94
81.94
82
82
82
81.87
81.85
81.99
81.99
82
81.86
81.86
81.73
81.73
81.9
81.9
82.07
82.07
81.91
81.91
82.05
82.05
82.05
82.05
81.95
82.08
82.08
82.08
82.07
82.07
82.14
82.22
82.11
82.11
82.11
82.15
82.11
82.11
82.11
82.07
82.12
82.12
82.12
82.25
82.25
82.13
82.13
82.13
82.13
82.13
82.13
82.11
82.16
82.16
82.27
82.29
82.29
82.29
82.34
82.34
82.34
82.34
82.15
82.24
82.2
82.2
82.2
82.2
82.2
82.2
82.2
82.11
82.11
82.05
82.03
82.1
82.1
82.05
82.05
82.05
82.05
82.05
82.05
82.05
82.05
81.95
82.02
82.02
82.02
82.02
82.09
81.96
81.96
81.96
81.96
81.96
81.96
81.89
81.89
81.95
81.95
81.84
81.84
81.84
81.84
81.84
81.84
81.94
81.94
81.89
81.89
81.89
81.89
81.89
81.99
81.99
81.99
82
82
82.07
82.07
82.07
82.07
82.07
81.96
81.96
81.97
81.95
81.95
81.95
81.95
81.93
81.93
81.93
81.93
81.93
81.93
81.93
81.88
81.95
81.95
81.95
81.91
81.91
81.91
81.91
81.94
81.87
81.92
81.92
81.92
81.92
81.92
81.99
81.99
81.99
81.99
81.99
81.94
81.88
81.88
81.88
81.94
81.96
81.96
81.96
82.03
82.03
82.05
82.05
82.07
82.07
82.03
82.03
82.03
82.03
82.06
82.02
82.1
82.1
82.18
82.14
82.08
82.08
82.08
82.08
82.08
81.97
81.97
81.97
81.97
81.97
81.97
82.02
81.95
81.95
81.95
81.95
81.95
81.95
81.95
81.95
81.95
81.84
81.84
81.81
81.79
81.79
81.89
81.81
81.81
81.81
81.81
81.81
81.81
81.81
81.81
81.83
81.83
81.83
81.83
81.81
81.74
81.77
81.77
81.73
81.73
81.73
81.79
81.79
81.79
81.79
81.72
81.72
81.78
81.78
81.78
81.84
81.84
81.84
81.84
81.84
81.84
81.84
81.84
81.92
81.84
81.84
81.84
81.84
81.84
81.75
81.75
81.75
81.75
81.84
81.84
81.84
81.84
81.84
81.84
81.84
81.84
81.84
81.88
81.88
81.88
81.88
81.87
81.91
81.86
81.86
81.88
81.95
81.93
81.93
81.93
81.88
81.91
81.9
81.89
81.89
81.87
81.87
81.87
81.88
81.88
81.88
81.88
81.91
81.88
81.88
81.88
81.91
81.87
81.87
81.87
81.88
81.88
81.88
81.88
81.88
81.87
81.95
81.95
81.95
81.95
81.81
81.81
81.82
81.82
81.87
81.87
81.89
81.89
81.84
81.78
81.88
81.88
81.83
81.84
81.85
81.29
81.29
81.29
81.29
81.29
81.54
81.54
81.54
81.35
81.51
81.51
81.36
81.59
81.59
81.68
81.68
81.6
81.67
81.53
81.53
81.82
81.77
81.83
81.78
81.82
81.87
82.04
81.91
81.91
81.91
81.91
81.91
81.91
81.91
82.07
82.03
82.04
81.97
81.97
82
81.98
81.95
81.94
81.94
81.94
81.94
81.95
81.95
81.95
81.95
81.95
81.95
81.95
81.95
81.9
81.9
81.9
81.84
81.84
81.84
81.89
81.89
81.92
81.92
81.96
81.96
81.88
81.88
82.01
82.01
82.01
82.01
82.01
82.01
81.86
81.88
81.88
81.79
81.79
81.79
81.79
81.79
81.79
81.79
81.79
81.79
81.74
81.74
81.74
81.74
81.74
81.96
82.03
82.08
82.08
82.08
82.08
82.08
82.02
82.02
82.02
81.97
81.97
81.97
81.97
81.97
81.97
81.97
81.97
81.85
81.85
81.85
81.85
81.85
81.85
81.85
81.85
81.86
81.86
81.87
81.93
81.84
81.94
81.94
81.94
81.94
81.94
81.84
81.84
81.91
81.91
81.91
81.95
81.95
81.95
81.95
81.96
81.96
81.96
81.96
81.96
81.96
81.89
81.89
81.89
81.89
81.89
81.89
81.89
81.89
81.89
81.89
81.89
81.89
81.9
81.9
81.9
81.9
81.9
81.87
81.87
81.87
81.83
81.83
81.83
81.84
81.84
81.87
81.83
81.8
81.8
81.8
81.8
81.81
81.81
81.85
81.82
81.85
81.89
81.89
81.89
81.89
81.79
81.79
81.79
81.8
81.8
81.75
81.75
81.75
81.75
81.75
81.75
81.75
81.75
81.75
81.75
81.7
81.75
81.72
81.72
81.72
81.72
81.72
81.72
81.72
81.78
81.81
81.81
81.82
81.81
81.78
81.78
81.72
81.72
81.72
81.72
81.72
81.72
81.68
81.68
81.68
81.76
81.67
81.67
81.52
81.52
81.52
81.52
81.57
81.57
81.58
81.71
81.71
81.71
81.71
81.71
81.67
81.67
81.67
81.67
81.7
81.7
81.58
81.62
81.62
81.57
81.64
81.61
81.61
81.58
81.58
81.58
81.58
81.58
81.58
81.58
81.58
81.58
81.58
81.58
81.58
81.58
81.58
81.58
81.71
81.71
81.71
81.69
81.68
81.68
81.68
81.68
81.68
81.75
81.75
81.75
81.75
81.75
81.88
81.88
81.88
81.88
81.88
81.87
81.87
81.89
81.89
81.89
81.89
81.89
81.89
81.89
81.8
81.8
81.8
81.8
81.74
81.74
81.74
81.74
81.68
81.74
81.73
81.73
81.73
81.73
81.73
81.73
81.73
81.73
81.62
81.62
81.7
81.67
81.67
81.67
81.67
81.67
81.78
81.78
81.78
81.79
81.79
81.79
81.68
81.68
81.68
81.68
81.7
81.7
81.7
81.71
81.73
81.79
81.64
81.64
81.64
81.64
81.64
81.64
81.64
81.59
81.59
81.59
81.66
81.63
81.64
81.61
81.54
81.57
81.55
30.81
30.84
30.9
30.91
30.9
30.85
30.87
30.87
30.88
30.84
30.9
30.81
30.92
30.86
30.78
30.8
30.8
30.8
30.83
30.88
30.81
30.81
30.82
30.82
30.78
30.77
30.8
30.8
30.86
30.89
30.89
30.88
30.86
30.84
30.88
30.83
30.83
30.86
30.86
30.84
30.86
30.85
30.85
30.83
30.88
30.88
30.96
30.92
30.9
30.94
30.98
30.91
30.91
30.91
30.89
30.96
30.89
30.99
30.99
30.99
30.97
30.97
31.01
31.01
31.01
31.01
31.07
31.11
30.95
31.04
31.04
31.06
31.07
31.11
31.07
31.1
31.1
31.09
31.09
31.09
31.1
31.1
31.1
31.1
31.09
31.1
31.09
31.09
31.09
31.09
31.1
31.09
31.09
31.09
31.09
31.07
31.05
31.06
31.03
31.02
31.02
31.01
30.99
31.02
30.94
30.94
30.9
30.9
30.88
30.87
30.87
30.87
30.88
30.88
30.88
30.84
30.85
30.91
30.87
30.85
30.85
30.86
30.84
30.81
30.78
30.78
30.74
30.77
30.77
30.77
30.78
30.78
30.74
30.78
30.74
30.75
30.78
30.75
30.79
30.75
30.79
30.78
30.79
30.79
30.77
30.78
30.68
30.68
30.71
30.66
30.7
30.66
30.67
30.67
30.67
30.66
30.66
30.66
30.67
30.66
30.66
30.67
30.64
30.62
30.6
30.61
30.55
30.55
30.5
30.59
30.56
30.55
30.53
30.53
30.49
30.43
30.27
30.35
30.27
30.27
30.19
30.17
30.13
30.09
30.06
30.01
30.02
30.11
30.19
30.24
30.24
30.2
30.27
30.3
30.29
30.32
30.32
30.4
30.4
30.39
30.43
30.43
30.45
30.5
30.5
30.52
30.52
30.52
30.49
30.5
30.48
30.49
30.52
30.52
30.52
30.5
30.5
30.51
30.55
30.55
30.61
30.59
30.59
30.58
30.58
30.71
30.73
30.73
30.78
30.76
30.78
30.8
30.64
30.67
30.67
30.69
30.66
30.67
30.71
30.68
30.68
30.71
30.79
30.8
30.84
30.77
30.76
30.8
30.83
30.83
30.83
30.83
30.86
30.82
30.8
30.8
30.73
30.8
30.82
30.79
30.81
30.8
30.81
30.81
30.83
30.82
30.84
30.82
30.82
30.83
30.76
30.76
30.82
30.82
30.72
30.69
30.67
30.51
30.67
30.67
30.51
30.53
30.53
30.57
30.57
30.56
30.57
30.56
30.56
30.58
30.58
30.59
30.55
30.56
30.53
30.53
30.54
30.56
30.54
30.54
30.48
30.5
30.49
30.51
30.52
30.49
30.53
30.52
30.57
30.57
30.58
30.55
30.58
30.56
30.59
30.57
30.55
30.55
30.54
30.54
30.51
30.58
30.48
30.54
30.55
30.54
30.5
30.49
30.54
30.57
30.58
30.43
30.56
30.45
30.49
30.41
30.36
30.45
30.4
30.42
30.4
30.38
30.37
81.15
81.15
81.15
81.15
80.92
80.92
81.08
80.54
80.55
80.55
80.73
80.73
80.73
80.73
80.73
80.78
80.34
80.34
80.34
80.85
80.85
80.58
80.58
80.47
80.74
80.74
80.74
80.74
80.74
80.74
80.38
80.38
80.38
80.5
80.25
80.25
80.51
80.24
80.1
80.1
80.1
80.1
80.01
80.01
80.01
80
80
80.19
80.19
80.19
80.19
80.19
80.14
80.14
80
80
80
80
80
79.6
79.6
79.6
79.4
79.39
79.54
79.54
79.54
79.54
79.54
79.54
79.65
79.46
79.46
79.46
79.35
79.35
79.6
79.6
79.55
79.52
79.5
79.5
79.5
79.43
79.43
79.26
79.26
79.29
79.29
79.29
79.29
79.29
79.29
79.25
79.25
79.25
79.25
79.25
79.15
79.15
79.15
79.15
79.32
79.3
79.38
79.38
79.38
79.38
79.38
79.38
79.38
79.33
79.33
79.33
79.31
79.1
79.17
79.17
79.51
79.16
79.16
79.22
79.22
79.22
79.22
79.06
79.06
79.06
79.06
79.06
79.06
79.14
79.14
79.14
79.18
79.2
79.2
79.24
79.24
79.21
79.2
79.2
79.24
79.27
79.27
79.46
79.46
79.46
79.46
79.31
78.73
78.85
78.85
78.85
78.85
78.85
78.8
79.01
79.01
79.01
79.01
78.99
78.99
78.99
78.9
78.9
78.89
79.05
79.05
79.05
79
79
79
79
79.27
79.27
79.27
79.27
79.27
79.27
79.27
79.25
79.25
79.17
79.21
79.4
79.4
79.23
79.43
79.46
79.47
79.47
79.46
79.46
79.38
79.42
79.61
79.61
79.61
79.61
79.69
79.69
79.69
79.69
79.69
79.74
79.74
79.74
79.74
79.61
79.58
79.63
79.63
79.6
79.6
79.63
79.63
79.63
79.66
79.66
79.57
79.58
79.61
79.43
79.43
79.43
79.59
79.59
79.59
79.59
79.68
79.68
79.68
79.61
79.61
79.76
79.76
79.69
79.69
79.69
79.78
79.78
79.78
79.76
79.76
79.76
79.81
79.81
79.81
79.76
79.76
79.89
79.89
79.76
79.97
79.93
79.93
79.99
79.99
79.99
79.98
80.04
79.96
80.02
80.02
79.96
79.9
79.89
