35.66
35.66
35.72
35.72
35.67
35.75
35.7
35.71
35.63
35.66
35.77
35.75
35.81
35.78
35.78
35.75
35.85
35.8
35.8
35.79
35.79
35.83
35.8
35.94
35.93
35.93
35.9
35.91
35.91
35.89
35.9
35.9
35.94
35.83
35.83
35.81
35.75
35.76
35.77
35.75
35.76
35.77
35.77
35.79
35.73
35.75
35.75
35.71
35.71
35.72
35.73
35.71
35.72
35.72
35.72
35.72
35.72
35.72
35.71
35.7
35.7
35.7
35.68
35.68
35.75
35.77
35.77
35.78
35.78
35.8
35.8
35.78
35.86
35.87
35.87
35.9
35.85
35.9
35.86
35.88
35.88
35.91
35.91
35.91
35.91
35.95
35.97
35.97
35.98
36.01
36.03
36.03
36.11
36.08
36.08
36.06
36.12
36.07
36.12
36.13
36.19
36.19
36.16
36.15
36.13
36.13
36.07
36.15
36.09
36.03
36
35.95
35.9
35.93
35.88
35.88
35.88
35.89
35.83
35.89
35.95
35.95
35.95
35.95
35.92
35.92
35.89
35.85
35.85
35.84
35.8
35.85
35.77
35.81
35.76
35.77
35.78
35.78
35.79
35.79
35.79
35.79
35.79
35.78
35.78
35.78
35.78
35.78
35.79
35.78
35.83
35.79
35.79
35.93
35.82
35.9
35.86
35.86
35.78
35.76
35.76
35.76
35.74
35.74
35.73
35.74
35.74
35.83
35.83
35.81
35.84
35.83
35.82
35.82
35.8
35.76
35.74
35.74
35.75
35.74
35.69
35.73
35.68
35.68
35.68
35.69
35.67
35.69
35.69
35.7
35.68
35.68
35.68
35.68
35.68
35.67
35.67
35.63
35.65
35.65
35.65
35.65
35.62
35.6
35.6
35.61
35.61
35.64
35.66
35.64
35.65
35.63
35.61
35.67
35.67
35.67
35.68
35.7
35.69
35.68
35.68
35.68
35.67
35.68
35.67
35.7
35.69
35.68
35.67
35.67
35.66
35.62
35.57
35.6
35.59
35.59
35.61
35.6
35.62
35.6
35.61
35.61
35.7
35.64
35.74
35.73
35.76
35.76
35.76
35.75
35.75
35.75
35.76
35.78
35.79
35.75
35.81
35.82
35.79
35.79
35.82
35.83
35.86
35.86
35.89
35.88
35.85
35.91
35.92
35.88
35.94
35.98
35.95
35.97
35.97
35.99
35.99
36.01
36.03
36.04
36.04
36.05
36.09
36.09
36.1
36.08
36.11
36.11
36.12
36.12
36.12
36
36.13
36.16
36.15
36.16
36.16
36.17
36.14
36.14
36.18
36.19
36.19
36.19
36.22
36.24
36.23
36.22
36.22
36.24
36.23
36.25
36.25
36.25
36.3
36.3
36.28
36.31
36.31
36.33
36.33
36.32
36.32
36.32
36.33
36.32
36.31
36.31
36.34
36.38
36.39
36.37
36.37
36.31
36.33
36.33
36.38
36.38
36.37
36.37
36.37
36.34
36.34
36.35
36.33
36.32
36.35
36.33
36.34
36.3
36.19
36.38
36.39
36.4
36.41
36.4
36.35
36.35
36.42
36.4
36.4
36.3
36.29
36.29
36.26
36.26
36.35
36.32
36.26
36.28
36.28
36.25
36.26
36.24
36.24
36.28
36.38
36.39
36.35
36.38
36.37
36.37
36.36
36.38
36.35
36.4
36.41
36.38
36.38
36.39
36.43
36.4
36.4
36.38
36.39
36.38
36.38
36.38
36.35
36.32
36.35
36.35
36.37
36.35
36.33
36.35
36.31
36.31
36.31
36.28
36.3
36.29
36.31
36.37
36.34
36.41
36.43
36.33
36.42
36.4
36.43
36.46
36.43
36.45
36.42
36.47
36.46
36.43
36.46
36.4
36.43
36.41
36.38
36.41
36.4
36.38
36.39
36.38
36.39
36.38
36.34
36.38
36.37
36.37
36.41
36.41
36.36
36.4
36.37
36.39
36.39
36.38
36.38
36.38
36.4
36.35
36.37
36.38
36.38
36.37
36.34
36.35
36.37
36.36
36.36
36.36
36.38
36.36
36.38
36.38
36.38
36.36
36.34
36.34
36.37
36.37
36.34
36.34
36.35
36.33
36.35
36.34
36.33
36.34
36.35
36.37
36.33
36.39
36.39
36.4
36.42
36.4
36.43
36.42
36.38
36.4
36.4
36.4
36.43
36.43
36.42
36.46
36.45
36.46
36.43
36.47
36.47
36.46
36.46
36.47
36.5
36.48
36.5
36.49
36.49
36.47
36.51
36.51
36.47
36.49
36.51
36.53
36.49
36.51
36.51
36.51
36.51
36.51
36.51
36.51
36.49
36.48
36.48
36.5
36.52
36.51
36.51
36.52
36.56
36.56
36.57
36.59
36.61
36.59
36.6
36.6
36.61
36.63
36.64
36.66
36.67
36.65
36.66
36.66
36.67
36.67
36.67
36.68
36.64
36.7
36.69
36.68
36.71
36.67
36.7
36.73
36.7
36.7
36.69
36.7
36.69
36.69
36.72
36.76
36.74
36.74
36.69
36.74
36.73
36.75
36.77
36.8
36.81
36.81
36.83
36.83
36.85
36.85
36.86
36.85
36.88
36.88
36.85
36.85
36.86
36.85
36.84
36.84
36.84
36.85
36.85
36.85
36.84
36.82
36.81
36.83
36.83
36.86
36.87
36.86
36.88
36.89
36.89
36.9
36.86
36.9
36.86
36.86
36.85
36.84
36.9
36.86
36.87
36.88
36.88
36.81
36.8
36.8
36.78
36.77
36.76
36.77
36.78
36.77
36.76
36.77
36.76
36.76
36.74
36.73
36.72
36.71
36.71
36.71
36.74
36.73
36.7
36.73
36.76
36.8
36.73
36.81
36.83
36.82
36.84
36.84
36.83
36.83
36.84
36.84
36.86
36.82
36.82
36.87
36.81
36.82
36.84
36.81
36.82
36.8
36.81
36.8
36.81
36.81
36.81
36.8
36.8
36.8
36.8
36.81
36.81
36.81
36.8
36.77
36.75
36.75
36.73
36.73
36.67
36.67
36.74
36.64
36.66
36.65
36.67
36.66
36.67
36.68
36.67
36.65
36.63
36.38
36.45
36.44
36.42
36.47
36.35
36.26
36.24
36.43
36.35
36.4
36.45
36.48
36.42
36.45
36.42
36.48
36.39
36.54
36.57
36.57
36.57
36.68
36.67
36.74
36.74
36.79
36.83
36.75
36.78
36.78
36.78
36.76
36.74
36.71
36.76
36.82
36.75
36.76
36.74
36.75
36.73
36.73
36.81
36.76
36.8
36.82
36.78
36.76
36.75
36.77
36.76
36.9
36.9
36.93
36.96
36.86
36.98
36.95
36.94
36.95
36.95
36.92
36.93
36.9
36.91
36.91
36.94
36.91
36.94
36.94
36.89
36.88
36.89
36.94
36.93
36.93
36.9
36.88
36.9
36.88
36.88
36.87
36.83
36.85
36.93
36.91
36.91
36.84
36.84
36.87
36.86
36.83
36.83
36.8
36.81
36.78
36.78
36.83
36.87
36.87
36.87
36.91
36.96
36.87
36.87
36.98
36.98
36.98
37
37.07
37.11
37.09
37.09
37.09
37
37.09
36.99
36.99
37.01
36.99
36.99
36.98
36.99
37.03
36.98
36.98
36.98
36.98
36.98
37.01
37.03
37.02
37.03
37.07
37.08
37.07
37.1
37.08
37.09
37.05
37.08
37.09
37.05
37.02
37.01
37
37.02
37
37.06
36.97
37.08
37.1
37.02
37.07
37.07
37.1
37.06
37.11
37.11
37.08
37.06
37.06
37.05
37.05
37.11
37.11
37.04
37.08
37.07
37.06
37.15
37.09
37.13
37.12
37.08
37.08
37.08
37.05
37.05
37.07
37.06
37.09
37.14
37.15
37.17
37.15
37.13
37.12
37.09
37.12
37.13
37.14
37.15
37.12
37.1
37.1
37.14
37.1
37.14
37.11
37.11
37.07
37.12
37.12
37.16
37.14
37.16
37.14
37.03
37.09
37.08
37.07
37.05
37.01
37.05
37.07
37.05
36.99
36.97
36.97
36.99
37.02
37.02
37.02
36.93
36.95
36.97
36.96
36.91
36.96
36.94
36.94
36.94
36.94
36.87
36.86
36.86
36.82
36.85
36.84
36.82
36.73
36.73
36.7
36.74
36.71
36.65
36.66
36.66
36.64
36.63
36.62
36.64
36.65
36.57
36.58
36.58
36.56
36.57
36.6
36.58
36.62
36.65
36.68
36.68
36.69
36.66
36.65
36.65
36.64
36.61
36.62
36.66
36.59
36.56
36.57
36.52
36.47
36.62
36.43
36.41
36.46
36.5
36.49
36.49
36.49
36.49
36.48
36.46
36.46
36.46
36.46
36.48
36.48
36.47
36.47
36.48
36.49
36.5
36.5
36.42
36.39
36.39
36.44
36.38
36.35
36.35
36.39
36.42
36.45
36.51
36.49
36.49
36.5
36.5
36.49
36.4
36.39
36.36
36.37
36.38
36.33
36.29
36.27
36.36
36.26
36.2
36.19
36.37
36.12
36.09
36.08
36.07
36.08
36.06
36.06
36.05
36.02
36.06
36.05
36.1
36.06
36.33
36.18
36.18
36.2
36.14
36.12
36.08
36.19
36.14
36.2
36.12
36.11
36.17
36.14
36.07
36.1
36.07
36.07
36.03
36.12
36.12
36.12
36.21
36.38
36.43
36.31
36.17
36.27
36.27
36.27
36.32
36.32
36.25
36.25
36.2
36.12
36.27
36.24
36.26
36.29
36.29
36.31
36.4
36.4
36.4
36.31
36.31
36.53
36.52
36.41
36.41
36.46
36.35
36.36
36.23
36.21
36.19
36.21
36.17
36.2
36.22
36.22
36.23
36.31
36.19
36.28
36.14
36.14
36.29
36.2
36.25
36.31
36.31
36.31
36.25
36.25
36.22
36.18
36.11
36.32
36.15
36.25
36.25
36.2
36.22
36.28
36.4
36.41
36.29
36.37
36.27
36.27
36.33
36.42
36.46
36.46
36.58
36.6
36.55
36.56
36.3
36.5
36.6
36.7
36.66
36.67
36.67
36.73
36.59
36.54
36.49
36.57
36.57
36.63
36.62
36.47
36.49
36.49
36.53
36.51
36.41
36.42
36.42
36.47
36.47
36.55
36.56
36.6
36.64
36.49
36.49
36.66
36.53
36.68
36.7
36.73
36.67
36.66
36.64
36.65
36.63
36.64
36.57
36.58
36.66
36.6
36.6
36.57
36.58
36.5
36.79
36.72
36.72
36.72
36.74
36.66
36.64
36.63
36.62
36.63
36.62
36.62
36.58
36.61
36.62
36.62
36.59
36.6
36.61
36.57
36.59
36.59
36.59
36.59
36.5
36.4
36.46
36.46
36.46
36.51
36.51
36.51
36.55
36.53
36.53
36.55
36.55
36.43
36.44
36.44
36.52
36.46
36.49
36.52
36.45
36.51
36.5
36.48
36.47
36.47
36.56
36.59
36.57
36.48
36.6
36.61
36.63
36.63
36.58
36.55
36.55
36.57
36.54
36.6
36.55
36.59
36.56
36.57
36.56
36.56
36.6
36.6
36.55
36.55
36.62
36.62
36.64
36.61
36.61
36.62
36.56
36.58
36.66
36.6
36.66
36.63
36.63
36.66
36.63
36.63
36.67
36.67
36.63
36.65
36.63
36.63
36.64
36.69
36.69
36.67
36.71
36.72
36.72
36.83
36.74
36.79
36.83
36.71
36.85
36.85
36.81
36.84
36.8
36.82
36.84
36.82
36.85
36.84
