61.49
60.5
60.84
61
60.42
60.2
60.6
60.6
60.45
60.72
60.54
60.45
60.36
60.35
60.51
60.5
60.52
60.54
60.56
60.68
60.59
60.6
60.31
60.51
60.6
60.53
60.66
60.63
60.7
60.61
60.61
60.61
60.64
60.49
60.68
60.68
60.64
60.52
60.44
60.38
60.5
60.34
60.41
60.33
60.44
60.47
60.51
60.63
60.59
60.54
60.62
60.67
60.65
60.69
60.74
60.67
60.52
60.52
60.47
60.4
60.74
60.53
60.7
60.42
60.38
60.28
60.2
60
60.09
59.99
59.87
60
60.09
60.06
59.98
60.01
59.97
60.03
60.11
60.07
60.01
60.01
59.99
60.01
59.99
60.01
60
60.01
60.04
60.01
59.99
60.03
59.91
60.01
60.01
59.9
59.87
59.86
59.92
59.71
59.74
59.7
59.72
59.74
59.68
59.73
59.79
59.86
59.93
59.93
59.98
60.08
60.03
60.03
60.24
60.37
60.37
60.32
60.33
60.31
60.28
60.4
60.37
60.21
60.12
60.21
60.21
60.1
60.1
60.04
60.12
60.17
60.17
60.1
60.1
60.14
60.2
59.92
59.94
59.94
59.78
59.8
59.78
59.67
59.57
59.57
59.41
59.21
59.49
59.35
59.31
59.51
59.33
59.31
59.37
59.5
59.5
59.5
59.26
59.28
59.37
59.37
59.62
59.55
59.55
59.81
59.55
59.67
59.67
59.41
59.47
59.43
59.43
59.34
59.39
59.44
59.59
59.6
59.59
59.59
59.62
59.55
59.53
59.53
59.43
59.41
59.41
59.47
59.39
59.59
59.48
59.53
59.61
59.62
59.58
59.46
59.56
59.47
59.37
59.38
59.44
59.44
59.54
59.66
59.59
59.68
59.65
59.62
59.63
59.67
59.67
59.67
59.63
59.58
59.67
59.97
59.97
59.87
59.78
59.78
59.63
59.58
59.5
59.62
59.53
59.53
59.73
59.78
59.69
59.77
59.6
59.38
59.26
59.26
59.21
59.12
59.12
59.16
59.09
59.16
59.12
59.24
59.19
59.1
59.4
59.53
59.54
59.57
59.45
59.49
59.58
59.58
59.62
59.61
59.75
59.81
59.61
59.64
59.8
59.86
59.89
59.95
60
60
60.21
60.15
60.19
60.19
60.17
60.16
60.24
60.28
60.33
60.19
60.24
60.23
60.31
60.35
60.36
60.38
60.38
60.37
60.35
60.35
60.39
60.37
60.36
60.39
60.38
60.36
60.39
60.35
60.35
60.35
60.36
60.39
60.39
60.37
60.36
60.35
60.36
60.38
60.38
60.26
60.23
60.19
60.24
60.24
60.24
60.31
60.29
60.28
60.27
60.27
60.29
60.27
60.17
60.27
60.27
60.26
60.33
60.33
60.25
60.32
60.32
60.37
60.33
60.35
60.37
60.37
60.38
60.4
60.34
60.37
60.4
60.36
60.4
60.4
60.39
60.36
60.38
60.4
60.4
60.36
60.32
60.44
60.31
60.4
60.39
60.65
60.5
60.54
60.54
60.5
60.49
60.29
60.5
60.47
60.5
60.43
60.3
60.29
60.43
60.43
60.43
60.43
59.64
60.22
59.03
59.13
60.25
59.13
59.12
59.26
59.26
59.18
59.36
59.23
59.26
59.27
59.32
59.42
59.45
59.47
59.5
59.28
59.35
59.35
59.16
59.18
59.17
59.34
59.22
59.61
59.61
59.43
59.69
59.61
59.6
59.57
59.64
59.69
59.64
59.63
59.7
59.7
59.92
59.9
59.92
59.77
59.77
59.85
59.9
60
59.89
60.16
60.29
60.26
60.31
60.22
60.17
60.14
60.24
60.24
60.14
60.08
60.01
60.08
59.68
59.76
59.87
59.67
59.69
59.68
59.67
59.71
59.65
59.66
59.8
59.8
59.81
59.6
59.48
59.79
59.51
59.78
59.63
59.48
59.17
59.17
59.32
59.32
59.39
59.37
59.34
59.59
59.56
59.48
59.69
59.67
59.5
59.5
59.58
59.65
59.68
59.61
59.56
59.54
59.51
59.45
59.48
59.42
59.42
59.49
59.4
59.42
59.42
59.3
59.19
59.13
59.13
59.24
59.24
59.25
59.26
59.24
59.29
59.28
59.22
59.35
59.38
59.51
59.51
59.51
59.51
59.51
59.47
59.42
59.46
59.46
59.36
59.32
59.28
59.22
59.35
59.26
59.28
59.27
59.33
59.36
59.38
59.38
59.3
59.31
59.31
59.31
59.33
59.25
59.25
59.2
59.19
59.25
59.25
59.22
59.23
59.23
59.18
59.21
59.25
59.25
59.2
59.12
59.2
59.17
59.17
59.17
59.21
59.25
59.26
59.27
59.28
59.26
59.22
59.19
59.19
59.17
59.21
59.21
59.28
59.26
59.22
59.21
59.23
59.19
59.24
59.24
59.25
59.24
59.25
59.19
59.25
59.24
59.23
59.23
59.2
59.28
59.34
59.34
59.4
59.42
59.42
59.41
59.5
59.46
59.37
59.49
59.48
59.53
59.5
59.5
59.53
59.51
59.48
59.43
59.48
59.45
59.49
59.5
59.62
59.74
59.74
59.77
59.61
59.66
59.62
59.72
59.72
59.8
59.76
59.78
59.73
59.7
59.73
59.7
59.75
59.7
59.62
59.68
59.83
59.62
59.78
59.75
59.71
59.69
59.81
59.76
59.76
59.72
59.72
59.79
60.01
60
60.06
60.08
60.06
59.94
60.09
60.11
60.1
60.15
60.18
60.16
60.13
60.12
60.19
60.19
60.19
60.15
60.06
60.1
60.04
60.06
60.06
60.08
60.13
60.13
60.08
59.96
59.92
59.92
59.84
59.84
59.78
59.78
59.81
59.97
59.85
59.91
59.98
59.9
59.99
60
59.93
60.02
60.02
59.98
60
60.23
59.94
60.18
60.19
60.15
60.05
60.05
60.05
60.07
60.07
60.01
60.04
60.08
60.09
60.03
60.01
60.14
59.98
59.89
59.88
59.88
59.87
59.86
59.91
59.9
59.81
59.85
59.82
59.79
59.82
59.96
59.88
59.86
59.88
58.37
58.17
58.39
58.19
58.28
58.14
58.33
57.96
57.75
57.75
57.83
57.9
57.96
57.97
57.87
57.9
57.94
57.98
57.95
57.9
57.91
57.91
57.9
57.92
57.92
57.87
57.93
57.99
58.04
58.09
58.12
58.29
58.16
58.02
58.27
58.31
58.28
58.04
58.09
57.83
58.09
58.27
57.74
57.97
57.74
57.99
58.08
58.22
58.17
58.38
58.33
58.58
58.6
58.76
58.77
58.85
58.88
59.07
59
58.97
58.77
58.77
59.13
59.17
59.24
59.16
59.16
58.67
58.62
58.58
58.78
58.51
58.5
58.52
58.66
58.7
58.9
58.67
58.72
58.61
58.59
58.65
58.66
58.37
58.51
58.51
58.39
58.47
58.36
58.65
58.69
58.57
58.57
58.65
58.55
58.65
58.56
58.69
58.65
58.63
58.59
58.46
58.47
58.51
58.67
58.51
58.45
58.45
58.3
58.41
58.46
58.4
58.36
58.44
58.48
58.44
58.67
58.65
58.57
58.65
58.55
58.62
58.62
58.62
58.65
58.72
58.71
58.77
58.74
58.76
58.83
58.94
58.95
58.98
58.91
58.99
58.95
59.38
59.22
59.26
59.22
59.27
59.2
59.19
59.05
59.1
58.89
58.86
58.9
58.96
58.8
59.38
58.84
58.86
58.89
59.27
59.33
59.24
59.2
59.25
59.19
59.15
59.07
59.01
59
59.27
59.36
59.2
59.22
59.28
59.38
59.45
59.2
59.15
59.15
59.11
59.2
59.3
59.34
59.17
59.26
59.26
59.35
59.48
59.49
59.5
59.47
59.49
59.53
59.54
59.46
59.52
59.52
59.46
59.45
59.45
59.45
59.61
59.56
59.54
59.54
59.33
59.42
59.49
59.49
59.6
59.62
59.59
59.62
59.62
59.62
59.7
59.62
59.62
59.68
59.49
59.64
59.47
59.5
59.55
59.55
59.64
59.62
59.62
59.69
60.33
60.33
60.33
60.24
60.24
60.25
60.22
60.39
60.46
60.5
60.47
60.47
60.53
60.49
60.49
60.44
60.5
60.53
60.52
60.45
60.46
60.4
60.35
60.39
60.41
60.37
60.33
60.38
60.35
60.3
60.26
60.24
60.35
60.25
60.45
60.55
60.27
60.54
60.57
60.66
60.69
60.62
60.79
60.81
60.64
60.96
61.07
60.93
60.88
60.81
60.67
60.93
60.99
60.5
60.97
60.57
60.52
60.69
60.73
60.81
60.82
60.78
60.7
60.74
60.65
60.6
60.56
60.42
60.47
60.43
60.46
60.44
60.42
60.31
60.17
60.31
60.22
60.21
60.14
60.18
60.33
60.27
60.33
60.25
60.3
60.24
60.33
60.31
60.33
60.47
60.32
60.42
59.96
60.05
60.04
60.12
60.26
60.31
60.24
60.12
60.15
60.13
60.21
60.23
60.24
60.27
60.19
60.27
60.16
60.16
60
59.92
59.89
59.85
59.81
59.79
59.79
59.84
61.07
60.56
60.56
60.86
60.82
61.11
60.79
61.34
61.16
61.35
61.2
61.12
61.21
60.9
60.77
61.12
60.5
60.93
61.07
61.15
60.67
60.08
60.75
60.5
60.37
60.42
60.06
60.28
60.09
60.31
60.67
60.2
60.49
60.22
60.13
60.57
60.72
60.74
60.54
60.54
60.17
60.28
60.37
60.09
60.26
60.2
59.81
60.34
59.74
60.21
60.23
59.37
59.3
59.41
59.12
58.87
58.86
58.91
59.16
59.43
58.93
59.11
58.93
59.48
58.95
58.99
59.61
59.47
59.38
59.04
59.11
59.16
59.25
59.7
59.55
59.19
59.4
59.26
59.2
59.31
59.3
59.29
59.55
59.4
59.49
59.4
59.51
59.52
59.42
59.96
59.96
59.42
59.64
59.51
59.49
59.74
59.56
59.42
59.57
59.72
59.47
59.57
59.65
59.62
60.05
60.41
60.42
60.38
60.33
60.49
60.32
60.19
60.37
60.5
60.26
60.05
60.2
60.27
60.26
60.13
60.1
59.99
60.37
59.78
59.96
60.04
60.18
60.14
59.9
60.21
60.26
60.4
60.14
59.93
60.23
59.92
60.33
60.52
60.32
60.35
60.41
60.46
60.41
60.71
60.71
60.9
60.81
60.46
60.42
60.66
59.98
59.87
59.51
59.53
59.83
59.52
59.67
59.65
59.67
59.6
59.57
59.57
59.61
59.56
59.62
59.55
59.5
59.32
59.39
59.39
59.44
59.38
59.33
59.31
59.36
59.3
59.27
59.27
59.17
59.22
59.18
59.29
59.86
60.17
59.78
60.01
59.84
59.66
59.62
60.02
59.62
60.1
60.1
60.08
60.1
60.24
60.24
60.08
60.15
59.92
60.03
60.01
59.9
59.95
59.9
59.95
60.04
60.01
60
60.09
59.98
59.97
59.88
59.95
59.87
59.87
59.9
59.88
59.89
59.8
59.81
59.91
59.69
59.82
59.83
59.84
59.74
59.71
59.71
59.61
59.77
59.63
59.61
59.61
59.66
59.7
59.79
59.73
59.6
59.6
59.67
59.7
59.84
59.82
59.84
59.84
59.89
59.98
59.98
60.01
59.97
59.9
59.99
59.96
59.96
59.85
59.84
59.83
59.81
59.97
59.94
59.96
59.98
60.08
59.94
59.95
59.97
59.91
