161.82
161.77
161.8
161.24
161.23
160.7
160.45
160.3
160.43
160.26
160.31
160.28
160.38
160.68
160.68
160.58
160.4
160.58
160.58
160.14
160.04
159.72
159.79
159.72
159.87
159.95
160
159.65
159.93
159.73
159.76
159.61
159.89
159.51
159.62
159.54
159.71
159.67
159.81
160.04
160.01
160.03
159.98
160.03
160.1
160.15
160.05
160.09
160.2
160.31
160.35
160.35
160.48
160.56
160.39
160.51
160.4
160.41
160.52
160.65
160.56
160.56
160.56
160.6
160.62
160.8
160.8
160.77
160.75
160.73
160.79
160.84
160.8
160.82
160.79
160.75
160.74
160.84
160.62
160.82
160.5
160.41
160.44
160.47
160.41
160.37
160.33
160.38
160.39
160.58
160.52
160.6
160.6
160.71
160.79
160.76
160.78
160.68
160.66
160.65
160.71
160.65
160.64
160.68
160.79
160.85
160.85
160.71
160.9
160.88
160.86
160.88
160.85
160.84
160.73
160.86
160.87
160.8
160.68
160.78
160.6
160.58
160.6
160.52
160.54
160.46
160.45
160.45
160.48
160.47
160.48
160.49
160.47
160.47
160.48
160.46
160.56
160.53
160.5
160.49
160.51
160.51
160.51
160.46
160.42
160.41
160.46
160.5
160.52
160.65
160.51
160.51
160.68
160.72
160.71
160.72
160.84
160.83
160.9
160.88
160.9
160.89
160.85
160.84
160.87
160.88
160.88
160.83
160.82
160.7
160.68
160.65
160.63
160.59
160.7
160.68
160.73
160.73
160.71
160.67
160.58
160.55
160.55
160.59
160.54
160.49
160.5
160.54
160.53
160.53
160.53
160.55
160.53
160.59
160.58
160.65
160.59
160.59
160.64
160.63
160.57
160.55
160.59
160.54
160.54
160.55
160.54
160.55
160.52
160.55
160.55
160.55
160.53
160.53
160.57
160.54
160.55
160.52
160.54
160.54
160.5
160.52
160.52
160.5
160.53
160.47
160.46
160.45
160.32
160.44
160.25
160.25
160.2
160.21
160.24
160.23
160.22
160.21
160.22
160.21
160.23
160.22
160.22
160.36
160.32
160.28
160.28
160.26
160.19
160.16
160.16
160.18
160.17
160.14
160.14
160.14
160.12
160.09
160.1
160.13
160.1
160.15
160.15
160.2
160.19
160.14
160.21
160.2
160.19
160.24
160.21
160.23
160.21
160.21
160.2
160.19
160.19
160.15
160.16
160.19
160.17
160.18
160.18
160.23
160.17
160.2
160.27
160.28
160.24
160.25
160.26
160.21
160.29
160.22
160.24
160.24
160.26
160.29
160.26
160.21
160.24
160.22
160.26
160.27
160.24
160.35
160.37
160.31
160.35
160.32
160.39
160.37
160.37
160.4
160.46
160.38
160.48
160.49
160.39
160.48
160.47
160.41
160.39
160.35
160.36
160.34
160.31
160.33
160.3
160.3
160.4
160.38
160.37
160.36
160.38
160.39
160.42
160.41
160.48
160.42
160.45
160.54
160.51
160.51
160.53
160.43
160.49
160.49
160.43
160.48
160.65
160.71
160.42
160.48
160.63
160.6
160.6
160.58
160.51
160.58
160.62
160.65
160.71
160.74
160.78
160.76
160.82
160.72
160.77
160.7
160.72
160.78
160.81
160.8
160.73
160.41
160.37
160.42
160.5
160.57
160.48
160.44
160.43
160.41
160.42
160.54
160.39
160.42
160.38
160.35
160.4
160.37
160.39
160.37
160.38
160.33
160.27
160.25
160.37
160.28
160.19
160.33
160.27
160.26
160.3
160.37
160.49
160.37
160.36
160.48
160.39
160.48
160.49
160.46
160.42
160.44
160.43
160.45
160.39
160.45
160.29
160.3
160.35
160.37
160.39
160.37
160.3
160.3
160.3
160.31
160.37
160.28
160.31
160.17
160.23
160.24
160.35
160.28
160.29
160.17
160.2
160.11
160.11
160.09
160.06
160.05
160.11
160.07
160.03
160.07
160.1
160.1
160.12
160.1
160.12
160.09
160.09
160.12
160.1
160.13
160.11
160.13
160.12
160.13
160.14
160.15
160.13
160.1
160.07
160.09
160.1
160.05
160.04
160.04
160.05
160.04
160.06
160.07
160.07
160.07
160.03
160.04
160.05
160.03
160.06
160.06
160.1
160.08
160.03
160.03
160.04
160.04
160.04
160.03
160.02
159.96
159.95
159.96
159.96
159.99
159.96
159.99
159.97
159.95
160.07
160.1
160.1
160.05
160.05
160.09
160.1
160.08
160.12
160.09
160.08
160.06
160.13
160.09
160.07
160.09
160.1
160.1
160.15
160.19
160.17
160.25
160.24
160.22
160.25
160.2
160.31
160.35
160.36
160.3
160.33
160.29
160.29
160.29
160.29
160.31
160.23
160.28
160.27
160.28
160.33
160.33
160.32
160.33
160.31
160.36
160.36
160.35
160.33
160.31
160.34
160.29
160.28
160.29
160.26
160.28
160.31
160.3
160.29
160.18
160.18
160.15
160.09
160.09
160.05
160.08
160.04
159.99
160.01
159.98
159.83
159.85
159.9
159.94
159.97
160
160.03
160.05
160.04
160.02
160.08
160.09
160.09
160.07
160.07
160.07
160.09
160.09
160.05
160.04
160.05
160.04
160.03
160.02
160.03
160.05
160.06
160.07
160.01
160.07
160.03
160.07
160.04
160.09
160.06
160.07
160.05
160.06
160.12
160.13
160.15
160.14
160.01
160.01
160.06
160.05
160.04
160.04
160.08
160.09
160.05
160.14
160.11
160.09
160.08
160.13
160.17
160.21
160.21
160.24
160.17
160.1
160.04
160.05
160
160
160
160.12
160.14
160.06
160.1
160.11
160.08
160.13
160.12
160.12
160.13
160.14
160.17
160.15
160.12
160.11
160.14
160.17
160.15
160.11
160.15
160.13
160.1
160.15
160.16
160.06
160.13
160
160.11
160.01
160.02
160.06
160.08
160.08
160.02
160.06
160.04
160.04
160.15
160.2
160.15
160.16
160.15
160.2
160.12
160.12
160.12
160.13
160.16
160.13
160.09
160.15
160.07
160.14
160.15
160.08
160.18
160.2
160.15
160.15
160.18
160.76
160.9
160.89
160.93
161.08
161.18
161.09
161.08
160.88
160.78
160.76
161.13
160.95
160.97
160.96
160.92
160.82
160.87
160.86
160.93
160.8
160.83
160.87
160.92
160.85
160.86
160.89
160.8
160.86
160.84
160.79
160.78
160.85
160.82
160.8
160.82
160.84
160.86
160.88
160.86
160.86
160.87
160.85
160.82
160.82
160.83
160.84
160.84
160.87
160.87
160.88
160.92
160.87
160.88
160.95
160.9
160.91
160.9
160.88
160.94
160.96
160.92
160.95
160.93
160.89
160.9
160.91
160.94
160.88
160.85
160.87
160.95
160.86
160.88
160.89
160.96
161.07
161.11
161.27
161.25
161.24
161.26
161.29
161.29
161.25
161.24
161.25
161.34
161.36
161.43
161.49
161.47
161.45
161.45
161.38
161.35
161.24
161.3
161.44
161.24
161.29
161.25
161.19
161.44
161.24
161.19
161.15
161.09
161.03
161.06
161.05
161.09
161.11
161.15
161.1
161.09
161.14
161.14
161.16
161.19
161.2
161.13
161.14
161.28
161.22
161.27
161.2
161.22
161.26
161.16
161.19
161.28
161.27
161.29
161.28
161.27
161.29
161.29
161.31
161.38
161.35
161.39
161.39
161.37
161.28
161.3
161.33
161.28
161.1
161.16
161.09
161.02
161.08
161.27
161.13
161.1
161.1
161.11
161.07
161.06
161.07
161.1
161.04
161.01
160.99
161.01
161
160.87
160.96
160.83
160.79
160.84
160.81
160.88
160.84
160.79
160.73
160.72
160.72
160.78
160.77
160.71
160.81
160.77
160.72
160.74
160.72
160.65
160.67
160.63
160.65
160.72
160.72
160.8
160.79
160.78
160.79
160.87
160.85
160.89
160.87
160.88
160.87
160.9
160.99
160.95
161.1
161.11
161.12
161.15
161.26
161.24
161.13
161.26
161.2
161.28
161.29
161.19
161.16
161.32
161.26
161.23
161.22
161.2
161.17
161.27
161.23
161.28
161.23
161.25
161.23
161.23
161.16
161.08
161.11
161.11
161.12
161.14
161.15
161.13
161.16
161.1
161.03
161.04
160.98
160.97
161.03
160.91
161.01
160.98
160.97
160.96
161.05
161.1
161.08
161.09
161.02
161.03
161.06
160.95
161.05
161.04
161.03
161.05
161.07
161.04
161.07
161.04
161.03
161.1
161.04
161.04
161.1
161.06
161.03
161.05
161.03
161.04
161.05
160.93
160.9
160.88
160.92
160.96
160.95
160.95
160.99
161
160.99
160.99
161
161
161.04
160.98
161
161.02
161
161.02
160.99
160.96
160.95
160.99
160.99
161.07
160.99
161.02
161.01
161.04
161.04
161.11
161.13
161.27
161.32
161.31
161.3
161.32
161.27
161.26
161.18
161.11
161.13
161.13
161.1
161.09
161.06
161.06
161.02
161.01
161.1
160.99
160.96
160.92
160.89
160.95
160.85
160.77
160.68
160.61
160.52
160.61
160.56
160.57
160.52
162.33
162.5
162.47
162.65
162.19
162.46
162.59
162.57
162.54
162.51
162.53
162.51
162.58
162.59
162.58
162.68
162.73
162.98
162.56
163.11
162.61
162.95
162.8
162.96
162.83
163
163.05
163.09
163.06
163.11
163.24
163.12
163.15
163.17
163
163.12
163.2
163.16
163.08
163.11
163
163.03
163.02
163.05
163
163.03
163.04
163.15
163
163.2
163.18
163.23
162.96
163.01
163.12
162.99
162.9
162.77
162.75
162.72
162.73
162.74
162.76
162.76
162.86
162.71
162.66
162.81
162.78
162.78
162.74
162.74
162.75
162.7
162.81
162.85
162.84
162.63
162.38
162.27
162.73
162.49
162.67
162.46
162.65
162.35
162.29
162.31
162.2
162.14
162.16
162.02
162.02
162.21
162.18
162.19
162.06
162.14
162.11
162.02
162.04
162.21
162.05
162.02
162.39
162.32
162.5
162.82
162.81
162.38
162.46
162.58
162.83
162.79
162.8
162.82
162.76
162.79
162.82
162.88
162.82
162.74
162.77
162.69
162.85
162.91
163.06
162.76
162.71
162.89
163.02
163.09
163.01
163
163.02
162.89
162.9
162.93
162.99
162.93
162.97
163
163
162.98
162.94
162.95
162.94
162.82
162.85
162.93
161.95
161.92
161.92
161.8
161.89
161.9
161.87
161.94
161.92
161.9
161.91
161.91
161.77
161.79
161.82
161.76
161.75
161.77
162.01
161.76
162.16
161.9
162.09
162.16
162.07
161.99
161.98
161.98
162
162.03
162.05
162.02
162.01
162.14
162.17
162.23
162.2
162.15
162.19
162.03
162.21
162.28
162.02
162.02
162.4
162.34
162.31
162.31
162.32
162.29
162.3
162.23
162.27
162.24
162.29
162.25
162.2
162.23
162.21
162.23
162.07
162.13
162.13
162.05
162.1
162.03
161.95
161.96
161.96
161.99
161.83
161.82
161.94
161.95
161.94
161.9
161.89
161.79
161.78
161.78
161.97
161.75
161.89
162.01
161.88
162.05
161.98
161.98
161.93
161.97
161.91
161.91
161.89
161.92
161.93
161.88
161.8
161.77
161.81
161.79
161.82
161.9
161.96
161.81
162.14
162.16
162.19
162.25
162.18
162.36
162.32
162.33
162.4
162.37
162.28
162.23
162.15
162.18
