42.74
42.71
42.74
42.82
42.78
42.79
42.81
42.77
42.77
42.8
42.79
42.77
42.74
42.81
42.81
42.75
42.8
42.79
42.82
42.79
42.79
42.82
42.79
42.86
42.86
42.86
42.94
42.86
42.86
42.92
42.92
42.92
42.92
42.93
42.93
42.92
42.9
42.91
42.89
42.89
42.93
42.91
42.91
42.9
42.93
42.87
42.86
42.9
42.88
42.9
42.9
42.89
42.9
42.93
42.92
42.94
42.9
42.91
42.93
42.91
42.91
42.9
42.92
42.9
42.89
42.87
42.85
42.86
42.88
42.88
42.91
42.97
42.9
42.95
42.91
42.9
42.95
42.95
42.96
42.94
42.94
42.94
42.96
42.96
42.96
42.96
42.98
42.98
42.97
42.96
42.95
42.97
42.97
42.97
42.93
42.95
42.96
42.97
42.99
43.04
43.04
43.06
43.04
43.06
43.08
43.12
43.12
43.14
43.14
43.13
43.1
43.1
43.1
43.11
43.13
43.15
43.17
43.15
43.15
43.16
43.16
43.16
43.15
43.15
43.16
43.16
43.07
43.07
43.05
43.07
43.08
43.07
43.1
43.11
43.11
43.1
43.09
43.1
43.08
43.09
43.08
43.07
43.06
43.03
43
43
42.94
42.93
42.92
42.94
42.94
42.93
42.95
42.95
42.95
42.93
42.93
42.93
42.9
42.9
42.92
42.91
42.92
42.9
42.91
42.94
42.96
42.95
42.95
42.9
42.9
42.88
42.88
42.88
42.88
42.88
42.87
42.84
42.89
42.9
42.85
42.84
42.78
42.79
42.76
42.78
42.79
42.8
42.8
42.8
42.8
42.8
42.81
42.81
42.81
42.81
42.81
42.78
42.8
42.78
42.81
42.85
42.83
42.85
42.86
42.88
42.88
42.86
42.86
42.85
42.87
42.85
42.86
42.89
42.92
42.88
42.92
42.89
42.89
42.86
42.81
42.8
42.82
42.81
42.83
42.86
42.87
42.82
42.81
42.81
42.8
42.79
42.76
42.77
42.75
42.73
42.69
42.76
42.76
42.71
42.67
42.69
42.74
42.78
42.78
42.76
42.76
42.74
42.76
42.74
42.79
42.79
42.79
42.81
42.79
42.8
42.8
42.8
42.81
42.81
42.86
42.85
42.85
42.85
42.83
42.85
42.83
42.87
42.86
42.87
42.92
42.89
42.87
42.87
42.88
42.9
42.89
42.93
42.93
42.95
42.94
42.97
42.98
42.99
42.96
42.97
42.97
42.96
42.97
42.97
42.97
42.94
42.94
42.96
42.95
42.95
42.95
42.95
42.92
42.95
42.96
42.99
42.97
42.97
42.97
43
43
42.99
42.99
43
42.98
42.98
42.99
42.99
43.05
43.05
43.04
43.03
43.05
42.98
43.05
43.06
43.06
43.06
43.04
43.06
43.07
43.06
43.06
43.07
43.06
43.06
43.06
43.08
43.08
43.08
43.08
43.1
43.1
43.1
43.08
43.06
43.03
43.05
43.03
43.02
43.03
43.02
43.01
43.13
43.11
43.12
43.14
43.12
43.12
43.12
43.1
43.04
43.1
43.07
43.06
43.07
43.03
42.99
43
43.04
42.95
43.02
42.94
43
42.94
42.96
42.98
42.97
43.05
43.07
43.11
43.07
43.09
43.13
43.02
43.01
43.02
43.03
43.02
43
42.99
42.99
42.97
42.92
42.95
42.95
42.94
42.95
42.94
42.9
42.96
42.97
42.97
42.94
42.92
42.91
42.95
42.96
42.95
42.93
42.92
42.94
42.94
42.93
42.94
42.95
42.93
42.95
42.99
42.99
42.99
42.99
42.94
42.95
42.96
42.99
43
42.97
42.97
42.95
42.94
42.95
42.96
42.92
42.91
42.97
42.88
42.88
42.88
42.9
42.89
42.87
42.87
42.82
42.77
42.78
42.77
42.76
42.78
42.74
42.74
42.7
42.71
42.72
42.73
42.73
42.72
42.71
42.71
42.71
42.7
42.67
42.71
42.7
42.68
42.66
42.69
42.68
42.7
42.69
42.67
42.66
42.66
42.67
42.65
42.65
42.66
42.66
42.63
42.64
42.65
42.64
42.63
42.61
42.61
42.61
42.63
42.62
42.61
42.57
42.56
42.54
42.54
42.54
42.56
42.55
42.53
42.53
42.53
42.53
42.51
42.52
42.54
42.51
42.54
42.52
42.52
42.5
42.51
42.52
42.51
42.51
42.52
42.51
42.52
42.52
42.53
42.52
42.52
42.53
42.54
42.54
42.54
42.54
42.54
42.54
42.52
42.53
42.53
42.52
42.53
42.53
42.52
42.51
42.51
42.49
42.49
42.49
42.47
42.47
42.44
42.45
42.46
42.47
42.49
42.49
42.53
42.48
42.55
42.54
42.56
42.56
42.58
42.59
42.59
42.6
42.58
42.57
42.58
42.56
42.58
42.58
42.57
42.54
42.53
42.53
42.54
42.53
42.56
42.56
42.58
42.58
42.58
42.57
42.58
42.6
42.6
42.62
42.59
42.6
42.58
42.58
42.56
42.55
42.54
42.56
42.57
42.57
42.57
42.56
42.57
42.6
42.6
42.58
42.58
42.57
42.56
42.55
42.55
42.56
42.54
42.55
42.57
42.57
42.55
42.56
42.6
42.61
42.62
42.62
42.65
42.67
42.63
42.6
42.6
42.59
42.59
42.61
42.59
42.57
42.59
42.59
42.62
42.62
42.65
42.67
42.67
42.62
42.62
42.62
42.61
42.61
42.59
42.58
42.59
42.59
42.58
42.59
42.59
42.6
42.59
42.59
42.58
42.58
42.58
42.55
42.57
42.56
42.55
42.55
42.55
42.55
42.58
42.56
42.56
42.57
42.58
42.59
42.6
42.56
42.57
42.57
42.56
42.56
42.55
42.57
42.55
42.57
42.56
42.56
42.56
42.56
42.55
42.55
42.56
42.57
42.55
42.56
42.56
42.55
42.54
42.54
42.59
42.59
42.6
42.55
42.6
42.56
42.56
42.57
42.54
42.54
42.52
42.53
42.52
42.53
42.52
42.51
42.51
42.51
42.51
42.48
42.49
42.52
42.46
42.51
42.49
42.5
42.49
42.49
42.47
42.44
42.47
42.48
42.46
42.42
42.45
42.48
42.48
42.53
42.52
42.54
42.55
42.55
42.61
42.57
42.57
42.61
42.61
42.6
42.58
42.58
42.6
42.59
42.6
42.6
42.68
42.73
42.71
42.75
42.79
42.68
42.74
42.78
42.73
42.74
42.76
42.76
42.74
42.73
42.76
42.73
42.73
42.75
42.71
42.72
42.74
42.76
42.76
42.71
42.75
42.74
42.76
42.73
42.75
42.71
42.71
42.68
42.72
42.72
42.73
42.72
42.76
42.76
42.72
42.72
42.77
42.76
42.77
42.8
42.82
42.84
42.8
42.83
42.81
42.79
42.79
42.74
42.75
42.79
42.78
42.76
42.78
42.75
42.77
42.8
42.78
42.82
42.8
42.77
42.79
42.79
42.78
42.8
42.8
42.79
42.78
42.8
42.8
42.82
42.78
42.79
42.79
42.81
42.81
42.82
42.85
42.84
42.85
42.85
42.84
42.85
42.83
42.84
42.83
42.83
42.88
42.84
42.84
42.84
42.8
42.81
42.82
42.82
42.82
42.83
42.83
42.82
42.81
42.83
42.83
42.82
42.86
42.85
42.85
42.79
42.81
42.78
42.77
42.74
42.75
42.67
42.7
42.73
42.7
42.79
42.8
42.76
42.78
42.75
42.73
42.69
42.69
42.69
42.7
42.7
42.68
42.68
42.64
42.65
42.64
42.65
42.58
42.6
42.64
42.59
42.63
42.59
42.64
42.64
42.62
42.59
42.64
42.63
42.61
42.62
42.63
42.63
42.64
42.66
42.68
42.65
42.65
42.66
42.63
42.66
42.64
42.65
42.63
42.67
42.69
42.69
42.7
42.7
42.72
42.71
42.71
42.7
42.73
42.73
42.76
42.76
42.75
42.69
42.71
42.72
42.71
42.7
42.7
42.69
42.68
42.67
42.7
42.68
42.67
42.68
42.7
42.71
42.71
42.71
42.73
42.73
42.74
42.73
42.73
42.71
42.7
42.7
42.7
42.7
42.67
42.68
42.68
42.67
42.68
42.68
42.67
42.65
42.67
42.66
42.64
42.63
42.58
42.58
42.57
42.56
42.57
42.57
42.57
42.55
42.5
42.51
42.54
42.54
42.49
42.5
42.51
42.5
42.52
42.53
42.56
42.54
42.54
42.57
42.58
42.54
42.58
42.58
42.58
42.56
42.54
42.57
42.58
42.5
42.58
42.47
42.47
42.49
42.52
42.53
42.56
42.56
42.55
42.55
42.56
42.54
42.55
42.52
42.49
42.52
42.51
42.52
42.48
42.48
42.46
42.43
42.42
42.42
42.42
42.42
42.45
42.42
42.44
42.43
42.44
42.52
42.52
42.52
42.5
42.52
42.53
42.53
42.53
42.52
42.49
42.49
42.51
42.46
42.47
42.47
42.46
42.49
42.39
42.38
42.34
42.36
42.3
42.31
42.3
42.32
42.29
42.25
42.23
42.22
42.28
42.28
42.36
42.31
42.37
42.31
42.43
42.53
42.71
42.69
42.74
42.75
42.63
42.64
42.68
42.68
42.71
42.71
42.72
42.68
42.65
42.65
42.7
42.71
42.71
42.54
42.57
42.71
42.71
42.58
42.54
42.5
42.5
42.5
42.56
42.56
42.5
42.51
42.46
42.55
42.59
42.6
42.58
42.55
42.59
42.56
42.55
42.55
42.55
42.7
42.7
42.74
42.73
42.69
42.67
42.68
42.68
42.61
42.57
42.56
42.54
42.54
42.52
42.54
42.53
42.53
42.55
42.58
42.53
42.6
42.66
42.66
42.51
42.62
42.6
42.6
42.6
42.6
42.71
42.71
42.68
42.62
42.67
42.61
42.62
42.6
42.68
42.67
42.62
42.67
42.68
42.63
42.61
42.62
42.62
42.61
42.63
42.66
42.69
42.69
42.72
42.7
42.71
42.67
42.65
42.65
42.64
42.65
42.67
42.7
42.7
42.72
42.74
42.74
42.71
42.7
42.7
42.67
42.67
42.63
42.69
42.69
42.75
42.63
42.59
42.6
42.61
42.63
42.63
42.63
42.62
42.62
42.58
42.62
42.62
42.63
42.62
42.62
42.64
42.6
42.62
42.61
42.61
42.63
42.63
42.63
42.61
42.67
42.61
42.66
42.64
42.62
42.63
42.6
42.6
42.58
42.59
42.6
42.56
42.58
42.6
42.58
42.57
42.56
42.53
42.53
42.53
42.54
42.53
42.54
42.53
42.55
42.5
42.5
42.55
42.55
42.55
42.55
42.51
42.49
42.51
42.51
42.51
42.52
42.52
42.51
42.53
42.53
42.52
42.55
42.55
42.51
42.51
42.54
42.57
42.57
42.56
42.58
42.5
42.51
42.57
42.56
42.56
42.56
42.6
42.56
42.56
42.56
42.58
42.6
42.59
42.59
42.6
42.6
42.62
42.58
42.6
42.57
42.6
42.62
42.62
42.63
42.64
42.64
42.6
42.56
42.56
42.56
42.63
42.63
42.65
42.63
42.63
42.62
42.63
42.61
42.63
42.62
42.68
42.68
42.68
42.67
42.63
42.7
42.67
42.72
42.71
42.75
42.75
42.75
42.74
42.75
42.75
42.75
42.78
42.78
42.78
42.83
42.81
42.81
42.82
42.84
42.87
42.87
42.81
42.81
42.82
42.87
42.85
42.85
42.86
42.83
