47.6
47.69
47.53
47.46
47.52
47.49
47.48
47.54
47.59
47.55
47.57
47.6
47.58
47.42
47.53
47.51
47.47
47.55
47.46
47.48
47.46
47.43
47.5
47.48
47.45
47.39
47.37
47.36
47.38
47.32
47.31
47.3
47.27
47.28
47.3
47.29
47.34
47.28
47.29
47.29
47.26
47.28
47.29
47.28
47.31
47.31
47.3
47.3
47.3
47.35
47.38
47.37
47.36
47.39
47.39
47.39
47.42
47.43
47.38
47.49
47.5
47.51
47.51
47.5
47.49
47.48
47.46
47.44
47.45
47.44
47.45
47.44
47.45
47.42
47.45
47.45
47.45
47.45
47.43
47.44
47.44
47.47
47.49
47.49
47.46
47.46
47.48
47.49
47.46
47.47
47.48
47.49
47.49
47.51
47.53
47.52
47.54
47.52
47.52
47.55
47.55
47.53
47.55
47.54
47.55
47.55
47.53
47.54
47.54
47.54
47.52
47.52
47.54
47.53
47.51
47.53
47.52
47.51
47.52
47.51
47.51
47.48
47.49
47.5
47.51
47.51
47.53
47.52
47.54
47.53
47.51
47.51
47.52
47.49
47.51
47.49
47.49
47.49
47.48
47.49
47.5
47.53
47.53
47.53
47.54
47.53
47.53
47.5
47.51
47.51
47.5
47.51
47.51
47.5
47.49
47.5
47.5
47.5
47.51
47.5
47.5
47.5
47.46
47.45
47.45
47.44
47.47
47.45
47.46
47.51
47.5
47.5
47.5
47.5
47.5
47.5
47.5
47.49
47.49
47.48
47.46
47.44
47.44
47.44
47.43
47.44
47.43
47.43
47.44
47.44
47.44
47.45
47.44
47.46
47.45
47.47
47.47
47.47
47.47
47.47
47.47
47.47
47.47
47.46
47.47
47.47
47.48
47.5
47.51
47.51
47.51
47.51
47.49
47.49
47.49
47.49
47.49
47.46
47.48
47.48
47.46
47.45
47.45
47.45
47.45
47.42
47.42
47.41
47.41
47.41
47.41
47.41
47.4
47.4
47.4
47.39
47.4
47.4
47.41
47.42
47.4
47.42
47.4
47.41
47.42
47.42
47.4
47.41
47.4
47.41
47.4
47.4
47.39
47.4
47.42
47.41
47.4
47.41
47.42
47.42
47.42
47.42
47.42
47.42
47.43
47.45
47.44
47.45
47.45
47.44
47.43
47.45
47.45
47.42
47.42
47.41
47.43
47.42
47.42
47.42
47.42
47.42
47.44
47.44
47.44
47.42
47.42
47.41
47.42
47.41
47.41
47.42
47.42
47.42
47.42
47.42
47.42
47.41
47.4
47.4
47.42
47.4
47.37
47.36
47.38
47.39
47.38
47.38
47.38
47.36
47.38
47.37
47.37
47.39
47.41
47.44
47.41
47.38
47.44
47.39
47.4
47.4
47.38
47.4
47.39
47.38
47.41
47.43
47.42
47.4
47.41
47.4
47.42
47.4
47.4
47.4
47.4
47.42
47.42
47.41
47.43
47.44
47.46
47.47
47.47
47.46
47.45
47.46
47.44
47.46
47.47
47.47
47.46
47.49
47.47
47.5
47.45
47.43
47.44
47.47
47.42
47.44
47.42
47.5
47.4
47.48
47.35
47.32
47.36
47.43
47.41
47.4
47.41
47.42
47.42
47.4
47.4
47.4
47.39
47.4
47.4
47.35
47.38
47.39
47.3
47.42
47.34
47.35
47.32
47.35
47.32
47.31
47.28
47.26
47.28
47.3
47.27
47.27
47.27
47.31
47.28
47.29
47.33
47.26
47.31
47.32
47.32
47.31
47.3
47.31
47.32
47.32
47.32
47.31
47.31
47.31
47.31
47.32
47.3
47.31
47.3
47.31
47.31
47.33
47.35
47.36
47.36
47.35
47.36
47.36
47.37
47.33
47.33
47.35
47.35
47.33
47.33
47.34
47.36
47.35
47.32
47.33
47.33
47.33
47.33
47.34
47.33
47.31
47.3
47.28
47.28
47.27
47.27
47.29
47.28
47.27
47.27
47.25
47.26
47.26
47.26
47.27
47.28
47.25
47.26
47.27
47.27
47.26
47.27
47.29
47.29
47.3
47.3
47.3
47.29
47.29
47.29
47.29
47.29
47.31
47.31
47.3
47.29
47.29
47.29
47.29
47.29
47.29
47.29
47.29
47.28
47.3
47.3
47.28
47.29
47.29
47.29
47.29
47.29
47.29
47.29
47.27
47.28
47.25
47.26
47.25
47.24
47.24
47.22
47.22
47.19
47.19
47.19
47.19
47.17
47.15
47.16
47.13
47.14
47.11
47.12
47.13
47.13
47.12
47.16
47.16
47.13
47.13
47.14
47.16
47.16
47.16
47.15
47.16
47.12
47.11
47.11
47.1
47.1
47.07
47.08
47.08
47.05
47.04
47.05
47.05
47.05
47.05
47.06
47.05
47.05
47.05
47.04
47.02
47.02
47.02
47.03
47.04
47.07
47.1
47.11
47.11
47.11
47.1
47.07
47.07
47.06
47.05
47.03
47.01
47.01
46.99
46.96
46.94
46.85
46.85
46.9
46.9
46.9
46.9
46.9
46.92
46.96
46.95
46.93
46.94
46.93
46.9
46.9
46.9
46.94
46.95
46.95
46.93
46.93
46.94
46.95
46.96
46.96
46.95
46.96
46.97
46.98
46.97
46.98
46.98
46.99
46.98
46.97
46.95
46.99
46.93
46.91
46.92
46.92
46.9
46.9
46.91
46.93
46.92
46.92
46.93
46.93
46.94
46.97
47.01
47
47.01
47.02
47.04
47.04
47.04
47.04
47.04
47.05
47.04
47.03
47.03
47.02
47.03
47.02
47.01
46.99
46.97
46.99
46.99
46.99
47.01
47.03
46.99
47.02
47.03
47.03
47.02
47.02
47
47.01
47.03
47.01
46.99
47.02
47.01
46.99
47
46.99
47.01
47
46.99
47
47
46.98
46.98
46.99
46.99
46.99
46.99
47.01
46.99
47.06
47.08
47.09
47.1
47.08
47.12
47.08
47.09
47.08
47.09
47.11
47.08
47.12
47.09
47.08
47.1
47.08
47.06
47.08
47.08
47.08
47.05
47.06
46.92
46.96
46.96
47.04
47.03
47.06
47.06
47.02
47.13
47.13
47.06
47.03
47
47
47.03
47
46.97
46.94
46.92
46.99
47.01
47.03
47.03
47.05
47.05
47.06
47.07
47.06
47.12
47.08
47.04
46.99
47.01
47
47.01
47
47.01
47.03
47.04
47.03
47.04
47.03
46.99
47.01
47.01
46.99
47.01
47.02
47.02
47.04
47.1
47.08
47.1
47.11
47.17
47.1
47.18
47.17
47.15
47.16
47.2
47.19
47.17
47.22
47.23
47.24
47.25
47.24
47.27
47.28
47.29
47.25
47.31
47.26
47.26
47.35
47.39
47.32
47.43
47.42
47.42
47.41
47.39
47.38
47.4
47.34
47.36
47.36
47.39
47.36
47.36
47.38
47.38
47.33
47.3
47.29
47.3
47.3
47.3
47.29
47.32
47.29
47.31
47.29
47.27
47.29
47.29
47.28
47.23
47.24
47.22
47.21
47.22
47.24
47.19
47.21
47.22
47.21
47.21
47.21
47.22
47.21
47.25
47.24
47.22
47.22
47.23
47.24
47.26
47.22
47.22
47.26
47.26
47.27
47.26
47.25
47.26
47.25
47.24
47.28
47.26
47.25
47.24
47.25
47.24
47.22
47.17
47.13
47.15
47.14
47.1
47.13
47.14
47.13
47.08
47.06
47.06
47.07
47.04
47.05
47.04
47.04
47.04
47.04
47.02
47.01
47.01
46.94
46.94
47.02
46.91
46.92
46.93
46.97
46.94
46.91
46.89
46.86
46.94
46.88
46.91
46.9
46.9
46.92
46.89
46.9
46.9
46.9
46.88
46.87
46.85
46.87
46.87
46.86
46.88
46.88
46.89
46.92
46.94
46.92
46.94
46.88
46.88
46.88
46.95
46.97
46.95
47
47.02
47.01
47
47.01
47.01
46.97
47.01
46.97
46.99
46.97
46.99
46.99
46.99
46.98
46.97
46.96
46.97
46.98
46.97
46.95
46.98
46.95
46.97
46.98
46.97
46.95
46.95
46.94
46.93
46.95
46.94
46.94
46.96
46.96
46.96
46.96
46.97
46.95
46.95
46.89
46.89
46.93
46.86
46.85
46.88
46.87
46.82
46.81
46.81
46.79
46.76
46.68
46.71
46.74
46.72
46.79
46.76
46.74
46.75
46.75
46.72
46.74
46.74
46.76
46.74
46.8
46.8
46.81
46.81
46.77
46.78
46.78
46.74
46.73
46.73
46.73
46.7
46.73
46.72
46.71
46.71
46.72
46.74
46.74
46.77
46.77
46.77
46.76
46.76
46.74
46.71
46.7
46.67
46.67
46.67
46.65
46.67
46.66
46.65
46.65
46.66
46.68
46.69
46.72
46.71
46.71
46.72
46.71
46.72
46.69
46.7
46.68
46.69
46.69
46.69
46.67
46.67
46.68
46.66
46.65
46.65
46.64
46.66
46.65
46.64
46.62
46.62
46.53
46.49
46.51
46.47
46.52
46.55
46.57
46.54
46.72
46.83
46.94
47.03
47.11
47.2
47.28
47.24
47.29
47.32
47.35
47.42
47.35
47.4
47.3
47.37
47.29
47.33
47.24
47.27
47.4
47.22
47.38
47.23
47.22
47.09
47.13
47.11
47.12
47.19
47.14
47.19
47.13
47.18
47.15
47.1
47.17
47.14
47.1
47.09
47.11
47.06
47.08
47.11
47.06
47.1
47.09
47.06
47.08
47.06
47.03
46.97
46.96
47.12
46.95
46.96
46.99
47.04
46.99
47.01
46.97
46.99
47.04
47.02
47.03
46.98
47.03
46.99
47
46.94
46.96
46.98
46.97
46.96
46.97
46.98
46.97
46.96
46.96
46.82
46.88
46.9
46.96
46.86
46.83
46.74
46.74
46.79
46.72
46.7
46.73
46.74
46.73
46.76
46.73
46.68
46.7
46.7
46.65
46.6
46.58
46.62
46.65
46.72
46.67
46.67
46.66
46.66
46.67
46.67
46.69
46.66
46.66
46.65
46.68
46.62
46.62
46.64
46.7
46.65
46.62
46.6
46.62
46.6
46.67
46.68
46.7
46.7
46.68
46.67
46.7
46.7
46.69
46.74
46.74
46.72
46.72
46.78
46.81
46.72
46.81
46.77
46.78
46.8
46.82
46.82
46.83
46.81
46.78
46.79
46.59
46.58
46.57
46.54
46.55
46.56
46.59
46.68
46.69
46.69
46.68
46.66
46.64
46.65
46.67
46.65
46.61
46.58
46.58
46.59
46.59
46.69
46.69
46.7
46.7
46.67
46.67
46.68
46.67
46.71
46.7
46.7
46.7
46.74
46.71
46.77
46.74
46.7
46.76
46.77
46.74
46.74
46.7
46.75
46.7
46.72
46.7
46.71
46.7
46.7
46.73
46.72
46.74
46.72
46.71
46.7
46.71
46.73
46.72
46.7
46.71
46.72
46.7
46.71
46.7
46.7
46.7
46.71
46.7
46.72
46.67
46.67
46.66
46.64
46.63
46.66
46.65
46.61
46.6
46.61
46.65
46.64
46.6
46.62
46.64
46.64
46.61
46.61
46.6
46.61
46.6
46.6
46.63
46.63
46.61
46.6
46.66
46.62
46.68
46.75
46.79
46.85
46.64
46.82
46.86
46.87
46.85
46.85
46.88
46.88
46.89
46.83
46.87
46.88
46.88
46.75
46.72
46.76
