37.35
37.39
37.48
37.5
37.39
37.4
37.34
37.28
37.25
37.17
37.17
37.23
37.24
37.18
37.18
37.2
37.24
37.31
37.2
37.28
37.3
37.24
37.25
37.21
37.2
37.2
37.17
37.09
37.11
37.02
37.06
37.06
37.1
37.17
37.25
37.2
37.15
37.18
37.17
37.19
37.18
37.21
37.21
37.09
37.12
37.11
37.08
37.08
37.08
37.09
37.08
37.1
37.11
37.08
37.06
37.06
37.04
37.01
37
37.06
37.08
37.05
37.1
37.1
37.11
37.09
37.08
37.08
37.06
37.06
37.07
37.13
37.17
37.16
37.18
37.16
37.17
37.16
37.14
37.13
37.13
37.12
37.11
37.12
37.09
37.05
37
36.98
36.98
36.99
36.97
36.95
36.94
36.92
36.91
36.89
36.9
36.9
36.9
36.92
36.96
36.98
37.02
36.98
36.95
36.95
36.96
36.97
36.99
36.98
36.97
36.97
36.98
37.02
37.02
37.03
37.03
37.02
37.03
37.01
37.02
37
36.95
36.95
36.96
36.93
36.94
36.92
36.92
36.93
36.92
36.93
36.95
36.95
36.92
36.96
36.93
36.99
36.98
36.99
36.99
37
36.99
37.01
37.02
37
37.01
36.99
37.01
36.99
37.01
37
36.99
37
37.01
37
37
37
37.01
36.99
36.99
36.97
36.97
36.95
36.95
36.93
36.95
36.92
36.92
36.97
36.98
36.97
36.97
37
36.97
36.97
36.97
36.97
36.96
36.98
36.98
36.98
36.95
36.98
36.91
36.9
36.88
36.87
36.86
36.88
36.88
36.9
36.94
36.95
36.96
36.94
36.94
36.9
36.85
36.84
36.84
36.82
36.82
36.82
36.83
36.86
36.86
36.84
36.85
36.85
36.85
36.84
36.81
36.8
36.78
36.77
36.78
36.78
36.75
36.73
36.71
36.73
36.73
36.71
36.72
36.72
36.74
36.71
36.71
36.71
36.71
36.72
36.73
36.74
36.67
36.68
36.64
36.65
36.63
36.65
36.64
36.64
36.61
36.57
36.56
36.53
36.56
36.54
36.57
36.54
36.55
36.55
36.56
36.55
36.61
36.58
36.59
36.6
36.61
36.6
36.61
36.65
36.65
36.65
36.64
36.66
36.63
36.62
36.63
36.62
36.65
36.64
36.63
36.63
36.61
36.59
36.57
36.56
36.57
36.56
36.56
36.56
36.56
36.56
36.61
36.63
36.61
36.61
36.62
36.63
36.63
36.55
36.6
36.61
36.62
36.62
36.62
36.6
36.6
36.58
36.56
36.58
36.58
36.6
36.6
36.6
36.59
36.58
36.58
36.58
36.59
36.58
36.56
36.54
36.59
36.59
36.59
36.56
36.57
36.58
36.58
36.57
36.56
36.56
36.56
36.55
36.54
36.54
36.56
36.53
36.53
36.53
36.52
36.51
36.48
36.46
36.45
36.45
36.45
36.45
36.43
36.43
36.41
36.42
36.42
36.4
36.4
36.44
36.4
36.2
36.15
36.15
36.17
36.11
36.08
35.97
35.98
35.99
36
35.95
35.93
36.03
35.96
35.95
35.96
35.94
35.91
35.87
36.02
35.87
35.81
35.82
35.78
35.75
35.72
35.68
35.78
35.8
35.71
35.75
35.68
35.66
35.66
35.66
35.7
35.7
35.68
35.71
35.75
35.77
35.76
35.76
35.69
35.69
35.72
35.75
35.69
35.72
35.69
35.71
35.71
35.74
35.61
35.6
35.62
35.58
35.56
35.54
35.47
35.49
35.51
35.5
35.55
35.49
35.51
35.51
35.51
35.58
35.55
35.59
35.54
35.56
35.55
35.54
35.52
35.55
35.52
35.51
35.54
35.51
35.52
35.51
35.52
35.51
35.48
35.49
35.49
35.5
35.5
35.49
35.63
35.71
35.73
35.63
35.72
35.76
35.78
35.71
35.73
35.69
35.7
35.65
35.65
35.63
35.63
35.62
35.58
35.58
35.61
35.6
35.62
35.61
35.6
35.61
35.53
35.54
35.61
35.53
35.56
35.58
35.58
35.6
35.62
35.6
35.6
35.65
35.66
35.67
35.63
35.71
35.7
35.72
35.69
35.7
35.7
35.7
35.71
35.71
35.7
35.71
35.72
35.71
35.7
35.7
35.71
35.71
35.67
35.67
35.66
35.62
35.63
35.61
35.61
35.6
35.65
35.67
35.67
35.67
35.64
35.6
35.59
35.61
35.62
35.63
35.63
35.6
35.59
35.56
35.55
35.53
35.49
35.51
35.51
35.52
35.51
35.53
35.5
35.51
35.51
35.51
35.57
35.55
35.53
35.51
35.53
35.56
35.56
35.55
35.56
35.56
35.51
35.5
35.52
35.52
35.55
35.51
35.58
35.56
35.56
35.57
35.57
35.58
35.55
35.54
35.56
35.55
35.55
35.54
35.54
35.58
35.6
35.6
35.58
35.69
35.72
35.72
35.71
35.69
35.73
35.7
35.72
35.77
35.71
35.76
35.64
35.64
35.6
35.62
35.63
35.67
35.7
35.72
35.72
35.69
35.69
35.7
35.67
35.67
35.66
35.65
35.64
35.61
35.61
35.59
35.58
35.57
35.58
35.62
35.6
35.62
35.62
35.6
35.6
35.6
35.6
35.59
35.58
35.61
35.62
35.61
35.6
35.61
35.63
35.64
35.65
35.66
35.65
35.64
35.63
35.63
35.65
35.61
35.6
35.56
35.63
35.76
35.79
35.82
35.81
35.81
35.8
35.78
35.84
35.81
35.77
35.78
35.76
35.73
35.72
35.71
35.73
35.71
35.73
35.73
35.8
35.79
35.74
35.73
35.71
35.72
35.73
35.72
35.73
35.71
35.71
35.7
35.72
35.7
35.7
35.68
35.64
35.62
35.58
35.67
35.6
35.59
35.6
35.59
35.61
35.63
35.65
35.64
35.64
35.61
35.61
35.61
35.62
35.63
35.68
35.69
35.75
35.63
35.76
35.78
35.77
35.75
35.75
35.75
35.77
35.8
35.78
35.79
35.84
35.83
35.83
35.85
35.85
35.88
35.78
35.85
35.88
35.94
35.92
35.95
36.06
36.15
36.1
35.99
36.04
36.04
35.96
35.95
36
35.97
35.96
35.95
35.83
35.8
35.91
35.72
35.74
35.67
35.67
35.62
35.6
35.55
35.54
35.51
35.5
35.58
35.58
35.58
35.58
35.64
35.66
35.65
35.52
35.58
35.61
35.65
35.69
35.68
35.67
35.67
35.53
35.52
35.51
35.57
35.52
35.56
35.56
35.53
35.54
35.58
35.58
35.58
35.57
35.51
35.58
35.57
35.57
35.54
35.54
35.6
35.59
35.58
35.59
35.65
35.64
35.59
35.61
35.77
35.65
35.76
35.77
35.76
35.73
35.82
35.81
35.84
35.85
35.87
35.87
35.78
35.75
35.77
35.75
35.73
35.76
35.74
35.72
35.73
35.76
35.74
35.72
35.67
35.67
35.7
35.69
35.69
35.69
35.7
35.67
35.69
35.77
35.78
35.77
35.77
35.76
35.79
35.77
35.76
35.75
35.79
35.8
35.8
35.82
35.84
35.88
35.84
35.85
35.87
35.83
35.94
35.96
35.95
35.95
35.87
35.95
35.95
35.95
36.06
36.06
36.06
36.03
36
36.01
36.03
36.01
36
36.04
36.03
36
36
35.98
35.94
35.94
35.88
35.88
35.87
35.93
35.95
35.92
35.96
36
36
35.99
35.99
35.99
36
35.99
35.99
35.97
35.96
35.98
35.92
35.94
35.97
35.93
35.94
35.94
35.96
36
35.95
35.95
36
35.99
35.99
35.99
36
35.99
36.01
36
36.02
36
36
36.13
36.11
36.05
36.04
36.04
36.02
36.09
36.09
36.07
36.09
36.14
36.06
36.13
36.13
36.13
36.09
36.07
36.1
36.11
36.11
36.19
36.19
36.19
36.2
36.2
36.2
36.19
36.24
36.24
36.23
36.23
36.29
36.32
36.25
36.29
36.35
36.39
36.3
36.28
36.33
36.43
36.41
36.42
36.42
36.38
36.39
36.39
36.38
36.4
36.4
36.44
36.42
36.4
36.43
36.44
36.45
36.46
36.47
36.47
36.49
36.46
36.47
36.49
36.42
36.35
36.37
36.37
36.37
36.39
36.35
36.28
36.3
36.31
36.28
36.27
36.19
36.26
36.25
36.25
36.24
36.23
36.24
36.27
36.29
36.3
36.26
36.33
36.26
36.31
36.28
36.31
36.29
36.32
36.28
36.28
36.29
36.28
36.27
36.26
36.25
36.24
36.24
36.24
36.25
36.25
36.23
36.21
36.23
36.17
36.15
36.1
36.11
36.13
36.08
36.05
36.05
36.05
36.05
36.07
36.06
36.1
36.11
36.12
36.11
36.11
36.11
36.13
36.14
36.17
36.17
36.2
36.11
36.09
36.05
36.02
36.04
36.09
36.04
36.04
36.05
36.03
35.99
35.99
35.99
35.95
35.95
35.9
35.87
35.85
35.87
35.86
35.84
35.79
35.81
35.81
35.85
35.88
35.89
36.36
36.32
36.38
36.38
36.27
36.29
36.33
36.24
36.19
36.16
36.2
36.17
36.14
36.15
36.13
36.1
36.14
36.2
36.17
36.15
36.09
36.02
36.06
36.17
36.24
36.3
36.32
36.26
36.26
36.33
36.31
36.28
36.3
36.25
36.22
36.23
36.25
36.23
36.23
36.21
36.2
36.22
36.21
36.21
36.24
36.26
36.23
36.23
36.22
36.17
36.16
36.11
36.24
36.05
36.02
36
36.03
36.03
36.01
36
35.9
35.9
35.91
35.95
36.01
36.01
35.97
35.95
35.93
35.9
35.88
35.97
35.99
35.99
36.02
36.06
36.09
35.99
35.97
36
35.99
36
36.04
35.98
35.94
35.92
35.92
35.93
35.85
35.8
35.64
35.61
35.6
35.6
35.83
35.81
35.7
35.77
35.69
35.72
35.59
35.72
35.73
35.76
35.74
35.74
35.73
35.73
35.7
35.71
35.68
35.69
35.72
35.72
35.71
35.7
35.71
35.74
35.71
35.74
35.71
35.7
35.66
35.7
35.7
35.7
35.68
35.67
35.7
35.67
35.67
35.72
35.69
35.72
35.77
35.83
35.87
35.88
35.86
35.85
35.98
35.97
36
36.05
35.87
35.99
36.05
36.01
36.02
36.04
35.76
35.76
35.76
35.74
35.73
35.74
35.78
35.83
35.78
35.78
35.81
35.81
35.79
35.85
35.83
35.89
35.79
35.85
35.83
35.85
35.87
35.87
35.9
35.93
35.9
35.87
35.87
35.86
35.9
35.92
35.93
35.94
35.92
36.01
36.06
35.98
35.96
36.04
36.16
36.15
36.22
36.22
36.2
36.22
36.04
36.28
36.27
36.23
36.26
36.24
36.26
36.24
36.31
36.28
36.24
36.23
36.21
36.23
36.24
36.27
36.23
36.3
36.27
36.31
36.34
36.39
36.36
36.33
36.28
36.39
36.22
36.37
36.2
36.2
36.25
36.29
36.24
36.26
36.26
36.33
36.34
36.39
36.37
36.33
36.47
36.34
36.34
36.49
36.53
36.53
36.5
36.53
36.51
36.5
36.51
36.46
36.48
36.53
36.52
36.56
36.56
36.49
36.61
36.64
36.65
36.68
36.71
36.7
36.67
36.71
36.64
36.66
36.65
36.64
36.63
36.63
36.61
36.57
