53.81
53.07
53.15
53.43
53.57
53.24
53.64
53.63
53.12
52.87
52.67
52.78
52.4
52.61
52.24
52.1
52.07
52.01
52.58
52.18
52.23
52.46
52.46
52.27
52.33
52.36
52.13
52.49
52.47
52.36
52.29
52.49
51.92
52.01
51.82
52.39
52.1
52.36
52.07
52.07
52.07
52.07
52.07
52.1
52.07
51.89
51.95
52.08
51.97
51.75
51.85
52.21
52.12
52.11
52.04
51.84
51.98
51.97
51.9
52.01
52.36
52.49
52.62
52.56
52.53
52.56
52.4
52.39
52.01
52.39
52.58
52.56
52.48
52.58
52.53
52.6
52.43
52.43
52.57
52.53
52.57
52.55
52.52
52.47
52.43
52.58
52.61
52.5
52.49
52.44
52.46
52.31
52.27
52.19
52.19
52.35
52.37
52.27
52.47
52.45
52.31
52.42
52.26
52.28
52.21
52.28
52.44
51.97
51.92
51.82
51.87
51.9
52.06
52.1
52.24
52.09
51.97
52.12
52
52.06
52.04
51.99
51.93
52.05
52
51.92
51.91
52.37
52.37
52.61
52.51
52.54
52.51
52.72
52.53
52.47
52.51
52.52
52.46
52.53
52.51
52.42
52.53
52.76
52.99
52.89
52.44
52.92
53.05
53.02
53.14
53.23
53.38
53.38
53.1
52.97
52.92
52.84
52.71
52.81
52.83
52.87
53.32
53
52.93
52.95
53
52.98
52.97
53
53.07
53.1
53.07
53.1
53.11
52.91
52.96
52.89
52.88
53.01
53.14
53.17
53.27
53.33
53.25
53.46
53.48
53.43
53.42
53.29
53.16
53.45
53.15
53.03
53.03
53.1
53.1
53.17
53.15
53.13
53.07
53.07
53.09
53
53
53.34
53.34
53.52
53.56
53.46
53.14
53.33
53.11
53.4
53.3
53.3
53.31
53.32
53.4
53.42
53.4
53.23
53.44
53.43
53.39
53.36
53.38
53.29
53.27
53.29
53.18
53.07
53.16
52.96
53.17
53.01
53.02
53.06
52.99
53.1
53.02
52.97
53.04
53.15
52.91
52.93
53.01
52.94
53.01
52.97
52.9
52.79
52.84
52.86
52.79
52.87
52.72
52.72
52.77
52.68
52.72
52.7
52.77
52.69
52.8
52.73
53.04
52.73
52.81
53.16
53.16
53.14
52.97
53.16
52.98
53.06
52.93
53.01
53.08
53.2
53.28
53.2
52.98
53.32
52.92
52.86
52.82
52.87
52.74
52.98
52.95
52.99
52.89
52.87
52.99
52.86
52.99
52.93
52.91
53.12
52.99
52.95
53.03
52.87
52.99
53
53.04
52.98
52.99
53.17
53.29
53.26
53.2
53.03
53.13
52.99
53.11
53.11
53.07
53.06
53.06
53.01
53.08
53.08
53.01
52.97
52.97
52.87
52.79
52.87
52.77
52.83
52.98
52.89
53
52.9
53.07
53.09
53.05
53.15
53.18
53.11
53.23
53.15
53.02
53.24
53.27
53.21
53.36
53.45
53.49
53.49
53.16
53.19
53.46
53.44
52.81
52.9
52.56
52.2
53
53.1
53.35
53.1
53.27
53.57
53.93
53.83
54
54.77
54.52
53.99
54.19
53.83
54.06
54.1
54.01
54.01
54.05
54.24
54.4
54.48
54.39
54.42
54.41
54.78
54.66
54.61
54.61
54.65
54.88
55.17
55.13
55.18
55.18
54.5
55.47
55.03
55.6
55.32
55.28
55.76
55.61
55.35
55.55
55.52
55.87
55.58
55.51
55.46
55.17
55.73
55.24
55.59
55.47
55.27
55.21
55.15
55.23
54.76
55.2
54.91
54.87
55
55.25
55.12
55.43
55.19
55.21
55.51
55.47
55.35
55.64
55.7
55.76
55.8
55.83
55.75
55.8
55.62
56
55.83
55.82
55.79
55.67
55.98
56.1
56.2
55.78
56.18
56.28
56.34
56.43
56.01
56.71
56.92
56.79
57.07
57.3
56.3
57.45
57.74
57.96
57.84
57.98
58.38
58.7
58.76
58.33
57.73
57.75
58.01
57.98
58.03
57.95
58
58.03
58.07
58.15
58.18
58.29
58
58.2
58.01
58.05
57.81
57.46
57.63
58.34
58.26
57.47
57.48
57.19
57.24
57.29
57.2
57.27
57.3
57.26
57.35
57.3
57.29
57.2
57.12
57.12
57.11
57.44
57.33
57.22
57.33
57.45
57.13
56.97
57.04
57.31
57.31
57.36
57.11
57.06
57.06
57.19
57.14
57.29
57.21
57.06
57.09
56.63
56.67
56.55
56.33
56.82
56.39
56.47
56.36
56.36
56.5
56.31
56.27
56.36
56.49
56.38
56.38
56.45
56.43
56.58
56.57
56.45
56.26
56.44
56.25
56.06
56.4
56.42
56.06
56.65
56.38
56.4
56.39
56.37
56.41
56.45
56.79
56.72
56.45
56.36
56.34
56.33
56.24
56.24
56.3
56.75
56.75
56.2
56.24
56.35
56.38
56.35
56.3
56.29
56.3
56.31
56.24
56.25
56.24
56.31
56.41
56.34
56.77
56.97
57.04
56.99
56.8
56.95
56.95
56.95
56.65
56.55
56.65
56.85
56.86
56.65
56.5
56.92
56.28
56.26
56.35
56.33
56.31
56.11
56.4
56.27
56.19
56.22
56.06
56.08
56.09
56.14
56.06
56.07
56.05
56.26
56.59
56.48
56.15
56.22
56.27
56.23
56.26
56.02
55.88
56.15
56.15
56.01
56.26
56.23
55.93
55.91
56
56.37
56.13
56.13
55.86
55.73
55.78
55.94
55.78
55.85
55.88
55.73
55.63
56.08
55.76
55.82
55.93
55.76
55.8
55.66
55.87
55.61
55.85
55.59
55.67
55.7
55.69
55.66
55.71
55.61
55.6
55.91
55.85
55.71
55.82
55.71
55.55
55.76
55.65
55.56
55.7
55.8
55.65
56.08
55.94
55.97
55.82
55.87
56
55.99
55.91
55.79
55.93
55.91
56.39
56.65
56.76
56.51
56.51
56.96
57.03
57.33
56.83
56.89
56.86
56.88
56.95
56.79
56.7
56.66
56.74
56.76
56.77
56.79
56.78
56.83
56.85
56.97
56.96
56.77
56.8
57
57.1
57.08
57.07
57.05
57.04
57.01
56.9
57.07
56.78
56.65
57.13
56.86
56.75
56.64
56.42
56.45
56.29
56.48
55.92
56.15
56.18
56.35
56.35
56.31
56.36
56.22
56.35
56.25
56.22
56.84
56.63
56.64
56.47
56.58
56.36
56.4
56.25
56.61
56.58
56.62
56.68
56.48
56.4
56.42
56.78
57.2
57
57.2
57.06
57.29
56.95
57.59
57.33
57.27
57.7
57.91
57.58
57.71
57.95
57.75
57.79
57.99
58.15
58.08
57.76
58.02
57.89
58.02
57.99
58.05
57.94
58.05
57.95
58.25
58.04
58.51
58.46
58.54
58.28
58.46
58.75
58.73
58.47
58.28
58.63
58.22
59.23
59.4
59.76
58.24
59.58
59.65
58.26
59.19
59.82
58.8
58.79
58.72
58.44
58.35
58.37
57.87
58.6
58.59
58.48
57.89
58.42
57.77
58.45
57.75
57.57
57.7
57.72
57.94
57.74
57.76
57.79
57.94
57.76
57.66
57.89
57.72
57.68
57.85
57.8
58
58.01
58.05
57.83
58
58.02
58.15
57.92
57.94
57.98
57.98
57.93
57.94
57.85
57.96
58.07
57.98
57.88
57.84
57.82
57.74
57.79
57.77
57.91
57.74
57.83
57.98
57.7
57.72
57.85
57.7
57.71
57.82
57.84
58
58
57.96
57.99
57.96
58
58
58.12
58.12
58.12
58.05
57.99
58.21
58.1
58.08
58.07
58.1
58.24
58.29
58.22
58.22
58.15
58.29
58.36
58.39
58.35
58.33
58.3
58.28
58.44
58.44
58.29
58.4
58.29
58.3
58.42
58.29
58.3
58.19
58.33
58.52
58.58
58.51
58.47
58.79
58.88
58.67
58.52
58.37
58.51
58.4
58.12
58.17
58.09
57.94
58
58.01
57.98
58.2
57.91
57.88
57.94
57.85
57.85
57.98
57.42
57.52
57.47
57.35
57.07
57.28
57.35
57.36
57.11
57.47
57.47
57.48
57.43
57.5
57.36
57.32
57.28
57.89
57.24
57.6
57.6
57.75
57.75
57.83
57.97
57.91
58.03
58.06
58.22
58.12
58.07
58.4
58.32
58.01
57.9
58.08
57.86
58.07
58.07
58.04
58.03
58.37
58.29
58.02
58
58.66
58.51
58.49
58.8
58.59
58.59
58.54
58.62
58.92
58.68
59
58.72
59
58.91
59.03
59
59.08
58.98
58.86
58.67
58.87
58.76
58.66
58.95
58.88
58.98
58.99
61.74
62.14
62.19
62.08
61.43
60.95
61.68
62.1
61.82
61.85
61.22
61.06
60.9
60.74
60.8
60.74
60.88
61.16
61.16
60.92
60.57
60.54
60.85
60.75
60.79
60.65
60.88
60.72
60.72
60.81
60.81
60.74
60.61
60.8
60.67
60.7
60.52
60.23
60.28
59.99
60.11
60.2
60.08
60.01
60.17
60.39
60.18
60.14
59.85
59.97
59.97
60.07
60.04
60
59.97
59.97
59.84
59.98
60.09
59.33
59.37
59.36
59.36
59.63
59.6
59.59
59.67
59.63
59.52
59.6
59.57
60.55
60.62
59.55
59.55
60.14
60.47
60.29
60.46
60.21
60.27
60.01
60.21
60.19
60.3
60.39
60.29
60.2
60.07
59.71
59.87
60.02
60.16
60.38
60.61
60.12
60.7
60.64
60.62
60.43
60.6
60.62
60.54
60.61
60.3
60.41
60.41
60.31
60.21
60.29
60.47
60.24
60.61
60.38
60.87
60.39
60.78
60.76
60.57
60.16
60.16
60.34
60.11
60.18
60.23
60.23
60.19
60.1
60.06
60.25
60.21
59.76
59.62
59.62
59.49
59.57
59.74
59.77
59.79
59.69
60.02
60.25
60.29
60.34
59.68
59.64
59.97
59.84
60.07
60.21
60.02
60.02
59.97
60.07
60.25
60.21
60.1
60.16
60.07
60.11
59.76
59.89
59.85
59.85
60.09
60.03
60.09
60.63
60.64
60.55
60.47
60.58
60.58
60.46
60.37
60.36
60.59
60.07
59.95
60.2
60
60.18
60.03
60.16
59.79
59.91
59.92
59.86
59.94
59.96
59.91
59.77
60.15
60.06
60.04
60
60.14
60.02
60
59.97
60.02
60.04
59.94
60.09
59.84
59.84
59.66
59.77
59.64
59.67
59.67
59.5
59.5
59.34
59.71
59.61
59.3
59.51
59.4
59.27
59.24
59.34
59.38
59.41
59.44
59.18
59.05
59.29
59.13
59.19
59.19
59.09
58.96
58.99
58.65
58.71
58.96
58.48
58.91
58.53
58.72
58.55
58.55
58.36
58.47
58.47
58.45
58.46
58.43
58.37
58.46
58.31
58
58.05
58.46
57.93
57.92
58.02
58.03
57.89
57.99
57.94
57.82
58.35
57.95
58.24
58.22
58.14
58.15
58.29
58.34
58.4
58.4
58.15
58.43
58.36
58.26
58.32
58.35
59.38
59.38
59.14
59.3
59.32
59.32
59.3
59.07
59.13
59.28
59.28
59.18
59.14
59.46
59.46
59.45
59.39
59.4
59.44
59.48
59.46
59.49
59.48
59.36
59.52
59.55
59.57
60.66
60.83
60.92
60.98
60.99
61.54
61.22
61.32
61.01
60.88
61.31
61.29
61.13
60.94
60.26
61.32
61.26
60.3
60.2
60.21
60.21
60.21
59.92
59.92
59.66
59.91
60.14
60.14
59.87
60.19
60.19
59.91
59.92
60.24
60.41
60.33
60.3
60.54
60.6
60.6
60.3
60.41
60.36
60.75
60.37
60.37
60.3
60.43
60.39
60.53
60.44
60.87
60.97
60.66
60.49
60.69
60.78
60.42
60.46
60.56
60.25
60.39
60.53
60.23
60.49
60.26
60.35
60.3
60.37
60.14
60.33
60.27
60.29
60.29
60.26
60.36
60.29
60.39
60.29
60.32
60.42
60.53
60.58
60.5
60.51
60.4
60.37
60.51
60.52
60.43
60.46
60.41
60.62
60.62
60.8
60.88
60.81
60.81
60.58
60.69
60.69
61.06
60.73
60.88
60.92
61.02
60.94
61.1
60.92
60.92
60.98
60.8
60.79
60.85
60.79
60.67
60.61
60.88
60.86
60.52
60.82
60.65
60.6
60.79
60.66
60.66
60.67
60.77
60.66
60.61
60.75
60.67
60.58
60.6
60.63
60.59
60.63
60.67
60.66
60.64
60.65
60.54
60.65
60.61
60.61
60.68
60.63
60.67
60.7
60.64
60.69
60.67
60.6
60.62
61.03
60.74
60.65
60.65
60.6
60.74
60.66
60.81
60.64
60.72
60.57
60.9
60.91
60.81
61.05
61.03
61.25
61.28
61.24
61.24
61.15
61.21
61.19
61.17
61.12
61
61.32
61.14
61.08
61
61.01
61
61.02
61.13
61.15
61.28
61.43
61.48
61.52
61.41
61.44
61.51
61.44
61.55
61.5
61.53
61.5
61.5
61.57
61.49
61.47
61.58
61.42
61.45
61.45
61.42
61.48
61.47
61.51
61.48
61.26
61.39
61.39
61.26
61.28
61.33
61.22
61.29
61.36
61.3
61.37
61.39
61.37
61.3
61.31
61.27
61.31
61.38
61.39
61.34
61.42
61.31
61.44
61.62
61.49
61.49
61.48
61.39
61.57
61.41
61.65
61.69
61.77
61.62
61.64
61.6
61.52
61.51
61.62
61.98
61.91
61.46
61.56
61.99
61.69
61.76
61.72
62.25
62.26
62.27
62.42
62.38
62.47
62.6
62.68
62.71
62.57
62.6
62.75
62.59
62.92
62.98
63.01
62.96
62.83
62.8
62.95
62.9
62.86
62.98
62.94
63
62.84
62.86
63
62.83
62.88
62.76
62.86
62.92
62.75
62.69
62.66
62.55
62.6
62.61
62.65
62.49
62.45
62.4
62.41
62.41
62.58
62.58
62.42
62.56
62.52
62.35
62.33
62.3
62.31
62.23
62.28
62.28
62.14
62.18
62.14
62.15
62.05
62.17
62.17
62.31
62.27
62.24
62.47
62.52
62.4
62.47
62.49
62.61
62.43
62.51
62.44
62.43
62.43
62.58
62.55
62.72
62.71
