78.42
78.28
78.09
78.47
78.2
78.47
78.42
78.43
78.23
77.97
77.95
77.91
78.01
77.99
77.94
77.87
77.88
77.71
77.75
78.02
77.91
78
77.81
77.97
77.9
78.02
78.11
78.08
78.11
78.05
78.03
78.07
77.75
78.02
77.82
77.85
77.89
77.96
77.92
77.81
77.86
77.85
77.86
77.75
77.87
77.9
77.81
77.81
77.78
77.81
77.7
77.68
77.45
77.46
77.45
77.47
77.54
77.57
77.82
77.82
77.9
78.11
78.19
77.66
78.22
78.2
78.1
78.14
77.8
77.77
78.08
78.08
78.1
78.01
77.96
77.93
78.09
77.93
78.09
78.07
78.08
78
78.01
78
77.99
77.9
77.95
77.98
77.91
77.9
77.9
78.02
77.86
77.87
77.82
77.8
77.98
77.7
77.88
77.97
77.99
77.94
77.77
77.78
77.81
77.78
77.75
77.79
77.8
77.65
77.75
77.64
77.87
77.86
77.81
77.73
77.75
77.81
77.82
77.67
77.61
77.5
77.45
77.55
77.59
77.67
77.51
77.67
77.64
77.6
77.57
77.83
77.81
77.84
77.86
77.79
77.77
77.8
77.84
77.82
77.93
77.79
77.8
77.78
77.88
77.9
77.91
77.86
77.98
78
77.97
78.05
77.95
78.05
78.07
78.03
78
78.01
78.02
77.95
77.92
77.97
78.02
78.15
78.12
78.05
78.01
78.12
77.96
77.97
78.02
78
78.06
78.03
78.06
77.98
78.04
77.98
78.05
78.02
78.03
78.07
78.07
78.1
78.02
78.07
78
78.03
78.05
77.98
77.83
77.9
78.02
77.75
77.81
77.87
77.77
77.76
77.73
77.68
77.63
77.63
77.65
77.69
77.74
77.77
77.65
77.81
77.79
77.62
77.62
77.65
77.61
77.6
77.59
77.6
77.65
77.62
77.6
77.59
77.58
77.51
77.58
77.6
77.53
77.56
77.46
77.5
77.52
77.43
77.32
77.3
77.31
77.2
77.31
77.25
77.22
77.31
77.31
77.32
77.25
77.24
77.24
77.22
77.29
77.37
77.38
77.27
77.3
77.34
77.23
77.3
77.27
77.31
77.24
77.18
77.27
77.12
77.11
77.11
77.17
77.15
77.26
77.22
77.21
77.28
77.22
77.38
77.4
77.48
77.5
77.31
77.41
77.34
77.37
77.34
77.4
77.39
77.4
77.42
77.51
77.46
77.4
77.42
77.5
77.38
77.24
77.33
77.25
77.48
77.29
77.39
77.29
77.32
77.31
77.32
77.39
77.34
77.3
77.38
77.32
77.29
77.33
77.25
77.22
77.23
77.28
77.25
77.24
77.24
77.23
77.22
77.18
77.13
77.15
77.11
77.09
77.06
77.01
77.02
77.06
77.26
76.96
76.96
77.05
76.96
76.87
76.75
76.6
76.71
76.65
76.74
77.05
76.98
77.06
77.14
77.11
77.04
77.06
77.08
77.1
77.06
77.11
77.01
77.1
77.11
77.07
77.14
77.22
77.26
77.26
77.27
77.26
77.23
77.26
77.13
76.96
76.7
76.91
76.99
76.98
76.54
76.59
76.72
76.77
76.68
76.68
76.81
76.76
76.85
77.18
76.98
77.2
77.06
77.01
77.07
77.18
76.92
77.17
76.93
76.76
77.24
77.16
76.69
76.79
76.67
76.59
76.79
76.53
76.38
76.36
76.13
75.99
76.24
76.36
76.36
76.54
76.04
76.54
76.51
76.46
76.52
76.55
76.52
76.43
76.48
76.45
76.47
76.54
76.38
76.28
76.58
76.59
76.58
76.4
76.47
76.52
76.57
76.53
76.41
76.39
76.59
76.45
76.58
76.55
76.52
76.51
76.54
76.5
76.53
76.48
76.68
76.7
76.69
76.6
76.71
76.7
76.81
76.86
76.84
76.83
76.6
76.64
76.75
76.69
76.78
76.82
76.82
76.82
76.91
76.73
76.92
76.95
77.05
77.01
77.01
76.87
76.88
76.97
76.92
77.05
77.13
77.16
77.08
77.14
77.2
77.12
77.2
77.18
77.08
77.12
77.11
77.11
77.03
77.12
77.09
77.18
77.24
77.15
77.24
77.2
77.26
77.22
77.22
77.19
77.13
77.12
77.2
77.21
77
77
76.93
76.95
76.97
76.96
77.02
76.98
76.92
76.95
76.93
76.96
76.97
76.99
76.83
76.99
76.87
76.92
76.85
76.79
76.92
76.78
76.89
76.87
76.91
76.85
76.65
76.64
76.58
76.64
76.59
76.59
76.57
76.59
76.64
76.56
76.57
76.58
76.54
76.39
76.32
76.34
76.28
76.36
76.27
76.39
76.22
76.19
76.11
76.34
76.18
76.15
76.07
76.13
75.99
76.14
76.08
76.09
76.01
75.96
75.94
75.75
75.98
75.9
75.94
76.05
75.92
75.92
75.96
76.02
76.02
76.02
76.04
76.03
75.98
75.93
75.94
76.13
76.04
75.98
76.09
76.18
76.03
76.1
76.12
76.18
76.18
76.19
76.14
76.13
76.17
76.19
76.05
76.12
75.87
76.02
75.93
76.05
76.07
76.1
76.14
76.13
76.02
76.16
76.06
75.97
75.92
76.02
76.06
75.93
75.93
75.97
75.97
75.97
75.97
75.95
75.99
75.95
75.94
75.93
76.03
76.01
76.02
75.94
75.91
75.84
75.9
75.92
76
76.03
76.02
75.99
75.91
75.86
75.84
75.86
75.8
75.83
75.65
75.8
75.5
75.61
75.71
75.71
75.65
75.64
75.65
75.64
75.68
75.83
75.74
75.56
75.71
75.65
75.55
75.48
75.5
75.4
75.36
75.45
75.62
75.69
75.43
75.39
75.44
75.42
75.39
75.39
75.43
75.37
75.44
75.42
75.38
75.49
75.42
75.4
75.38
75.42
75.43
75.57
75.57
75.5
75.42
75.25
75.27
75.27
75.17
75.06
74.92
75.03
75.09
75.15
75
75.01
75.16
75.1
74.97
74.91
74.9
74.79
74.78
74.65
75.47
75.5
75.46
75.34
75.4
75.47
75.38
75.32
75.53
75.68
75.77
75.72
75.8
75.87
76.07
75.9
76
75.99
75.99
76.06
76.1
76.25
75.95
76.38
76.12
76.15
75.98
75.85
75.82
75.88
75.94
75.97
75.82
75.81
75.81
75.88
75.77
75.69
75.78
75.83
75.71
75.71
75.71
75.67
75.6
75.6
75.75
75.65
75.73
75.73
75.66
75.73
75.72
75.72
75.7
75.68
75.65
75.82
75.75
75.76
75.75
75.83
75.74
75.89
75.85
75.77
75.74
75.78
75.82
75.83
75.76
75.69
75.75
75.62
75.6
75.59
75.75
75.66
75.77
75.76
75.6
75.83
75.83
75.85
75.7
75.72
75.71
75.75
75.81
75.85
75.75
75.89
75.78
75.8
75.85
75.91
75.93
75.9
75.96
75.97
75.91
75.97
75.93
76
76.05
76.08
75.97
75.99
76.11
76.1
75.98
75.9
76.08
76
75.93
76
75.97
75.97
75.98
75.91
75.94
75.89
75.95
75.89
75.86
75.86
75.83
75.8
75.84
75.82
75.78
75.78
75.82
75.81
75.77
75.76
75.81
75.77
75.71
75.64
75.65
75.68
75.58
75.53
75.53
75.59
75.57
75.53
75.53
75.57
75.47
75.46
75.38
75.21
75.24
75.25
75.22
75.21
75.2
75.17
75.23
75.32
75.19
75.34
75.23
75.2
75.17
75.35
75.41
75.32
75.29
75.3
75.31
75.32
75.31
75.27
75.25
75.27
75.17
75.16
75.08
75.3
75.12
75.15
75.14
75.14
75.15
75.11
75.13
75.08
75.07
75.05
75.1
75.1
75.06
75.05
75.12
75.16
75.18
75.06
75.12
75.09
75.1
75.17
75.18
75.22
75.21
75.18
75.2
75.27
75.23
75.17
75.26
75.19
75.23
75.24
75.26
75.27
75.32
75.31
75.32
75.29
75.26
75.22
75.24
75.19
75.25
75.87
75.72
75.97
75.94
75.88
75.95
75.96
75.98
75.88
75.88
75.91
75.82
75.8
75.84
75.89
75.97
75.97
75.84
75.92
75.75
75.62
75.75
75.69
75.75
75.95
75.68
75.67
75.78
75.56
75.49
75.52
75.6
75.47
75.73
75.49
75.52
75.63
75.48
75.46
75.3
75.22
75.55
75.57
75.37
75.39
75.34
75.3
75.37
75.36
75.34
75.32
75.32
75.38
75.53
75.54
75.33
75.65
75.63
75.67
75.63
75.68
75.58
75.61
75.61
75.55
75.72
75.83
75.89
75.84
75.93
75.97
75.92
75.64
75.63
75.79
75.79
75.84
75.88
76.02
75.89
76.2
76.24
76.24
76.23
76.27
76.27
76.31
76.29
76.15
76.13
76.15
76.08
75.99
76.06
76.1
76.08
76.06
76.83
76.77
76.73
76.99
76.89
76.8
76.8
76.78
76.76
76.66
76.88
76.79
76.86
76.86
76.85
76.98
77.63
77.59
77.66
77.66
77.69
77.7
77.76
77.65
77.78
77.84
77.86
77.8
77.79
77.78
77.78
77.82
77.85
77.82
77.8
77.78
77.81
77.84
77.87
77.84
77.74
77.66
77.56
77.55
77.59
77.58
77.65
77.66
77.66
77.66
77.58
77.66
77.56
77.54
77.72
77.72
77.66
77.5
77.61
77.5
77.51
77.61
77.57
77.63
77.63
77.65
77.62
77.63
77.61
77.64
77.7
77.72
77.7
77.71
77.68
77.71
77.75
77.76
77.74
77.67
77.65
77.65
77.72
77.68
77.64
77.75
77.59
77.6
77.62
77.68
77.62
77.58
77.63
77.7
77.83
77.87
77.92
77.95
77.93
77.96
77.99
77.71
77.7
78.11
78.11
78.11
78.03
77.94
77.94
77.96
77.91
77.91
77.9
77.99
77.87
77.93
78.01
78.03
77.96
77.96
77.96
77.99
78
78
77.99
78.04
78.06
78.01
78.18
78.14
78.13
78.16
78.17
78.18
78.16
78.2
78.15
78.15
78.17
78.18
78.15
78.19
78.17
78.2
78.14
78.15
78.09
78.15
78.17
78.16
78.02
78.04
78.07
78.11
78.18
78.18
78.1
78.15
78.15
78.16
78.17
78.17
78.18
78.23
78.27
78.26
78.24
78.06
78.1
78.1
78.08
78.09
78.09
78.06
78.06
78.04
78.02
77.99
77.97
77.99
78.01
78.02
78
77.97
77.97
78.02
78.02
77.97
78.02
77.97
78.01
78.05
78.08
78.07
78.02
78.05
78.03
78.08
78.04
78.06
78.02
78.04
78.04
78.1
78.12
78.14
78.11
78.12
78.1
78.12
78.07
78.06
78.1
78.07
78.06
78.11
78.07
78.09
78.1
78.04
78.07
78.08
78.1
78.1
78.1
78.1
78.1
78.1
78.06
78.01
78.12
78.03
78.04
78
77.96
77.94
77.98
77.99
78.04
78.04
78.01
78.02
78.04
78.02
78.07
78.07
78.14
78.01
78.02
78.01
78.01
78.04
78.09
78.13
78.07
78.06
78.17
78.14
78.04
78.04
78.02
78.06
78.09
78.09
78.04
78.04
78.09
78
78.01
78.11
78.02
78.06
78.05
78.07
77.96
77.94
77.89
77.94
77.85
78.08
78.04
78.06
77.96
78
78.04
78.04
77.91
77.98
77.96
78.06
77.98
78.01
78.23
78.21
78.22
78.24
78.22
78.21
78.23
78.28
78.17
78.33
78.3
78.3
78.32
78.29
79.24
79.19
79.19
79.3
79.29
79.52
79.45
79.48
79.47
79.44
79.47
79.58
79.47
79.6
79.59
79.57
79.6
79.61
79.6
79.68
79.69
79.66
79.63
79.62
79.61
79.62
79.64
79.55
79.46
79.46
79.42
79.54
79.52
79.46
79.43
79.48
79.4
79.45
79.45
79.52
79.47
79.52
79.65
79.66
79.63
79.64
79.62
79.61
79.62
79.51
79.54
79.66
79.65
79.69
79.68
79.77
79.77
79.74
79.71
79.69
79.65
79.73
79.78
79.82
79.8
79.82
79.82
79.84
79.86
79.89
79.82
79.8
79.83
79.83
79.81
79.81
79.86
79.88
79.88
79.89
79.93
79.96
79.95
79.97
79.93
79.85
79.82
79.84
79.82
79.82
79.82
79.82
79.82
79.83
79.82
79.82
79.8
79.84
79.85
79.84
79.75
79.71
79.71
79.76
79.63
79.67
79.6
79.63
79.66
79.68
79.63
79.65
79.61
79.66
79.6
79.58
79.59
79.57
79.56
79.45
79.63
79.51
79.46
79.45
79.38
79.38
79.32
79.42
79.41
79.37
79.45
79.41
79.32
79.41
79.4
79.4
79.37
79.38
79.33
79.3
79.25
79.43
79.32
79.32
79.3
79.35
79.37
79.41
79.47
79.25
79.5
79.48
79.43
79.46
79.49
79.55
79.6
79.55
79.57
79.62
79.57
79.62
79.64
79.65
79.55
79.53
79.56
79.57
79.62
79.61
79.67
79.63
79.65
79.67
79.67
79.68
79.71
79.64
79.68
79.63
79.63
79.58
79.63
79.54
79.56
79.58
79.6
79.62
79.62
79.54
79.5
79.53
79.48
79.51
79.56
79.57
79.53
79.56
79.6
79.6
79.6
79.58
79.59
79.58
79.59
79.63
79.58
79.58
79.58
79.61
79.65
79.61
79.64
79.6
79.6
79.62
79.61
79.58
79.57
79.58
79.52
79.53
79.46
79.59
79.49
79.5
79.51
79.53
79.52
79.53
79.54
79.55
79.58
79.56
79.59
79.58
79.56
79.58
79.58
79.59
79.64
79.64
79.66
79.58
79.64
79.67
79.68
79.66
79.69
79.71
79.74
79.77
79.77
79.79
79.83
79.86
79.88
79.89
79.85
79.86
79.83
79.86
79.88
79.88
79.9
79.9
79.95
79.99
79.96
79.96
80
79.93
79.93
79.97
79.96
79.97
79.98
79.93
79.93
79.92
79.96
79.98
79.93
79.93
79.87
79.87
79.87
79.88
79.91
79.82
79.84
79.87
79.95
79.94
79.88
79.85
79.82
79.86
79.86
79.88
79.88
79.93
79.82
79.91
79.96
79.94
79.9
79.88
79.86
79.86
79.88
79.92
79.96
79.94
79.94
79.97
79.94
79.92
79.92
79.92
79.93
79.96
79.9
79.94
79.96
79.97
79.89
79.85
79.88
79.81
79.76
79.82
79.76
79.83
79.92
79.97
79.92
79.89
79.9
79.92
79.93
79.89
79.87
