111.96
111.97
111.61
111.44
111.12
111.22
111.28
111.07
111.36
110.89
110.93
110.98
111.25
111.27
110.97
110.95
110.74
110.73
110.74
110.54
110.75
110.67
110.65
110.58
110.58
110.55
110.52
110.07
109.98
109.79
109.74
109.81
109.93
109.88
109.9
109.95
110.02
110.07
109.93
109.82
109.84
110.01
109.89
110.18
110.14
110.22
110.2
110.27
110.38
110.1
110.18
110.33
110.32
110.22
110.01
110.01
109.96
109.93
110.26
109.98
109.99
109.89
110.09
110.11
110
110.09
110.1
110.29
110.38
110.42
110.45
110.01
110.11
110.12
110.4
110.21
110.13
110.25
110.25
110.21
110.22
110.3
110.38
110.3
110.35
110.66
110.61
110.6
110.67
110.6
110.62
110.68
110.56
110.47
110.53
110.49
110.5
110.5
110.47
110.38
110.38
110.54
110.54
110.51
110.47
110.43
110.45
110.43
110.35
110.45
110.44
110.39
110.37
110.38
110.45
110.43
110.31
110.34
110.24
110.14
110.16
110.16
110.13
110.17
110.14
109.86
109.94
109.91
109.85
109.85
109.98
109.92
109.86
110.02
110.04
110.08
110.11
110.02
110.18
110.06
110.14
110.22
110.08
110.07
110.23
110.24
110.21
110.21
110.07
110.21
110.16
110.02
110.13
110.14
110.21
110.28
110.36
110.14
110.14
110.43
110.39
110.4
110.35
110.4
110.36
110.36
110.36
110.38
110.36
110.35
110.29
110.29
110.3
110.36
110.26
110.37
110.07
110.04
110
110.05
110
110.03
110.01
109.89
109.89
109.85
109.83
109.85
109.84
109.82
109.87
109.73
109.76
109.72
109.72
109.75
109.64
109.72
109.54
109.39
109.3
109.47
109.42
109.43
109.33
109.32
109.37
109.38
109.38
109.39
109.37
109.31
109.17
109.06
109.02
109.13
108.97
108.92
109
109.03
109.14
109.02
109.04
108.94
109.08
109.08
109.21
109.21
109.22
109.18
109.2
109.25
109.18
109.19
109.25
109.29
109.23
109.28
109.38
109.4
109.36
109.33
109.35
109.28
109.35
109.33
109.32
109.16
109.16
109.14
109.2
109.2
109.26
109.33
109.42
109.36
109.31
109.33
109.14
109.19
109.16
109.36
109.3
109.25
109.16
109.16
109.06
108.92
108.9
108.89
108.83
108.83
108.92
108.95
108.95
108.91
108.95
108.94
108.81
108.96
109.02
109.04
109.04
109.04
108.96
109
109.1
109.18
109.11
109.1
108.96
109.09
109.05
109.17
109.11
109.21
109.27
109.29
109.29
109.33
109.35
109.29
109.36
109.26
109.35
109.35
109.35
109.32
109.35
109.35
109.3
109.33
109.32
109.46
109.41
109.4
109.39
109.38
109.39
109.39
109.24
109.25
109.22
109.17
109.23
109.19
109.12
109.15
109.15
109
108.88
108.96
108.93
109.05
109.15
109.11
109.06
109.24
109.18
108.97
109.29
109.38
109.49
109.64
109.5
109.54
109.32
109.29
109.35
109.46
109.39
109.29
109.32
109.25
111.44
111.64
111.48
111.54
111.69
111.51
111.63
111.29
111.47
111.35
111.76
111.6
111.85
111.89
111.89
111.79
111.76
111.85
111.86
111.87
111.88
112.04
111.98
112
112.01
111.97
111.9
112.04
112.01
111.9
111.9
111.98
112
112.03
112.08
112.04
112.14
112.18
112.21
112.14
112.34
112.25
112.25
112.12
112.33
112.39
112.29
112.17
112.18
112.29
112.24
112.24
112.2
112.23
112.2
112.29
112.32
112.38
112.39
112.35
112.36
112.47
112.47
112.49
112.47
112.52
112.55
112.5
112.52
112.54
112.56
112.6
112.74
112.75
112.75
112.75
112.7
112.54
112.68
112.54
112.6
112.46
112.36
112.46
112.43
112.43
112.41
112.39
112.29
112.27
112.46
112.27
112.22
112.21
112.28
112.26
112.32
112.28
112.24
112.15
112.12
112.1
112.08
112.11
112.18
112.15
112.05
112.09
112.22
112.15
112.28
112.16
112.23
112.18
112.21
112.26
112.33
112.2
112.18
112.23
112.18
112.19
112.22
112.25
112.25
112.2
112.23
112.27
112.27
112.14
112.18
112.04
111.99
112.15
111.99
111.93
111.83
111.7
111.76
111.63
111.66
111.7
111.7
111.68
111.68
111.72
111.74
111.64
111.54
111.62
111.56
111.59
111.75
111.63
111.48
111.48
111.45
111.4
111.39
111.41
111.03
111.37
111.04
111.17
111.36
111.21
111.24
111.05
110.94
110.99
111
111
111.03
111.03
110.97
111.25
111.18
111.18
111.27
111.26
111.25
111.01
111.23
111.19
111.18
111.24
111.25
111.33
111.39
111.33
111.36
111.35
111.34
111.4
111.35
111.45
111.37
111.38
111.42
111.41
111.35
111.36
111.39
111.33
111.22
111.38
110.91
110.79
110.81
110.87
110.74
110.65
111.07
110.61
110.45
110.36
110.4
110.38
110.6
110.45
110.48
110.39
110.38
110.27
110.33
110.43
110.37
110.52
110.61
110.68
110.61
110.5
110.6
110.07
110.68
110.71
109.93
110.6
110.14
110.08
109.95
109.93
109.79
109.88
110.04
110.01
109.83
109.71
109.75
109.68
109.58
109.97
109.25
109.17
109.31
109.18
109.21
109.37
108.92
109.47
109.54
109.47
109.35
109.45
109.37
109.49
109.74
109.79
109.35
109.76
109.4
109.88
109.42
109.61
110.02
110.1
110.19
110.15
110.11
110.19
110.17
109.92
110.14
110.02
110.23
110.2
110.17
110.16
110.12
110.08
110.08
110
110.12
110.12
109.8
109.68
109.68
109.7
109.75
110.03
110.08
109.59
109.7
109.77
109.74
109.81
109.91
109.71
110.32
110.26
110.25
110.12
109.73
110.33
110.27
110.29
110.36
110.39
110.32
110.37
110.23
110.17
110.37
110.39
110.59
110.36
110.51
110.6
110.65
110.78
110.7
110.7
110.75
110.66
110.51
110.52
110.5
110.43
110.36
110.3
110.14
110.11
110.2
110.12
110.08
110.04
110.14
109.62
109.64
109.45
109.5
109.39
109.37
109.42
109.47
109.52
109.24
109.14
109.28
109.32
109.37
109.3
109.27
109.33
109.18
109.22
109.2
109.2
109.14
109.1
109.3
109.42
109.37
109.35
109.36
109.41
109.36
109.33
109.19
109.18
109.22
109.09
109.05
109.07
109.02
109.11
109.05
109.31
109.11
109.18
109.23
109.24
109.23
109.21
109.24
109.33
109.34
109.46
109.43
109.49
109.47
109.38
109.34
109.47
109.29
109.23
109.14
109.19
109.16
109.12
109.19
109.17
109.17
109.22
109.15
109.16
109.14
109.07
109.23
109.02
108.88
108.92
108.93
108.98
108.93
108.92
108.91
108.89
108.94
108.96
109.05
109.19
109.12
109.1
109.01
109.06
108.9
109.04
109.08
109.16
109.16
109.03
109.05
109.18
109.2
109.18
109.2
109.02
109.22
109.1
109.18
109.1
108.99
109.1
109.03
108.9
108.93
108.96
108.9
108.91
108.88
108.83
108.82
108.86
108.81
109.01
109.01
108.87
108.87
108.88
108.84
108.81
108.89
108.98
108.93
108.94
108.9
108.94
108.85
108.92
108.92
108.87
108.79
108.88
108.78
108.68
108.68
108.7
108.66
108.66
108.71
108.56
108.7
108.54
108.62
108.6
108.56
108.63
108.72
108.79
108.8
108.68
108.75
108.7
108.71
108.76
108.87
108.89
108.92
108.96
108.75
108.86
108.9
109.18
108.87
108.86
109.08
109.11
109.03
109.16
109.21
109.26
109.53
109.14
109.66
109.77
109.63
109.2
109.42
109.57
109.49
109.68
109.7
109.9
109.95
109.87
109.85
109.72
109.71
109.6
109.6
109.54
109.57
109.44
109.56
109.46
109.52
109.42
109.31
109.16
109.17
109.17
109.29
109.24
109.23
109.2
109.19
109.28
109.21
109.13
109.19
109.25
109.39
109.36
109.4
109.3
109.38
109.21
109.35
109.32
109.15
109.34
109.18
109.4
109.39
109.45
109.58
109.68
109.71
109.74
109.58
109.68
109.61
109.6
109.64
109.71
109.66
109.64
109.73
109.84
109.81
109.68
109.61
109.46
109.53
109.68
109.6
109.69
109.55
109.86
109.89
109.65
109.77
109.86
109.74
109.63
109.61
109.71
109.66
109.75
109.75
109.7
109.72
109.73
109.11
109.03
109.34
109.12
109
109.13
108.81
108.68
108.58
108.78
108.78
108.57
108.62
108.65
108.55
108.44
108.49
108.8
108.53
108.38
108.27
108.32
108.18
107.9
107.84
107.76
107.67
107.99
107.93
107.93
108.01
107.83
107.84
107.92
108.05
108.21
108.12
108.13
108.4
108.39
108.45
108.39
108.58
108.48
108.41
108.56
108.61
108.56
108.53
108.49
108.71
108.61
108.64
108.58
108.6
108.64
108.53
108.36
108.39
108.81
108.38
108.33
108.37
108.5
108.55
108.66
108.5
108.47
108.38
108.38
107.91
107.96
107.96
107.85
107.93
107.92
107.9
107.85
107.77
107.83
107.83
107.85
107.84
107.93
107.71
107.71
107.69
107.55
107.27
107.21
107.19
107.1
107.06
106.96
107.07
107.21
107.19
107.12
107.1
107.1
106.9
106.8
107.01
107.06
107.05
107.13
107.29
107.35
107.45
107.17
107.19
107.45
107.3
107.13
107.12
107.14
107.22
107.27
107.11
107.13
107.13
107.04
107.23
107.11
107.15
107.09
107.09
107.11
107.16
107.15
107.25
107.36
107.44
107.36
107.25
107.26
107.23
107.4
107.43
107.13
107.33
107.35
107.3
107.28
107.2
107.23
107.25
107.21
107.15
107.04
107.1
107.14
107.25
107.13
106.95
106.95
107.09
107.07
107.05
107.07
107.03
106.98
106.83
106.7
106.82
106.86
106.83
106.87
106.84
106.85
107.02
106.71
107.07
106.99
107.09
107
106.95
107.02
107.02
107.31
107.12
107.33
107.21
107.33
107.19
107.27
107.3
107.37
107.35
107.38
107.31
107.32
107.33
107.36
107.32
107.38
107.23
107.24
107.33
107.15
107.11
107.29
107.12
107.13
107.1
107.11
107.08
107.06
107.06
107.01
107.17
107.22
107.05
107.04
107.07
107.09
107.19
107.21
107.24
107.31
107.11
107.24
107.21
107.17
107.12
107.06
107.2
107.23
107.25
107.14
107.04
107.04
107.21
107.07
107.1
107.13
107.17
107.21
107.16
107.15
107.17
107.33
107.15
107.19
107.25
107.11
107.26
107.25
107.18
107.2
107.26
107.18
107.22
107.2
107.22
107.21
107.28
107.31
107.27
107.57
107.65
107.67
107.61
107.55
107.56
107.58
107.56
107.57
107.8
107.7
107.7
107.64
107.68
107.72
107.55
107.52
107.65
107.65
107.65
107.65
107.65
107.66
107.6
107.53
107.57
107.55
107.55
107.36
107.52
107.47
107.4
107.27
107.32
107.34
107.35
107.45
107.5
107.43
107.44
107.4
107.54
107.57
107.57
107.52
107.47
107.35
107.51
107.38
107.41
107.29
107.34
107.23
107.42
107.29
107.18
107.25
107.18
107.11
107.2
107.09
107.09
107.05
107.03
107.03
106.98
107.2
106.83
106.86
106.85
107.16
107.07
106.91
106.59
106.43
106.56
106.59
106.55
106.41
106.14
107.16
106.13
106.17
106.19
106.21
106.14
106.38
106.57
106.49
106.3
106.41
106.27
106.12
106.2
106.31
106.22
106.14
105.96
106.24
106.22
105.91
105.97
106.07
105.98
106.1
106.23
106.19
106.26
106.2
106.29
106.42
106.5
106.58
106.18
106.63
106.62
106.6
106.66
106.66
106.64
106.36
106.29
106.39
106.46
106.51
106.42
106.43
106.37
106.39
106.23
106.05
106.02
106.05
106.11
106.26
106.16
106.11
106.23
106.38
106.54
106.59
106.53
106.51
106.66
106.74
106.86
106.75
106.58
106.61
106.52
106.75
106.35
106.6
106.37
106.57
106.54
106.32
106.37
106.48
106.5
106.41
106.4
106.35
106.32
106.19
106.1
106.05
106.39
106.14
106.11
106.06
106.11
106.06
106.06
106.04
106.07
106.1
106.17
106.06
106.04
105.98
106.06
105.82
105.95
105.94
106.08
105.82
105.72
105.67
105.58
105.52
105.43
105.37
105.31
105.47
105.38
105.44
105.45
105.45
105.42
105.44
105.33
105.28
105.42
105.49
105.3
105.5
105.44
105.37
105.34
105.33
105.42
105.42
105.35
105.35
105.45
105.43
105.46
105.43
105.4
105.44
105.45
105.47
105.41
105.42
105.48
105.41
105.55
105.52
105.54
105.54
105.57
105.56
105.68
105.55
105.63
105.7
105.81
105.94
105.61
106.01
106
105.61
105.95
105.93
105.89
105.65
105.84
105.82
105.8
105.86
105.78
105.78
106.02
105.99
106.04
106.07
106.07
106.03
105.77
105.81
105.79
105.77
105.77
105.78
105.8
105.74
105.61
105.58
105.47
105.51
105.38
105.76
105.42
105.54
105.41
105.48
105.52
105.5
105.5
105.5
105.57
105.59
105.56
105.6
105.56
105.66
105.63
105.6
105.59
105.64
105.68
105.58
105.6
105.63
105.72
105.72
105.71
105.77
105.76
105.74
105.78
105.76
105.82
105.77
105.73
105.81
105.89
105.76
105.88
105.8
105.79
105.8
105.85
105.83
105.84
105.84
105.81
105.75
105.79
105.76
105.77
105.86
105.86
105.88
105.91
105.85
105.89
105.88
105.92
105.9
105.9
105.91
105.86
105.9
105.82
105.84
105.85
105.86
105.86
105.86
105.89
105.81
105.78
105.77
105.83
105.9
105.83
105.81
105.79
105.6
105.89
105.67
105.7
105.75
105.74
105.79
105.83
105.82
105.78
105.81
105.82
105.78
105.8
105.78
105.82
105.83
105.81
105.77
105.82
105.81
105.76
105.72
105.72
105.74
105.69
105.66
105.67
105.7
105.67
105.63
105.6
105.6
105.51
105.49
105.48
105.35
105.35
105.39
105.36
105.39
105.56
105.54
105.6
105.7
105.65
105.54
105.72
105.73
105.73
105.75
105.75
105.79
105.81
105.71
105.8
105.78
105.78
105.8
105.8
105.84
105.85
105.9
105.95
105.9
