52.86
52.89
52.81
52.76
52.71
52.69
52.62
52.48
52.47
52.47
52.47
52.5
52.58
52.55
52.43
52.35
52.28
52.32
52.35
52.42
52.5
52.41
52.27
52.27
52.2
52.32
52.33
52.35
52.32
52.23
52.28
52.33
52.33
52.38
52.39
52.4
52.34
52.33
52.33
52.33
52.29
52.35
52.37
52.36
52.41
52.39
52.37
52.35
52.33
52.38
52.29
52.35
52.38
52.38
52.34
52.3
52.34
52.31
52.31
52.28
52.29
52.31
52.33
52.3
52.39
52.33
52.4
52.4
52.49
52.4
52.42
52.38
52.42
52.41
52.42
52.41
52.44
52.39
52.37
52.33
52.32
52.32
52.32
52.34
52.38
52.32
52.49
52.51
52.35
52.37
52.57
52.59
52.58
52.58
52.57
52.58
52.6
52.6
52.59
52.52
52.52
52.53
52.53
52.64
52.62
52.6
52.59
52.59
52.57
52.57
52.58
52.58
52.53
52.55
52.58
52.6
52.59
52.62
52.61
52.59
52.57
52.58
52.59
52.57
52.57
52.57
52.47
52.44
52.38
52.42
52.44
52.47
52.43
52.43
52.46
52.51
52.51
52.51
52.56
52.55
52.51
52.5
52.49
52.49
52.46
52.54
52.48
52.47
52.45
52.47
52.49
52.45
52.46
52.47
52.45
52.48
52.48
52.51
52.53
52.44
52.51
52.46
52.49
52.5
52.51
52.48
52.49
52.48
52.53
52.5
52.53
52.53
52.53
52.54
52.53
52.49
52.54
52.48
52.44
52.54
52.45
52.4
52.43
52.41
52.45
52.36
52.36
52.39
52.4
52.4
52.39
52.36
52.35
52.38
52.37
52.37
52.38
52.37
52.38
52.36
52.33
52.31
52.37
52.37
52.31
52.34
52.33
52.33
52.31
52.33
52.35
52.33
52.31
52.27
52.27
52.28
52.29
52.28
52.28
52.29
52.29
52.28
52.26
52.29
52.26
52.24
52.24
52.26
52.29
52.28
52.27
52.29
52.31
52.28
52.33
52.34
52.31
52.35
52.34
52.31
52.32
52.32
52.32
52.31
52.32
52.34
52.35
52.34
52.35
52.37
52.39
52.39
52.37
52.37
52.36
52.34
52.35
52.34
52.36
52.33
52.33
52.34
52.29
52.27
52.28
52.29
52.3
52.21
52.22
52.22
52.2
52.23
52.22
52.24
52.21
52.17
52.22
52.2
52.2
52.2
52.19
52.21
52.18
52.17
52.21
52.2
52.26
52.26
52.18
52.22
52.25
52.24
52.26
52.29
52.31
52.34
52.32
52.35
52.4
52.38
52.39
52.38
52.39
52.35
52.37
52.35
52.37
52.37
52.38
52.39
52.39
52.36
52.38
52.44
52.47
52.49
52.43
52.42
52.42
52.39
52.49
52.33
52.45
52.31
52.33
52.33
52.3
52.28
52.36
52.35
52.29
52.27
52.25
52.31
52.3
52.33
52.33
52.37
52.37
52.38
52.4
52.38
52.3
52.47
52.45
52.44
52.39
52.4
52.42
52.45
52.38
52.35
52.37
52.37
52.84
52.89
52.95
52.99
53.01
52.98
52.91
52.74
52.84
52.83
52.88
52.94
52.91
52.8
52.92
52.91
52.96
52.89
52.87
52.9
52.86
52.88
52.93
52.91
52.87
52.88
52.89
52.89
52.88
52.87
52.9
52.9
52.87
52.89
52.87
52.88
52.79
52.74
52.74
52.74
52.7
52.71
52.75
52.77
52.75
52.75
52.76
52.76
52.77
52.75
52.76
52.69
52.57
52.62
52.57
52.62
52.64
52.59
52.63
52.64
52.62
52.64
52.63
52.66
52.67
52.65
52.68
52.67
52.71
52.71
52.65
52.67
52.72
52.7
52.68
52.71
52.65
52.69
52.66
52.64
52.58
52.52
52.47
52.51
52.49
52.49
52.51
52.49
52.46
52.42
52.46
52.44
52.41
52.44
52.45
52.45
52.49
52.43
52.41
52.42
52.36
52.32
52.28
52.28
52.29
52.25
52.22
52.24
52.24
52.45
52.24
52.2
52.21
52.15
52.09
52.18
52.09
52.16
52.1
52.05
52.01
52.01
52.06
52.04
52.08
52.02
52.09
52.08
52.08
52.05
52.06
52.02
52.08
52.05
52.1
52.11
52.06
52.01
52.03
51.99
51.98
51.96
51.92
51.91
51.89
51.97
51.92
51.97
51.98
51.99
51.98
51.99
51.97
51.96
51.97
51.87
51.81
51.82
51.81
51.8
51.8
51.81
51.79
51.85
51.81
51.8
51.84
51.78
51.77
51.73
51.72
51.73
51.79
51.78
51.72
51.72
51.72
51.74
51.74
51.76
51.75
51.76
51.72
51.73
51.68
51.74
51.78
51.74
51.79
51.77
51.82
51.77
51.76
51.76
51.77
51.71
51.74
51.75
53.32
51.72
51.73
51.74
51.74
51.7
51.67
51.62
51.58
51.54
51.56
51.56
51.48
51.39
51.38
51.41
51.4
51.33
51.32
51.28
51.29
51.29
51.29
51.28
51.32
51.18
51.18
51.2
51.18
51.24
51.24
51.24
51.3
51.22
51.13
51.06
50.99
50.94
51
50.99
51.23
51.09
51.02
50.98
51
51.03
51.04
51.01
51.04
50.96
51.07
51.03
51.01
51.01
50.97
51.03
50.96
50.94
50.99
50.93
51.07
51.08
51.1
51.09
51.12
51.12
51.18
51.25
51.12
51.26
51.12
51.34
51.39
51.38
51.17
51.36
51.41
51.41
51.47
51.5
51.48
51.49
51.55
51.5
51.49
51.52
51.58
51.62
51.67
51.53
51.63
51.53
51.63
51.55
51.5
51.74
51.74
51.51
51.51
51.54
51.49
51.82
51.44
51.47
51.47
51.38
51.58
51.42
51.44
51.61
51.67
51.65
51.63
51.62
51.6
51.65
51.67
51.46
51.76
51.7
51.72
51.71
51.66
51.72
51.76
51.82
51.79
51.83
51.71
51.84
51.92
52
52.01
52.01
51.96
51.94
51.9
51.84
51.87
51.85
51.84
51.85
51.83
51.78
51.81
51.81
51.78
51.83
51.87
51.21
51.13
51.18
51.18
51.21
51.11
51.14
51.16
51.16
51.04
51.04
51.05
51.03
51.04
51.02
51.04
51.07
51.06
51.07
51.06
51.06
51.01
51.02
51.02
50.99
50.95
50.98
50.94
50.98
50.88
50.9
50.94
50.93
50.87
50.91
50.85
50.85
50.83
50.88
50.9
50.82
50.88
50.88
50.94
50.92
50.91
50.92
50.97
51
50.98
50.95
50.9
50.9
50.88
50.88
50.85
50.87
50.87
50.81
50.81
50.8
50.81
50.84
50.84
50.88
50.91
50.88
50.87
50.81
50.9
50.84
50.84
50.86
50.83
50.84
50.88
50.92
50.9
50.89
50.9
50.86
50.86
50.9
50.89
50.97
50.85
50.89
50.9
50.88
50.91
50.89
50.87
50.93
50.94
50.91
50.92
50.87
50.87
50.89
50.92
50.88
50.9
50.9
50.92
50.83
50.88
50.83
50.84
50.82
50.8
50.81
50.8
50.75
50.76
50.72
50.73
50.7
50.78
50.77
50.79
50.66
50.63
50.68
50.64
50.66
50.65
50.68
50.68
50.63
50.63
50.65
50.58
50.59
50.61
50.62
50.58
50.6
50.65
50.65
50.64
50.68
50.62
50.61
50.62
50.57
50.55
50.51
50.52
50.52
50.48
50.49
50.51
50.59
50.6
50.52
50.56
50.54
50.55
50.56
50.62
50.6
50.63
50.57
50.63
50.61
50.67
50.66
50.64
50.6
50.59
50.58
50.58
50.6
50.61
50.61
50.68
50.77
50.82
50.62
50.87
50.6
50.88
50.88
50.9
50.89
50.89
50.95
50.99
50.89
50.93
50.9
50.9
50.9
50.95
50.9
50.94
50.9
50.89
50.88
50.89
50.91
50.89
50.86
50.86
50.81
50.82
50.83
50.89
50.91
50.83
50.89
50.9
50.86
50.87
50.9
50.91
50.92
50.91
50.85
50.9
50.9
50.94
50.9
50.83
50.87
50.92
50.9
50.99
51.01
51.01
51.14
51.2
51.02
51.28
51.07
51.17
51.13
51.17
51.08
51.13
51.18
51.13
51.24
51.25
51.22
51.15
51.15
51.13
51.23
51.22
51.15
51.3
51.15
51.32
51.14
51.28
51.35
51.12
51.4
51.38
51.39
51.36
51.4
51.42
51.43
51.43
51.38
51.21
51.12
51.12
51.11
51.02
50.95
50.93
51.02
50.9
50.92
50.91
50.9
50.85
50.99
50.82
50.91
50.86
50.95
50.91
50.98
50.88
50.92
50.92
50.81
50.86
50.89
50.85
50.94
50.97
50.89
50.95
50.9
50.85
50.97
50.97
51.08
51.11
51.09
51.09
51.09
51.1
51.14
51.15
51.13
51.24
51.23
51.16
51.19
51.2
51.24
51.33
51.33
51.35
51.41
51.37
51.37
51.37
51.3
51.29
51.26
51.25
51.37
51.2
51.2
51.21
51.37
51.34
51.23
51.19
51.2
51.04
51.02
51.02
51.08
51.07
51.07
51.11
51.17
51.09
51.08
51.15
51.17
51.04
51.17
51.08
51.04
51.06
51.03
50.96
50.94
50.91
50.92
50.88
50.88
50.92
50.94
50.95
50.9
50.95
50.89
50.84
50.76
50.9
50.81
50.79
50.95
50.88
50.89
50.88
50.86
50.86
50.84
50.96
50.82
50.94
50.86
50.79
50.8
50.71
50.73
50.71
50.74
50.74
50.75
50.74
50.74
50.73
50.72
50.74
50.74
50.76
50.71
50.71
50.72
50.71
50.71
50.67
50.63
50.76
50.63
50.75
50.74
50.59
50.67
50.66
50.66
50.64
50.6
50.66
50.58
50.6
50.62
50.61
50.6
50.6
50.54
50.52
50.58
50.51
50.59
50.51
50.49
50.43
50.42
50.37
50.38
50.4
50.42
50.4
50.44
50.44
50.52
50.42
50.54
50.42
50.56
50.56
50.54
50.62
50.67
50.58
50.68
50.65
50.65
50.62
50.62
50.66
50.71
50.65
50.73
50.72
50.7
50.7
50.74
50.72
50.71
50.69
50.62
50.63
50.62
50.6
50.58
50.6
50.6
50.63
50.61
50.63
50.6
50.56
50.62
50.61
50.54
50.58
50.57
50.58
50.58
50.58
50.61
50.6
50.65
50.53
50.57
50.58
50.57
50.58
50.57
50.51
50.6
50.58
50.61
50.58
50.54
50.57
50.55
50.61
50.57
50.54
50.57
50.58
50.57
50.58
50.59
50.59
50.57
50.56
50.55
50.57
50.57
50.58
50.57
50.6
50.59
50.57
50.56
50.57
50.49
50.48
50.6
50.57
50.58
50.62
50.57
50.59
50.58
50.56
50.62
50.6
50.57
50.61
50.63
50.62
50.59
50.61
50.6
50.65
50.6
50.62
50.62
50.62
50.62
50.62
50.63
50.6
50.58
50.55
50.53
50.53
50.56
50.54
50.56
50.5
50.53
50.51
50.5
50.51
50.52
50.52
50.53
50.53
50.54
50.5
50.58
50.63
50.62
50.6
50.56
50.61
50.59
50.57
50.57
50.57
50.56
50.55
50.58
50.58
50.58
50.6
50.55
50.58
50.55
50.52
50.49
50.45
50.45
50.43
50.45
50.45
50.42
50.44
50.47
50.5
50.54
50.54
50.55
50.51
50.61
50.48
50.56
50.53
50.5
50.45
50.44
50.46
50.45
50.37
50.46
50.53
50.45
50.47
50.38
50.37
50.4
50.28
50.33
50.24
50.47
50.34
50.21
50.33
50.09
50.1
50.07
50.36
50.17
50.22
50.17
50.15
50.12
50.31
50.21
50.22
50.31
50.29
50.33
50.32
50.27
50.37
50.38
50.27
50.31
50.29
50.34
50.38
50.4
50.33
50.35
50.39
50.41
50.38
50.33
50.29
50.29
50.33
50.33
50.4
50.42
50.49
50.45
50.49
50.51
50.33
50.51
50.51
50.52
50.54
50.54
50.51
50.56
50.54
50.55
50.52
50.52
50.49
50.52
50.48
50.47
50.51
50.53
50.56
50.52
50.55
50.51
50.54
50.54
50.56
50.57
50.47
50.47
50.46
50.47
50.51
50.51
50.52
50.53
50.55
50.59
50.67
50.65
50.53
50.65
50.64
50.62
50.63
50.64
50.6
50.55
50.53
50.49
50.5
50.49
50.49
50.51
50.49
50.5
50.5
50.49
50.5
50.49
50.57
50.61
50.57
50.6
50.62
50.59
50.63
50.61
50.61
50.61
50.6
50.58
50.61
50.61
50.63
50.65
50.65
50.62
50.65
50.64
50.64
50.66
50.7
50.67
50.71
50.68
50.65
50.67
50.7
50.71
50.72
50.73
50.81
50.83
50.78
50.8
50.82
50.8
50.82
50.85
50.88
50.91
50.85
50.9
50.89
50.9
50.87
50.81
50.91
50.81
50.9
50.83
50.86
50.9
50.92
50.89
50.88
50.92
50.92
50.9
50.89
50.91
50.91
50.9
50.9
50.91
50.93
50.9
50.88
50.89
50.85
50.87
50.86
50.87
50.9
50.79
50.88
50.8
50.82
50.83
50.83
50.86
50.88
50.9
50.89
50.88
50.9
50.92
50.91
50.89
50.85
50.89
50.86
50.89
50.93
50.86
50.89
50.9
50.91
50.96
50.99
50.96
50.95
51.02
50.95
50.99
50.99
51
51.03
51
50.99
50.99
51
51.01
51.01
51.01
51
51
50.99
51.01
50.92
50.92
50.91
50.94
50.94
50.93
50.93
50.92
50.92
50.92
50.91
50.9
50.9
50.91
50.91
50.92
50.85
50.86
50.86
50.87
50.87
50.86
50.84
50.81
50.82
50.82
50.83
50.88
50.87
50.84
50.82
50.82
50.82
50.84
50.84
50.87
50.88
50.87
50.86
50.84
50.84
50.86
50.84
50.81
50.82
50.8
50.82
50.84
50.82
50.79
50.79
50.81
50.77
50.75
50.78
50.77
50.78
50.76
50.75
50.79
50.8
50.81
50.78
50.79
50.86
50.86
50.88
50.85
50.85
50.86
50.85
50.88
50.91
50.92
50.93
50.86
51
50.98
50.99
51
51.01
51.05
51.08
51.07
51.1
51.1
51.08
51.07
51.06
51.05
51.01
51.11
51.1
51.11
51.06
51.13
