102.43
102.24
101.92
101.79
101.91
101.75
102.02
101.88
101.85
101.82
101.78
101.85
101.82
101.85
101.65
101.42
101.32
101.38
101.32
101.32
101.58
101.49
101.53
101.5
101.43
101.47
101.42
101.51
101.45
101.39
101.71
101.79
101.84
101.8
101.8
101.76
101.83
101.95
101.94
101.89
101.91
101.78
102.14
101.93
102.1
102.19
102.19
102.29
102.27
102.14
102.15
102.36
102.3
102.32
102.39
102.29
102.27
102.19
102.22
102.3
102.23
102.25
102.39
102.35
102.33
102.39
102.37
102.38
102.51
102.5
102.49
102.54
102.5
102.51
102.51
102.48
102.37
102.26
102.22
102.1
102.1
102.19
102.2
102.2
102.19
102.38
102.37
102.3
102.35
102.25
102.26
102.31
102.25
102.13
102.18
102.11
102.13
102.13
102.03
102
102
102.12
102.12
102.1
102.13
102.15
102.11
102.07
102.01
102.1
102.03
102.02
101.8
101.9
101.88
101.89
101.83
101.84
101.84
101.81
101.77
101.8
101.83
101.81
101.82
101.73
101.82
101.65
101.72
101.68
101.74
101.71
101.69
101.74
101.78
101.64
101.67
101.66
101.71
101.72
101.72
101.72
101.71
101.74
101.75
101.75
101.77
101.74
101.64
101.73
101.68
101.75
101.83
101.76
101.94
101.94
101.98
102.06
102.22
102.15
101.88
102.04
101.92
102.08
102.07
102.02
102.01
102.04
102.01
102.03
102
101.95
101.93
101.9
101.86
101.8
101.8
101.82
101.72
101.93
101.74
101.72
101.69
101.71
101.79
101.79
101.71
101.81
101.84
101.83
101.77
101.73
101.72
101.79
101.77
101.85
101.8
101.75
101.72
101.71
101.68
101.64
101.63
101.67
101.6
101.69
101.66
101.74
101.65
101.62
101.65
101.62
101.62
101.58
101.6
101.61
101.58
101.5
101.59
101.63
101.57
101.57
101.54
101.53
101.57
101.51
101.57
101.6
101.61
101.61
101.64
101.7
101.63
101.67
101.74
101.82
101.82
101.93
101.94
101.94
101.95
101.98
101.98
102.01
102.05
102.02
102.08
102.05
102.05
102.05
101.97
101.93
101.89
101.9
101.94
101.9
101.93
101.94
101.76
101.76
101.74
101.78
101.73
101.86
101.76
101.71
101.72
101.74
101.76
101.74
101.69
101.66
101.66
101.7
101.66
101.6
101.61
101.61
101.61
101.65
101.61
101.63
101.63
101.61
101.63
101.61
101.74
101.8
101.62
101.66
101.75
101.75
101.68
101.75
101.76
101.74
101.75
101.72
101.67
101.62
101.66
101.64
101.58
101.62
101.58
101.53
101.53
101.65
101.63
101.58
101.58
101.56
101.64
101.71
101.71
101.75
101.75
101.71
101.74
101.71
101.63
101.72
101.74
101.76
101.65
101.72
101.71
101.62
101.63
101.65
101.57
101.55
101.56
101.64
101.55
101.57
101.65
101.6
101.68
101.7
101.65
101.59
101.6
101.71
101.76
101.78
101.76
101.76
101.75
101.74
101.73
101.75
101.68
101.66
102.37
102.48
102.54
102.51
102.51
102.25
102.02
102.14
102.3
102.32
102.36
102.35
102.19
102.2
102.18
101.87
102.25
102
102
102
101.99
102.24
102.15
102.13
102.16
102.2
102.26
102.21
102.22
102.25
102.41
102.54
102.18
102.3
102.68
102.7
102.65
102.69
102.7
102.63
102.52
102.54
102.37
102.47
102.5
102.43
102.53
102.43
102.38
102.56
102.56
102.61
102.49
102.45
102.47
102.46
102.54
102.5
102.52
102.5
102.48
102.47
102.46
102.53
102.54
102.58
102.62
102.65
102.57
102.57
102.62
102.64
102.75
102.78
102.75
102.74
102.82
102.76
102.59
102.75
102.67
102.62
102.46
102.54
102.52
102.45
102.6
102.57
102.55
102.54
102.53
102.55
102.49
102.52
102.42
102.42
102.44
102.53
102.46
102.47
102.34
102.31
102.2
102.19
102.23
102.26
102.36
102.36
102.34
102.38
102.4
102.4
102.31
102.41
102.39
102.4
102.37
102.36
102.28
102.25
102.32
102.32
102.4
102.28
102.32
102.31
102.26
102.28
102.2
102.13
102.11
102.13
102.1
102.12
102.14
102.12
102.11
102.03
102.05
102.02
102.07
102.05
102.06
101.95
101.95
102
102.07
101.96
102.04
102.01
101.95
101.99
101.97
101.93
101.85
102.02
101.91
101.91
101.85
101.83
101.73
101.8
101.8
101.8
101.81
101.78
101.82
101.83
101.8
101.78
101.78
101.83
101.81
101.82
101.91
101.91
101.76
101.76
101.78
101.94
101.91
101.87
101.89
101.83
101.8
101.86
101.83
101.83
101.84
101.91
101.89
101.93
101.91
101.86
101.82
101.82
101.87
101.82
101.8
101.81
101.82
101.81
101.78
101.78
101.79
101.77
101.72
101.65
101.62
101.64
101.57
101.75
101.4
101.49
101.41
101.24
101.12
101.27
101.26
101.31
101.22
101.22
101.29
101.23
101.15
101.13
101.07
101.28
101.28
101.25
101.21
101.08
101.09
100.8
100.79
100.59
100.44
100.36
100.8
100.8
100.86
100.89
100.83
100.7
100.82
100.72
100.73
100.52
100.57
100.34
100.4
100.34
100.26
100.43
100.18
100.15
100.12
100.15
100.57
100.67
100.4
100.57
100.64
100.58
100.49
100.62
100.73
100.78
100.81
100.83
100.88
100.93
101.12
101
100.46
101.03
101.18
101.15
101.29
101.36
101.18
101.21
101.1
101.13
101.21
101.28
101.38
101.29
101.21
101.04
101.11
101.24
101.2
101.16
100.79
100.73
100.68
100.65
100.65
100.63
100.62
100.64
100.69
100.8
100.73
100.71
100.7
100.77
100.77
100.79
100.77
100.6
100.75
100.8
100.62
100.76
100.69
100.55
100.7
100.66
100.28
100.39
100.57
100.53
100.67
100.54
100.72
100.75
100.8
100.85
100.97
100.97
100.82
100.8
100.78
100.78
100.76
100.77
100.78
100.55
100.48
100.51
100.76
100.71
100.67
100.71
100.75
99.34
99.54
99.32
99.35
99.46
99.2
99.35
99.23
99.22
99.18
99.18
99.02
99.08
99.18
99.11
99.03
98.89
99.02
99.06
99.12
99.02
98.92
99.09
99.1
99
98.83
98.76
98.7
98.72
98.62
98.62
98.61
98.66
98.78
98.78
98.68
98.77
98.64
98.51
98.71
98.57
98.8
98.69
98.78
98.82
98.83
98.82
98.97
98.89
98.85
98.76
98.78
98.78
98.78
98.64
98.7
98.67
98.59
98.66
98.65
98.64
98.67
98.62
98.59
98.6
98.69
98.66
98.52
98.59
98.55
98.57
98.47
98.41
98.45
98.58
98.39
98.39
98.34
98.32
98.3
98.4
98.37
98.35
98.3
98.45
98.38
98.36
98.36
98.28
98.37
98.29
98.25
98.29
98.15
98.17
98.21
98.32
98.33
98.1
98.38
98.39
98.49
98.5
98.48
98.38
98.37
98.45
98.41
98.44
98.37
98.37
98.42
98.42
98.45
98.43
98.45
98.42
98.39
98.46
98.46
98.51
98.54
98.64
98.58
98.59
98.65
98.76
98.65
98.73
98.73
98.65
98.67
98.76
98.76
98.76
98.7
98.7
98.7
98.65
98.65
98.74
98.56
98.56
98.58
98.54
98.4
98.33
98.29
98.28
98.19
98.13
98.4
98.45
98.42
98.29
98.36
98.34
98.32
98.2
98.33
98.2
98.21
98.17
98.28
98.31
98.32
98.28
98.25
98.2
98.18
98.18
98.22
98.23
98.27
98.28
98.33
98.82
98.75
99.06
99.03
99.06
99.02
99.07
99.03
99.08
99.36
99.42
99.39
99.37
99.34
99.38
99.24
99.17
99.31
99.45
99.43
99.41
99.38
99.33
99.29
99.26
99.22
99.16
99.34
99.36
99.05
99.02
99.25
98.96
99.02
99.2
99.08
99.03
99.04
99.07
99.2
99.24
99.14
99.1
99.18
99.19
99.27
99.04
99
98.93
98.98
99.04
99.08
99.38
99.46
99.59
99.61
99.54
99.59
99.49
99.45
99.45
99.51
99.39
99.3
99.34
99.35
99.48
99.51
99.5
99.33
99.25
99.21
99.32
99.36
99.35
99.41
99.46
99.32
99.54
99.45
99.55
99.63
99.66
99.51
99.6
99.53
99.57
99.55
99.59
99.57
99.51
99.25
99.24
99.5
98.95
98.85
98.69
98.8
98.94
98.89
98.85
98.64
98.6
98.54
98.69
98.5
98.39
98.67
98.56
98.64
98.91
98.58
98.64
98.67
98.4
98.56
98.48
98.3
98.36
98.24
98.4
98.47
98.39
98.2
98.32
98.34
98.39
98.62
98.3
98.5
98.6
98.34
98.53
98.42
98.45
98.47
98.56
98.5
98.47
98.47
98.5
98.5
98.5
98.43
98.5
98.38
98.39
98.42
98.49
98.46
98.52
98.37
98.37
98.38
98.37
98.22
98.34
98.24
98.25
98.2
98.35
98.06
98
97.9
97.86
98.09
97.99
97.91
97.87
97.83
97.78
97.97
97.67
97.71
97.6
97.56
97.55
97.63
97.42
97.16
97.23
97.21
97.24
97.11
97.11
97.24
97.31
97.51
97.52
97.54
97.58
97.52
97.45
97.51
97.7
97.4
97.52
97.64
97.69
97.5
97.8
97.78
97.83
97.85
97.88
97.5
97.72
97.71
97.81
97.68
97.76
97.75
97.63
97.66
97.75
97.69
97.74
97.6
97.53
97.58
97.63
97.58
97.84
97.98
98
97.91
97.94
97.95
97.93
97.94
97.94
97.9
98.07
97.94
97.93
98.11
98.11
97.98
98.13
97.81
98.03
97.7
97.82
97.69
97.63
97.5
97.49
97.45
97.5
97.34
97.42
97.34
97.31
97.21
97.16
97.1
97.03
96.86
96.99
97.04
97.19
97.23
97.22
97.25
97.34
97.34
97.36
97.25
97.35
97.17
97.3
97.29
97.35
97.28
97.32
97.35
97.2
97.38
97.3
97.26
97.29
97.25
97.11
97.19
97.07
97.09
97.13
97.08
97.09
97.02
97.13
97.1
97.07
96.89
96.92
97
96.89
96.83
96.82
96.84
96.96
96.93
96.84
96.97
96.91
97.05
96.99
97.05
97.01
97.12
96.96
97.11
97.05
97.08
97.03
96.99
96.92
96.9
96.95
96.96
97
96.96
96.79
96.83
96.88
96.88
96.82
96.81
96.84
96.85
96.79
96.66
96.8
96.58
96.72
96.62
96.62
96.77
96.52
96.56
96.53
96.55
96.34
96.43
96.38
96.29
96.2
96.1
96.37
96.37
96.21
96.26
96.45
96.43
96.31
96.29
96.37
96.37
96.36
96.36
96.43
96.28
96.22
96.25
96.27
96.27
96.2
96.19
96.19
96.81
96.81
96.81
97
96.75
96.82
96.79
96.8
96.76
96.85
96.9
96.93
96.8
96.81
96.77
96.75
96.85
96.75
96.89
96.88
96.82
96.82
96.75
96.82
96.81
96.75
96.65
96.68
96.61
96.48
96.48
96.6
96.63
96.5
96.51
96.41
96.42
96.46
96.42
96.38
96.43
96.34
96.28
96.42
96.19
96.19
96.15
96.16
96.21
96.39
96.3
97.64
97.49
97.42
97.28
97.2
97.15
96.93
97
96.91
96.64
96.46
96.59
96.65
96.52
96.48
95.66
95.73
96.1
96.4
96.34
96.2
95.56
96.09
95.98
95.98
95.9
95.97
95.78
95.87
96.04
95.86
95.91
96.04
95.85
96.04
96.21
95.94
96.11
96.2
96.08
96.38
96.32
96.49
96.63
96.7
96.71
96.81
96.7
96.87
96.8
96.68
96.61
96.72
96.78
96.73
96.59
96.64
96.74
96.67
96.81
96.73
96.56
96.67
96.5
96.72
96.35
96.27
96.44
96.82
96.57
96.6
96.6
96.54
96.57
96.81
96.9
96.93
96.82
96.75
96.69
96.57
96.55
96.58
96.57
96.77
96.67
96.71
96.78
96.78
96.96
96.88
96.79
96.8
96.78
96.71
96.96
96.71
96.89
96.85
96.82
96.75
96.8
96.75
96.7
96.71
96.73
96.79
96.84
96.71
96.73
96.71
96.83
96.87
96.83
96.81
96.77
96.77
96.72
96.71
96.68
96.66
96.7
96.59
96.57
96.59
96.49
96.44
96.35
96.32
96.12
96.18
96.19
96.26
96.33
96.36
96.38
96.25
96.25
96.2
96.18
96.24
96.23
96.22
96.19
96.17
96.22
96.27
96.23
96.17
96.14
96.15
96.25
96.16
96.16
96.1
96.17
96.12
96.2
96.13
96.17
96.16
96.2
96.18
96.13
96.17
96.33
96.26
96.28
96.36
96.61
96.62
96.59
96.46
96.46
96.49
96.55
96.33
96.25
96.5
96.36
96.47
96.46
96.47
96.54
96.42
96.58
96.63
96.66
96.58
96.57
96.52
96.61
96.57
96.58
96.59
96.68
96.59
96.5
96.53
96.49
96.54
96.53
96.64
96.55
96.41
96.45
96.53
96.63
96.54
96.6
96.61
96.62
96.66
96.64
96.61
96.64
96.62
96.69
96.62
96.6
96.65
96.5
96.69
96.7
96.86
96.88
96.89
96.85
96.84
96.85
96.85
96.89
96.78
97.18
97.15
97.07
96.89
97.24
97.34
96.91
97.2
97.14
97.19
97.11
97.09
97.17
97.08
97.14
97.12
97.1
97.08
97.06
97.03
97.03
96.99
97.1
97.01
96.99
97
96.99
97
96.99
97.04
97
96.96
97.02
96.84
96.8
96.78
96.75
96.77
96.74
96.76
96.76
96.76
96.77
96.87
96.81
96.83
96.82
96.75
96.78
96.8
96.79
96.92
96.88
96.95
97.02
96.96
96.97
96.95
96.9
96.85
96.95
96.91
96.9
96.8
96.83
96.75
96.72
96.66
96.62
96.59
96.6
96.6
96.58
96.53
96.48
96.51
96.52
96.6
96.53
96.6
96.54
96.68
96.62
96.57
96.56
96.53
96.53
96.54
96.6
96.63
96.62
96.66
96.69
96.66
96.62
96.63
96.61
96.73
96.75
96.75
96.78
96.81
96.85
96.75
96.64
96.69
96.65
96.75
96.87
96.87
96.9
96.92
