76.58
76.58
76.43
76.43
76.41
76.41
76.41
76.41
76.73
76.9
76.77
76.7
76.9
76.9
76.66
76.66
76.72
76.33
76.33
76.33
76.6
76.6
76.57
76.57
76.15
76.15
76.15
76.15
76.32
76.17
76.06
76.22
76.22
76.22
76.22
76.21
76.21
76.21
76.17
76.2
76.2
76.18
76.18
76.16
76.16
76.18
76.15
76.15
76.15
75.92
75.92
75.92
75.92
75.92
76.03
76.03
76.13
76.13
76.13
76.13
76.14
76.23
76.42
76.42
76.42
76.42
76.42
76.36
76.44
76.44
76.44
76.38
76.38
76.38
76.54
76.46
76.52
76.4
76.4
76.43
76.43
76.43
76.46
76.46
76.56
76.56
76.72
76.72
76.59
76.71
76.71
76.67
76.67
76.67
76.67
76.65
76.65
76.65
76.51
76.51
76.51
76.46
76.46
76.54
76.64
76.64
76.64
76.64
76.64
76.42
76.47
76.47
76.38
76.35
76.51
76.51
76.51
76.51
76.54
76.54
76.54
76.54
76.54
76.54
76.54
76.42
76.42
76.32
76.32
76.32
76.38
76.45
76.37
76.37
76.42
76.42
76.38
76.38
76.41
76.41
76.35
76.42
76.48
76.5
76.5
76.5
76.5
76.32
76.5
76.5
76.38
76.38
76.25
76.38
76.38
76.38
76.29
76.38
76.34
76.26
76.31
76.08
76.08
76.27
76.28
76.28
76.28
76.35
76.3
76.3
76.33
76.18
76.24
76.24
76.19
76.19
76.15
76.24
76.24
76.24
76.24
76.24
76.33
76.33
76.23
76.21
76.21
76.09
76.13
76.13
76.46
76.46
76.46
76.46
76.46
76.12
76.12
76.12
76.12
76.12
76.05
75.95
75.95
75.95
75.95
76.21
76.35
76.35
76.04
76.19
76.19
76.18
76.25
76.21
76.21
76.21
76.21
76.21
76.16
76.17
76.17
76.17
76.04
76.2
76.2
76.2
76.2
76.09
76.15
76.12
76.12
76.07
76.08
76.06
76.16
76.16
76.14
76.14
76.08
76.18
76.18
76.12
76.01
76.01
76.09
76.11
76.11
76.06
76.06
76.11
76.11
76.11
76.17
76.17
76.15
76.22
76.22
76.22
76.22
76.18
76.21
76.33
76.26
76.26
76.26
76.21
76.21
76.22
76.22
76.19
76.07
76.07
76.02
76.18
76.18
76.22
76.22
76.22
76.22
76.22
76.19
76.19
76.19
76.13
76.13
76.09
76.14
76.14
76.18
76.18
76.18
76.18
76.18
76.14
76.2
76.22
76.21
76.21
76.25
76.34
76.3
76.25
76.14
76.13
76.13
76.13
76.09
76.28
76.2
76.29
76.2
76.2
76.17
76.39
76.2
76.2
76.29
76.29
76.33
76.33
76.24
76.24
76.33
76.29
76.32
76.24
76.33
76.32
76.32
76.13
76.11
76.21
76.23
76.23
76.23
76.23
76.26
76.27
76.28
76.28
76.35
76.39
76.33
76.47
76.44
76.39
76.35
76.33
76.33
76.41
76.43
76.38
76.37
76.4
76.39
77.26
77.66
77.71
77.71
77.47
77.47
77.33
77.41
77.41
77.29
77.29
77.66
77.66
77.66
77.54
77.39
77.39
77.39
77.76
77.76
78.03
78.08
78.08
77.96
77.98
77.98
77.98
77.98
77.98
77.98
77.98
77.99
78
78.03
78.04
78.04
78.01
78.01
78.01
78.01
77.84
77.84
77.97
77.97
77.97
77.97
77.97
77.97
77.97
77.93
77.93
77.86
77.86
77.86
77.86
77.93
77.75
77.65
77.65
77.65
77.78
77.78
77.87
77.73
77.73
77.83
77.78
77.78
77.71
77.73
77.63
77.68
77.58
77.58
77.54
77.74
77.8
77.8
77.82
77.63
77.31
77.31
77.31
77.24
77.24
77.24
77.24
77.24
77.16
77.29
77.29
77.29
77.29
77.29
77.29
77.29
77.26
77.26
77.26
77
77
77
76.8
77.01
77.01
76.85
76.85
76.85
76.85
76.85
76.68
76.68
76.56
76.56
76.56
76.56
76.56
76.67
76.67
76.67
76.67
76.54
76.56
76.74
76.74
76.74
76.74
76.74
76.74
76.74
76.74
76.74
76.75
76.75
76.69
76.69
76.69
76.69
76.69
76.74
76.67
76.67
76.29
76.29
76.29
76.29
76.29
76.29
76.29
76.32
76.32
76.32
76.32
76.34
76.34
76.24
76.14
76.14
76.29
76.29
76.35
76.35
76.45
76.45
76.45
76.45
76.38
76.38
76.34
76.34
76.34
76.49
76.48
76.42
76.42
76.42
76.42
76.42
76.42
76.42
76.4
76.4
76.4
76.4
76.44
76.44
76.44
76.44
76.44
76.44
76.44
76.54
76.53
76.53
76.57
76.57
76.52
76.52
76.52
76.56
76.56
76.51
76.48
76.48
76.48
76.3
76.3
76.3
76.3
76.3
76.09
76.09
76.09
76.36
76.11
76.11
76.02
76.22
76.11
76.11
76.04
76.08
75.86
75.82
75.82
75.83
75.92
75.92
75.95
76.14
76.09
75.86
75.8
75.75
75.72
75.89
76.07
76
76
76
75.91
75.97
75.99
75.91
75.91
75.91
75.91
75.95
75.95
75.95
75.95
75.59
75.58
75.48
75.48
75.56
75.56
75.69
75.61
75.61
75.61
75.61
75.58
75.58
75.58
75.67
75.69
75.69
75.7
75.75
75.63
75.63
75.88
75.82
75.77
75.91
75.8
75.84
75.87
75.81
75.93
75.81
75.81
75.87
75.87
75.88
75.87
75.87
75.87
75.79
75.87
75.8
75.8
75.49
75.55
75.55
75.55
75.48
75.48
75.48
75.59
75.55
75.56
75.48
75.71
75.5
75.61
75.82
75.81
75.81
75.86
75.66
75.91
76.14
75.95
75.95
75.97
75.94
75.93
76.07
75.75
76.03
76.04
76.04
76.04
75.93
75.92
76.19
75.9
76.36
76.36
76.38
76.31
76.22
76.17
76.09
76.13
76.11
76.1
76.1
76.02
76.1
75.98
76.14
76.17
76.27
75.31
75.31
75.25
75.24
75.24
75.24
75.17
75.17
75.17
75.11
75.11
75.11
75.11
75.11
75.11
75.11
75.29
75.29
75.29
75.29
75.29
75.29
75.29
74.97
74.97
74.97
75.04
75.04
75.04
75.04
75.04
75.04
75.04
75.04
75.04
74.97
74.97
74.97
74.94
74.93
74.91
74.91
75.07
75.07
75.07
75.07
75.08
75.15
75.25
75.25
75.25
75.09
75.09
75.09
75.09
75.09
75.09
75.09
75.09
75.09
75.19
75.19
75.19
75.13
75.13
75.13
74.93
74.93
74.93
74.93
74.93
75.03
75.03
75.01
74.88
74.88
74.88
74.88
74.88
74.97
74.97
74.97
74.97
74.97
74.97
74.97
74.97
74.97
74.97
74.97
75
75
74.92
74.92
74.92
74.97
74.97
74.97
74.85
74.85
74.85
74.85
74.85
74.85
74.85
74.85
74.85
74.85
74.85
74.66
74.66
74.66
74.66
74.66
74.66
74.44
74.44
74.44
74.44
74.44
74.25
74.25
74.25
74.25
74.25
74.25
74.27
74.39
74.39
74.39
74.39
74.39
74.39
74.39
74.39
74.23
74.17
74.28
74.27
74.29
74.28
74.27
74.4
74.4
74.39
74.19
74.32
74.1
74.1
74.28
74.14
74.14
74.14
74.14
74.35
74.35
74.35
74.35
74.17
74.35
74.35
74.19
74.19
74.19
74.34
74.04
74.04
74.04
74.04
74.37
74.11
73.9
73.96
74.05
73.93
74.01
73.99
74.03
74.07
73.99
73.99
74.06
73.98
74.11
74.19
74.21
74.29
74.29
74.29
74.29
74.29
74.38
74.38
74.38
74.51
74.49
74.49
74.49
74.49
74.49
74.49
74.49
74.49
74.46
74.46
74.46
74.49
74.49
74.49
74.49
74.35
74.35
74.35
74.51
74.51
74.57
74.5
74.5
74.5
74.53
74.53
74.64
74.64
74.64
74.64
74.61
74.61
74.72
74.87
74.73
74.88
74.85
74.85
74.84
74.86
74.86
74.86
75.04
74.89
74.89
74.95
74.95
74.95
74.95
74.83
74.99
74.97
74.97
75.14
75.14
75.03
75.03
75.03
75.26
75.18
75.06
75.06
75.06
75.06
74.91
74.99
74.95
74.95
74.95
74.96
74.97
74.96
75.07
74.57
74.41
74.41
74.41
74.41
74.41
74.76
74.7
74.7
74.49
74.49
74.29
74.31
74.19
74.19
74.13
74.13
74.13
74.13
74.13
74.22
74.18
74.28
74.18
74.08
74.08
74.25
74.23
74.23
74.44
74.44
74.44
74.44
74.5
74.5
74.5
74.6
74.65
74.65
74.75
74.75
74.75
74.75
74.75
75
75
75
75
74.92
74.98
74.98
74.76
74.76
74.76
74.76
74.89
74.89
74.89
74.89
74.89
74.89
74.89
74.89
74.53
74.53
74.53
74.67
74.51
74.51
74.28
74.28
74.29
74.29
74.29
74.29
74.29
74.29
74.29
74.29
74.29
74.11
74.11
74.11
74.21
74.21
74.02
74.02
74.01
74.01
74.29
74.25
74.07
74.26
74.34
74.34
74.34
74.34
74.33
74.08
74.36
74.25
74.25
74.25
74.25
74.25
74.25
74.25
74.25
74.25
74.53
74.53
74.53
74.36
74.26
74.28
74.28
74.33
74.33
74.33
74.33
74.27
74.27
74.27
74.27
74.27
74.27
74.15
74.15
74.1
74.1
74.21
74.21
74.21
74.21
74.21
74.21
74.21
73.95
74.03
74.03
74.03
74.03
74.01
74.01
74.05
74.08
74.08
74.08
74.08
73.96
73.96
74.1
74.07
73.95
73.99
73.99
74
74.02
74
73.98
73.98
73.94
73.94
73.85
73.85
73.85
73.82
73.82
73.82
73.82
73.82
73.82
73.82
73.78
73.78
73.95
73.95
73.81
73.81
73.81
73.81
73.81
73.81
73.81
73.81
73.81
73.81
73.81
73.98
74.07
74.07
74.07
74.07
74.07
74.07
74.07
74.07
74.07
74.07
74.07
74.07
74.07
74.07
74.07
73.85
73.85
73.99
73.99
73.99
73.99
73.79
73.79
73.78
73.78
73.78
73.78
74
74
74
74
74.11
73.96
73.96
73.96
73.96
73.96
73.96
73.89
73.89
73.89
73.89
73.89
74.04
74.14
74.14
74.14
74.14
74.14
74.05
74.05
74.05
74.05
74.05
74.09
74.04
74.15
74.15
74.15
74.08
74.08
74.09
74.09
74.09
74.15
74.11
74.11
74.17
74.17
74.21
74.21
74.12
74.12
74.27
74.27
74.27
74.27
74.26
74.26
74.26
74.26
74.26
74.26
74.25
74.25
74.25
74.19
74.19
74.19
74.19
74.19
74.07
74.01
73.96
73.96
73.94
73.94
73.94
73.9
74
73.93
73.93
73.93
73.93
74.04
74.04
73.97
73.97
74
74
74
74
74.04
74.04
74.04
73.92
73.92
73.92
73.92
73.92
73.92
73.87
73.95
74.01
73.89
73.89
73.88
73.83
73.94
73.89
73.89
73.84
73.84
73.79
73.77
73.8
73.84
73.9
73.85
74.81
74.73
74.62
74.62
74.62
74.62
74.62
74.7
74.7
74.57
74.52
74.44
74.43
74.43
74.43
74.43
74.5
74.45
74.35
74.35
74.42
74.42
74.42
74.42
74.38
74.58
74.58
74.25
74.25
74.25
73.75
73.67
73.67
73.67
73.67
73.67
73.67
73.67
73.67
74.08
74.08
74.08
74.23
74.26
74.34
74.34
74.34
74.51
74.51
74.51
74.51
74.54
74.61
74.6
74.6
74.53
74.53
74.57
74.57
74.51
74.51
74.51
74.51
74.51
74.51
74.57
74.57
74.57
74.53
74.52
74.5
74.5
74.52
74.71
74.71
74.71
74.89
74.89
74.82
74.82
74.82
74.74
74.74
74.72
74.68
74.68
74.73
74.73
74.66
74.66
74.66
74.69
74.77
74.77
74.67
74.67
74.62
74.55
74.55
74.72
74.67
74.59
74.59
74.59
74.76
74.76
74.64
74.64
74.64
74.64
74.64
74.64
74.64
74.81
74.81
74.81
74.81
74.81
74.68
74.68
74.85
74.97
74.97
74.97
74.97
74.97
74.97
74.97
74.97
74.99
74.99
74.99
74.99
74.85
74.85
74.85
74.84
74.84
74.87
74.87
74.71
74.73
74.73
74.8
74.83
74.81
74.8
74.88
74.82
74.85
74.85
74.79
74.83
74.88
74.86
74.86
74.86
74.84
74.84
74.84
74.84
75.06
75.08
75.08
74.93
75.09
74.98
74.98
74.98
74.98
74.99
74.99
74.99
74.99
74.92
74.92
74.78
74.83
74.83
74.83
74.83
74.83
74.78
74.78
74.78
74.95
74.95
74.79
74.79
74.96
74.84
74.84
74.84
74.84
74.84
74.84
74.84
74.8
74.83
74.85
74.85
74.85
74.85
74.85
74.86
74.79
74.59
74.74
74.74
74.74
74.74
74.75
74.8
74.8
74.8
74.8
74.8
74.8
74.8
74.8
74.8
74.8
74.8
74.8
74.8
74.8
74.77
74.77
74.77
74.77
74.69
74.69
74.69
74.69
74.79
74.79
74.79
74.79
74.79
74.74
74.73
74.73
74.73
74.73
74.73
74.7
74.7
74.7
74.64
74.64
74.64
74.64
74.69
74.64
74.64
74.64
74.64
74.53
74.57
74.49
74.45
74.45
74.45
74.45
74.45
74.49
74.49
74.5
74.5
74.5
74.46
74.43
74.36
74.36
74.2
74.31
74.31
74.31
74.37
74.37
74.37
74.37
74.37
74.34
74.34
74.45
74.45
74.45
74.37
74.37
74.42
74.42
74.42
74.46
74.46
74.48
74.48
74.48
74.48
74.48
74.43
74.43
74.35
74.45
74.45
74.45
74.45
74.45
74.45
74.39
74.39
74.39
74.55
74.55
74.53
74.53
74.48
74.51
74.54
74.54
74.51
74.54
74.6
74.6
74.6
74.71
74.68
74.75
74.77
74.82
74.85
74.84
74.86
74.86
74.92
74.87
74.96
74.93
74.92
74.96
75.04
75.1
75.14
75.15
75.13
