33.95
33.83
33.67
33.68
33.58
33.6
33.52
33.53
33.43
33.5
33.46
33.49
33.47
33.38
33.34
33.37
33.34
33.34
33.35
33.39
33.38
33.32
33.34
33.31
33.29
33.32
33.29
33.25
33.15
33.21
33.17
33.18
33.15
33.23
33.24
33.29
33.31
33.34
33.29
33.35
33.3
33.34
33.33
33.33
33.32
33.4
33.38
33.38
33.4
33.39
33.45
33.52
33.59
33.55
33.55
33.55
33.56
33.58
33.56
33.52
33.51
33.5
33.56
33.55
33.58
33.65
33.69
33.72
33.69
33.76
33.73
33.74
33.76
33.75
33.65
33.61
33.6
33.55
33.56
33.53
33.54
33.53
33.56
33.63
33.62
33.57
33.63
33.58
33.58
33.6
33.59
33.59
33.58
33.59
33.6
33.58
33.6
33.6
33.44
33.42
33.42
33.55
33.55
33.54
33.52
33.53
33.56
33.63
33.61
33.65
33.7
33.66
33.64
33.65
33.65
33.67
33.66
33.65
33.61
33.63
33.62
33.61
33.65
33.62
33.61
33.6
33.64
33.65
33.5
33.46
33.5
33.42
33.44
33.47
33.5
33.49
33.43
33.41
33.48
33.5
33.48
33.37
33.52
33.38
33.5
33.38
33.36
33.39
33.32
33.4
33.4
33.37
33.38
33.42
33.36
33.37
33.39
33.44
33.49
33.44
33.47
33.43
33.46
33.47
33.46
33.41
33.44
33.42
33.4
33.43
33.35
33.38
33.43
33.43
33.43
33.26
33.28
33.35
33.35
33.28
33.28
33.23
33.21
33.11
33.11
33.1
33.06
33.11
33.07
33.09
33.09
33.08
33.05
33.13
33.09
33.11
33.04
33.04
33.05
33.03
33.02
33.02
33.05
32.97
32.94
32.93
32.93
32.93
32.91
32.93
32.94
33.03
32.94
32.85
32.85
32.85
32.84
32.81
32.77
32.75
32.76
32.75
32.69
32.72
32.72
32.81
32.74
32.77
32.77
32.78
32.78
32.77
32.73
32.72
32.67
32.75
32.71
32.7
32.72
32.72
32.69
32.69
32.75
32.75
32.77
32.74
32.73
32.7
32.69
32.65
32.62
32.67
32.79
32.79
32.7
32.68
32.67
32.62
32.62
32.64
32.65
32.7
32.64
32.61
32.6
32.63
32.61
32.59
32.6
32.58
32.56
32.58
32.64
32.68
32.66
32.62
32.62
32.63
32.59
32.59
32.57
32.58
32.57
32.57
32.61
32.59
32.61
32.6
32.58
32.58
32.62
32.59
32.61
32.62
32.59
32.6
32.59
32.6
32.6
32.61
32.66
32.58
32.6
32.59
32.53
32.58
32.55
32.58
32.6
32.6
32.56
32.6
32.63
32.6
32.65
32.63
32.61
32.76
32.77
32.77
32.72
32.76
32.79
32.74
32.79
32.78
32.81
32.81
32.83
32.81
32.76
32.78
32.8
32.82
32.85
32.88
32.86
32.88
32.86
32.85
32.85
32.87
32.89
32.85
32.86
32.86
32.83
32.84
32.83
32.8
32.75
32.75
32.74
32.63
32.41
32.47
32.59
32.63
32.68
32.75
32.44
32.62
32.52
32.42
32.26
32.33
32.39
32.35
32.35
32.33
32.5
32.44
32.34
32.33
32.32
32.41
32.42
32.46
32.35
32.42
32.41
32.5
32.51
32.54
32.54
32.34
32.59
32.56
32.6
32.67
32.65
32.63
32.59
32.6
32.61
32.58
32.6
32.61
32.63
32.61
32.56
32.54
32.48
32.6
32.51
32.52
32.45
32.46
32.45
32.44
32.53
32.52
32.54
32.48
32.45
32.49
32.52
32.5
32.54
32.57
32.54
32.55
32.6
32.62
32.69
32.63
32.67
32.68
32.72
32.72
32.67
32.68
32.78
32.81
32.81
32.79
32.75
32.75
32.79
32.77
32.79
32.78
32.76
32.76
32.69
32.58
32.76
32.61
32.58
32.74
32.52
32.46
32.43
32.51
32.53
32.43
32.4
32.4
32.38
32.37
32.37
32.47
32.37
32.54
32.56
32.46
32.49
32.38
32.38
32.35
32.35
32.38
32.4
32.34
32.4
32.29
32.22
32.24
32.23
32.21
32.21
32.26
32.23
32.21
32.26
32.27
32.2
32.2
32.2
32.2
32.21
32.15
32.24
32.21
32.15
32.17
32.17
32.13
32.15
32.18
32.12
32.13
32.12
32.15
32.12
32.12
32.17
32.06
32.17
32.07
32.03
32.04
32.05
32.04
31.87
32.06
31.86
32.06
31.86
31.88
31.88
31.93
32.03
32.04
32.04
32
32.07
32.08
32.2
32.15
32.01
32.11
32.04
32.18
32.16
32.15
32.16
32.16
32.19
32.18
32.2
32.2
32.17
32.1
32.19
32.11
32.18
32.16
32.12
32.18
32.2
32.19
32.24
32.2
32.23
32.22
32.2
32.22
32.19
32.2
32.11
32.17
32.11
32.12
32.07
32.09
32.1
32.11
32.07
32.04
32.02
32.04
32.1
32.14
32.11
32.08
32.09
32.03
31.97
31.98
32
32.02
32.01
32
32.07
32.1
32.02
32.11
32.1
32.14
32.1
32.03
32.05
32.16
32.04
32.05
32.03
32.02
32.04
32.07
32.02
31.99
32.03
31.98
31.98
31.97
31.96
32
31.98
31.98
31.93
31.9
31.91
31.92
31.94
31.93
31.91
31.91
31.92
31.94
31.96
32.01
32.07
32.11
32.08
31.97
32.12
32.12
32.16
31.93
32.1
32.1
32.07
32.1
32.14
32.12
32.08
32.11
32.12
32.1
32.11
32.08
32.1
32.06
32.12
32.06
32.06
32.06
31.94
32.07
32.06
31.92
32.09
32.09
31.92
32.08
31.88
31.87
31.9
31.9
31.91
32.04
32.05
31.97
32
31.99
31.95
32.02
31.97
32
32
31.95
31.95
31.91
31.92
31.88
31.96
31.92
31.99
31.93
31.92
32.01
32.03
32.03
32.03
32.03
32
32.05
32.04
32.02
32.01
32.01
31.97
31.98
31.99
31.94
31.93
31.87
31.87
31.87
31.86
32.18
32.2
32.16
32.12
32.15
32.14
32.13
32.1
32.06
31.98
31.96
32.04
32.03
32
31.99
32.04
31.96
31.98
31.99
31.99
31.99
31.97
31.98
32
32.03
32.05
32.03
32.06
32.08
32.06
32.01
31.96
31.97
32.09
31.96
31.89
31.85
31.83
31.86
32.01
31.86
31.92
31.94
31.92
31.87
31.88
31.8
31.79
31.82
31.83
31.83
31.84
31.8
31.78
31.69
31.72
31.78
31.69
31.68
31.65
31.66
31.64
31.64
31.62
31.61
31.64
31.64
31.62
31.6
31.61
31.65
31.55
31.58
31.52
31.52
31.54
31.54
31.56
31.62
31.62
31.61
31.63
31.63
31.58
31.68
31.67
31.69
31.67
31.6
31.61
31.62
31.63
31.67
31.67
31.61
31.66
31.6
31.55
31.51
31.54
31.55
31.58
31.61
31.57
31.54
31.55
31.6
31.49
31.43
31.43
31.43
31.42
31.45
31.44
31.43
31.46
31.44
31.44
31.46
31.46
31.41
31.43
31.38
31.41
31.38
31.38
31.34
31.33
31.33
31.33
31.32
31.33
31.29
31.29
31.28
31.26
31.27
31.24
31.28
31.22
31.21
31.22
31.16
31.16
31.12
31.1
31.1
31.09
31.07
31.04
31.07
31.08
31.11
31.1
31.06
31.07
31.04
31.05
31.06
31.1
31.11
31.11
31.06
31.11
31.13
31.16
31.1
31.16
31.11
31.13
31.15
31.11
31.12
31.18
31.14
31.28
31.32
31.31
31.36
31.38
31.46
31.6
31.35
31.69
31.81
31.82
31.86
31.95
31.97
31.94
31.93
31.88
31.9
31.9
31.9
31.82
31.82
31.85
31.84
31.76
31.74
31.73
31.65
31.61
31.59
31.62
31.64
31.64
31.63
31.78
31.73
31.74
31.69
31.7
31.72
31.76
31.78
31.8
31.79
31.83
31.84
31.69
31.85
31.72
31.76
31.76
31.91
31.98
31.95
31.96
32.06
32.11
32.09
32.15
32.13
32.04
32.05
32.08
32.08
32.1
32.11
32.1
32.2
32.23
32.12
32.24
32.17
32.15
32.22
32.15
32.24
32.26
32.34
32.23
32.3
32.35
32.36
32.4
32.39
32.42
32.4
32.38
32.39
32.39
32.42
32.38
32.39
32.92
32.79
32.85
32.73
32.69
32.75
32.65
32.88
32.78
32.99
32.82
32.72
32.85
33.01
32.83
32.95
32.93
32.96
32.96
32.88
32.85
32.87
32.86
32.88
32.77
32.82
32.81
32.84
32.82
32.82
32.79
32.78
32.65
32.8
32.84
32.91
32.87
32.92
32.89
32.91
32.83
32.83
32.78
32.85
32.86
32.87
32.79
32.8
32.8
32.8
32.94
32.97
32.96
33
32.97
32.96
32.96
32.89
32.9
32.93
32.9
32.88
32.84
32.85
32.83
32.91
32.98
32.9
32.9
32.9
32.77
32.75
32.75
32.75
32.74
32.71
32.75
32.75
32.72
32.7
32.68
32.7
32.72
32.67
32.64
32.62
32.7
32.66
32.6
32.57
32.6
32.61
32.61
32.63
32.6
32.68
32.71
32.61
32.76
32.68
32.72
32.68
32.78
32.84
32.85
32.87
32.92
32.96
32.71
33.01
33.04
33
33.03
32.77
33.05
33.04
33.02
33.05
33.04
33.06
33.09
33.08
33.06
33.11
33.16
33.19
33.19
33.19
33.21
33.31
33.28
33.31
33.41
33.33
33.37
33.36
33.38
33.4
33.44
33.43
33.32
33.48
33.49
33.47
33.5
33.51
33.5
33.48
33.46
33.5
33.53
33.5
33.55
33.48
33.46
33.45
33.46
33.47
33.49
33.47
33.44
33.39
33.34
33.29
33.23
33.27
33.25
33.32
33.23
33.29
33.29
33.29
33.3
33.32
33.34
33.26
33.34
33.33
33.31
33.38
33.38
33.4
33.38
33.37
33.35
33.34
33.38
33.38
33.36
33.32
33.35
33.31
33.31
33.25
33.19
33.19
33.32
33.16
33.2
33.14
33.1
33.03
33.04
33.04
33.03
32.95
32.88
32.79
32.83
32.81
32.83
32.95
32.79
32.79
32.79
32.78
32.85
32.85
32.86
32.9
32.89
32.86
32.85
32.82
32.81
32.78
32.8
32.86
32.84
32.87
32.85
32.81
32.86
32.87
32.81
32.93
32.91
32.85
32.91
33.01
32.96
33.03
33.06
32.9
32.89
33.11
33.07
33.08
33.11
33.05
33.05
33.04
33.07
32.98
33.05
33.01
33.05
33.05
33.08
33.12
33.11
33.09
33.01
33.09
33.01
33.06
33.1
33.08
33.07
33.08
33.07
33.04
33.02
33.09
33.04
32.99
32.99
32.99
32.99
32.99
32.99
32.89
32.89
32.83
32.83
32.82
32.83
32.82
32.82
32.91
32.78
32.83
32.85
32.85
32.93
32.94
32.94
32.9
32.87
32.8
32.88
32.9
32.92
32.91
32.92
32.83
32.92
32.91
32.96
32.88
32.94
32.94
32.99
32.98
32.99
33.01
33
32.99
32.99
32.95
32.97
32.91
32.95
32.95
32.91
32.87
32.98
32.92
32.88
33.26
33.24
33.23
33.29
33.29
33.32
33.49
33.48
33.37
33.16
33.2
33.18
33.16
33.15
33.21
33.19
33.17
33.36
33.25
33.28
33.31
33.3
33.33
33.32
33.42
33.4
33.36
33.32
33.32
33.28
33.32
33.31
33.35
33.32
33.36
33.42
33.35
33.35
33.39
33.37
33.45
33.47
33.45
33.46
33.51
33.54
33.57
33.73
33.73
33.65
33.66
33.63
33.65
33.65
33.65
33.58
33.59
33.57
33.56
33.57
33.48
33.51
33.48
33.56
33.48
33.51
33.59
33.56
33.64
33.69
33.72
33.7
33.6
33.61
33.58
33.59
33.58
33.56
33.59
33.65
33.67
33.55
33.52
33.58
33.53
33.53
33.52
33.57
33.54
33.56
33.58
33.59
33.57
33.66
33.59
33.66
33.55
33.57
33.57
33.62
33.56
33.56
33.58
33.63
33.63
33.67
33.68
33.73
33.68
33.68
33.67
33.65
33.66
33.65
33.63
33.57
33.61
33.67
33.53
33.53
33.55
33.57
33.5
33.54
33.52
33.53
33.54
33.54
33.52
33.49
33.57
33.51
33.59
33.58
33.6
33.58
33.61
33.55
33.58
33.58
33.62
33.61
33.64
33.64
33.65
33.63
33.64
33.62
33.62
33.65
33.6
33.65
33.64
33.67
33.63
33.65
33.62
33.62
33.61
33.61
33.6
33.62
33.61
33.7
33.67
33.74
33.69
33.74
33.69
33.77
33.76
33.71
33.67
33.71
33.72
33.71
33.73
33.74
33.74
33.76
33.74
33.76
33.62
33.77
33.77
33.75
33.75
33.76
33.75
33.59
33.64
33.64
33.6
33.59
33.56
33.57
33.57
33.53
33.51
33.51
33.55
33.49
33.59
33.58
33.54
33.53
33.45
33.45
33.47
33.48
33.45
33.45
33.51
33.5
33.5
33.5
33.53
33.56
33.53
33.53
33.52
33.47
33.47
33.48
33.51
33.57
33.58
33.58
33.65
33.65
33.63
33.58
33.59
33.64
33.65
33.62
33.61
33.59
33.6
33.58
33.57
33.54
33.53
33.54
33.58
33.59
33.59
33.64
33.64
33.61
33.61
33.64
33.63
33.68
33.7
33.7
33.67
33.73
33.72
33.73
33.75
33.75
33.75
33.8
33.74
33.75
33.77
33.77
33.79
33.8
33.85
33.85
33.88
33.9
33.93
33.97
33.9
33.95
33.95
33.97
33.92
33.95
33.93
33.92
33.94
33.94
33.94
33.95
33.93
33.92
33.94
33.9
33.89
33.94
33.95
33.92
33.94
33.91
33.93
33.92
33.93
33.95
33.92
33.92
33.94
33.94
33.96
33.95
33.95
33.98
33.98
33.99
34.12
34.08
34.09
34.14
34.14
34.17
34.16
34.18
34.2
34.23
34.24
34.18
34.3
34.27
34.16
34.29
34.29
34.32
34.3
34.33
34.34
34.36
34.35
34.33
34.34
34.35
34.34
34.36
34.37
34.37
34.38
34.38
34.4
