186.21
186.18
185.42
186.01
185.48
185.42
185.53
185.19
185.29
185.39
185.38
185.31
185.46
185.43
185.17
184.93
184.69
184.78
184.75
184.87
184.7
184.86
184.29
184.12
184.31
184.42
184.47
184.39
184.43
184.33
184.52
184.72
184.71
184.85
185.06
185.22
184.96
185.14
185.1
184.7
185
185.26
184.78
185.5
185.44
185.61
185.5
185.5
185.59
185.4
185.66
185.86
185.49
185.5
185.24
185.29
185.26
185.19
185.36
185.5
185.18
185.03
185.37
185.58
185.49
185.6
185.55
185.54
185.79
185.7
185.59
185.74
185.68
185.72
185.6
185.65
185.68
185.55
185.41
185.28
185.19
185.15
185.18
185.14
185.25
185.12
185.6
185.65
185.7
185.65
185.18
185.85
185.72
185.78
185.9
185.88
185.91
185.91
185.46
185.75
185.75
185.86
185.86
185.69
185.74
185.73
185.75
185.74
185.68
185.76
185.7
185.74
185.66
185.83
185.83
185.87
185.61
185.94
185.85
185.68
185.73
185.7
185.7
185.81
185.72
185.68
185.39
185.43
185.8
185.72
185.39
185.4
185.65
185.58
185.4
185.43
185.44
185.51
185.68
185.68
185.8
185.5
185.54
185.8
185.72
185.71
185.75
185.43
185.28
185.26
185.26
185.31
185.23
185.48
185.16
185.52
185.26
185.83
185.77
185.36
185.24
185.58
185.59
185.58
185.79
185.73
185.72
185.74
185.73
185.81
185.75
185.66
185.66
185.62
185.57
185.8
185.78
185.5
185.41
185.39
185.37
185.26
185.22
185.34
185.04
185.19
185.07
185.08
185.37
185.37
185.12
185.14
185.12
185.07
185.19
185.3
185.21
185.28
185.34
185.27
185.09
185.09
185.34
185.28
185.22
185.09
185.18
185.09
185.01
185.04
185.24
185.17
185.12
185
184.74
184.88
184.88
184.82
184.91
184.76
184.93
184.82
184.75
184.76
184.87
184.8
184.91
184.92
184.79
184.85
184.85
184.86
184.84
184.76
184.88
184.94
184.84
184.96
184.77
184.86
184.89
184.91
184.85
185.01
185.03
185.12
185.09
185.06
185.08
185.18
185.24
185.22
185.42
185.3
185.35
185.21
185.27
185.18
185.18
185.06
185.01
185.2
185.29
184.77
184.81
184.79
184.81
184.76
184.7
184.57
184.44
184.65
184.51
184.51
184.48
184.25
184.18
184.52
184.5
184.41
184.28
184.32
184.34
184.21
184.26
184.23
184.21
184.41
184.28
184.27
184.24
184.34
184.3
184.39
184.48
184.35
184.59
184.66
184.69
184.84
184.99
184.98
184.8
184.67
184.88
184.99
184.9
184.8
184.96
184.94
184.84
184.79
184.82
185.04
185.1
185.12
185
184.99
185.09
185.09
185.17
185.11
185
184.64
184.88
184.88
184.92
184.67
184.67
184.65
184.54
184.62
184.64
184.74
184.71
184.9
184.72
185.01
185.04
185.04
185.18
185.15
184.54
184.63
185.4
185.4
185.25
185.39
185.36
185.46
185.3
185.08
185.38
185.12
187.32
188.1
188.01
188.06
188.15
187.96
188.01
188.13
187.95
187.81
188.34
188.34
188.12
187.79
187.79
188.37
189.03
189.21
189.15
189.24
189.18
189.37
189.18
189.14
189.01
189.03
189.11
189.07
189.05
189.24
188.84
188.77
188.73
188.8
188.88
188.84
188.66
188.51
188.38
188.9
188.62
188.67
188.71
188.74
188.73
188.66
188.73
188.77
188.74
188.76
188.66
188.8
188.64
188.63
188.61
188.59
188.7
188.64
188.73
188.75
188.87
188.81
188.88
188.96
188.84
188.35
188.43
188.51
188.6
188.72
188.73
188.63
188.91
188.96
188.9
188.67
188.69
188.82
188.89
188.86
188.8
188.7
188.62
188.65
188.64
188.64
188.74
188.69
188.58
188.65
188.55
188.55
188.56
188.65
188.65
188.33
188.3
188.36
188.11
188.11
187.79
187.72
187.79
188
187.89
187.93
187.9
187.83
187.83
187.93
187.81
187.56
187.61
187.54
187.65
187.47
187.28
187.03
187.07
187.45
187.48
187.45
187.37
187.5
187.39
187.47
187.55
187.56
187.58
187.47
187.51
187.38
187.47
187.33
187.42
187.44
187.17
187.37
187.07
187.11
186.95
187.01
187.01
186.94
187.06
187.02
187.04
187.2
187.04
186.97
187
187.05
187.13
186.81
187.08
186.7
187.04
186.55
186.6
186.52
186.43
186.49
186.47
186.56
186.51
186.67
186.66
186.54
186.38
186.35
186.36
186.47
186.4
186.4
186.37
186.63
186.56
186.62
186.45
186.39
186.43
186.38
186.84
186.84
186.77
186.87
186.95
186.98
187.1
187.06
187
187.1
187.1
187.12
186.99
187.02
187.1
187.16
187.25
187.17
187.13
187.01
187.01
186.97
186.92
186.51
186.4
186.15
186.07
186.11
185.94
185.63
186.52
185.65
185.65
185.57
185.38
185.56
185.34
185.39
185.57
185.48
185.57
185.3
185.27
185.37
185.1
185.29
185.19
185.21
185.39
185.23
185.02
184.78
185.33
184.19
184.36
184.38
184.51
184.75
185.25
184.31
184.32
184.32
184.27
184.18
184.05
183.73
184.41
184.04
184.31
184.5
183.65
183.75
183.62
183.55
183.66
183.56
183.85
183.71
183.67
183.63
183.8
183.8
183.64
183.67
183.83
183.89
184.04
184.03
184.01
183.7
184.11
184.11
184.11
184.09
184.14
184.17
184.08
184.31
184.25
184.27
184.15
184.27
184.48
184.29
184.34
184.32
184.35
184.42
184.24
184.36
184.35
184.41
183.89
183.71
183.88
183.85
184.37
183.88
183.63
184.29
183.81
183.66
183.84
183.82
183.93
183.82
184.51
184.64
184.55
184.54
184.51
184.63
183.93
183.88
184.51
184.44
184.43
184.37
184.16
184.24
184.48
184.71
184.65
184.68
184.88
184.35
185.23
185.34
185.5
185.5
185.35
185
185.19
185.13
184.96
184.86
184.76
184.68
184.89
184.39
184.77
184.74
184.64
184.76
184.9
181.25
181.17
180.98
181.05
181.04
181
180.94
180.99
180.92
180.63
180.6
180.53
180.59
180.65
180.55
180.51
180.63
180.29
180.57
180.61
180.61
179.98
180.06
180.07
180.18
180.12
180.25
180.08
180.07
179.83
179.86
179.71
179.74
179.76
179.88
179.86
179.8
179.98
180.18
179.77
180.15
180.24
180.39
180.44
180.43
180.41
180.32
180.38
180.53
180.54
180.51
180.65
180.62
180.51
180.28
180.16
180.54
180.45
180.12
180.24
180.17
180.27
180.35
180.32
180.09
180.18
180.16
179.97
180.25
180.05
180.32
179.85
180.31
179.78
179.82
179.92
179.94
179.97
179.94
179.84
179.76
179.84
179.77
179.85
179.78
179.72
179.75
179.85
179.79
179.85
179.86
179.8
179.96
179.95
179.79
179.88
180.02
179.9
180.03
179.9
179.92
180.05
180.05
179.88
179.95
179.81
179.94
179.95
179.83
179.73
179.75
179.82
179.6
179.75
179.78
179.38
179.8
179.71
179.67
179.67
179.06
179
179.07
179.06
179.04
179.12
179.2
179.07
179.19
179.17
179.16
179.07
179.11
179.11
179.01
179.14
178.98
178.96
178.86
179.05
178.82
178.81
178.75
178.65
178.63
178.65
178.31
178.37
178.4
178.11
178.5
178.49
178.6
178.64
178.45
178.65
178.72
178.6
178.66
178.93
178.84
178.63
178.91
178.91
178.87
179.15
179.28
179.15
178.84
179.03
179.08
178.99
178.96
179.08
179.03
179.28
179.59
179.54
179.55
179.46
179.34
179.36
179.57
179.29
179.31
179.62
179.52
179.53
179.54
179.57
180.2
179.61
180.15
180.15
180.03
179.97
179.79
179.76
179.76
179.74
179.6
179.91
179.51
179.74
179.34
179.69
179.64
179.27
179.66
179.63
179.69
179.39
179.18
179.28
179.41
179.55
179.62
179.25
179.6
179.82
179.76
179.59
179.73
179.38
179.48
179.61
179.58
179.66
179.87
180.12
180.05
180.34
180.36
179.93
180.27
180.16
180.15
180.06
180.05
179.99
180.08
179.88
180.25
180.19
180.19
179.93
179.97
179.95
180.2
179.96
180.19
180.32
180.37
180.36
179.89
180.19
180.44
180.38
180.34
180.31
180.34
180.47
180.5
180.5
180.22
180.13
180.49
179.13
178.5
178.33
178.3
177.79
177.75
177.62
178.29
177.87
177.81
177.74
177.7
177.78
177.97
177.93
178.05
178.1
178.2
178.65
178.79
178.52
178.68
178.52
178.64
178.96
179.15
178.75
179.1
179.02
178.71
178.89
178.28
178.24
178.41
178.29
178.7
179.23
179.5
179.51
179.61
179.65
180.02
180.47
179.98
180.85
180.65
180.45
180.33
180.24
180.51
180.83
180.88
180.86
181.31
181.36
181.5
181.26
181.01
181.25
181.15
181.03
180.82
181.36
180.84
181.49
181.18
181.14
181.13
180.88
180.88
180.31
180.32
180.33
180.18
179.95
180.38
180.35
180.28
180.09
180.21
180.36
180.02
180
179.9
179.69
179.54
179.59
179.65
179.5
179.42
179.35
179.4
179.4
179.31
179.4
179.62
179.72
179.34
179.82
179.61
179.48
179.04
179.29
179.47
179.43
179.35
179.49
179.45
179.56
179.73
179.95
179.71
179.68
179.55
179.57
179.45
179.64
179.67
179.41
179.49
179.64
179.4
179.42
179.48
179.58
179.68
179.7
179.69
179.8
180.05
179.46
179.92
179.95
179.77
179.53
179.38
179.25
179.09
179.22
179.16
179.8
179.77
179.12
179.3
179.13
179.13
179.14
179.15
178.77
178.79
178.83
178.97
178.93
178.84
178.55
178.56
178.65
178.78
178.62
178.78
178.68
178.55
178.48
178.34
178.19
178.21
178.1
178.02
178.03
177.9
178.07
178.13
178.23
178.19
178.38
178.32
178.33
178.29
178.22
178.37
178.92
179.13
178.63
179.03
178.96
178.97
178.91
178.85
179.18
179.18
179.23
179.15
179.17
179.36
179.26
178.83
178.83
178.8
178.82
178.76
178.84
178.7
178.74
178.65
178.71
178.79
178.71
178.71
178.74
178.66
178.68
178.59
178.67
178.64
178.7
178.77
178.92
178.96
178.88
179.12
179.07
178.81
178.95
178.99
178.9
178.75
178.52
178.54
178.59
179
178.55
178.52
178.42
178.5
178.86
178.59
178.76
178.75
178.74
178.7
178.68
178.81
178.94
178.81
178.73
178.75
178.68
178.67
178.71
178.58
178.71
178.66
178.52
178.62
178.51
178.35
178.29
178.37
178.43
178.42
178.58
178.58
178.61
178.58
178.66
178.71
178.73
178.69
178.88
178.96
178.89
178.8
178.91
178.86
178.92
178.8
178.87
178.87
178.87
178.87
178.87
178.98
178.57
178.5
178.4
178.35
178.36
178.45
178.25
178.33
178.18
178.32
178.16
178.29
178.46
178.58
178.66
178.74
178.68
178.67
178.54
178.68
178.88
178.68
178.45
178.35
178.3
178.38
178.48
178.34
178.41
178.45
178.41
178.68
178.69
178.63
178.76
178.6
178.66
178.49
178.35
178.74
178.26
178.43
178.55
178.7
178.65
178.65
178.65
176.93
177.05
177.81
177.44
176.62
176.46
175.99
175.85
176.12
176.04
175.75
177.58
175.18
175.45
175.24
175.2
174.94
175.64
175.47
175.3
175.09
174.84
175.04
174.9
174.82
174.95
174.98
175
174.84
174.95
174.44
174.51
174.39
174.17
174.37
174.73
174.43
174.58
175.08
175.23
174.93
174.74
175
175.2
175.46
175.26
175.49
175.43
175.35
175.18
175.31
175.33
175.8
175.98
176.4
176.15
176.25
176.5
176.32
176.43
176.45
176.4
176.64
176.71
176.38
176.63
176.61
177.29
177.4
177.38
177.1
176.32
176.25
176.92
176.86
176.82
176.99
176.76
176.94
176.6
177.17
177.16
177.16
176.7
176.65
176.72
176.69
176.95
176.94
176.77
176.6
177.18
177.18
176.19
176.09
176.03
175.9
175.73
175.98
175.97
175.94
175.88
175.72
175.77
175.92
176.08
176.09
176.26
176.28
176.19
176.46
176.5
176.42
176.38
176.39
176.28
176.14
175.97
175.77
175.99
175.82
175.91
175.89
176.33
176.28
176.15
176.23
176.22
176.11
176.09
176.21
176.15
176.06
176.08
176.16
176.07
176.24
176.18
176.18
176.04
175.94
176.12
176.11
176.08
176.19
176.25
176.08
176.05
176.49
176.63
176.64
176.29
176.6
176.32
176.6
176.33
176.51
176.53
176.65
176.83
176.74
176.82
177.14
177
177.19
177.26
177.38
177.73
177.67
177.7
177.99
177.72
177.72
177.72
177.66
177.52
177.45
177.54
177.52
177.43
177.54
177.39
177.49
177.52
177.49
177.8
177.6
177.99
177.36
177.17
177.07
176.91
176.82
176.93
176.88
176.94
176.85
176.83
176.93
176.84
176.88
176.83
176.59
176.58
176.33
176.39
176.95
176.26
176.37
176.26
176.36
176.5
176.39
176.43
176.44
176.46
176.58
176.54
176.41
176.51
176.34
176.32
176.5
175.99
176.22
176.24
176.3
176.27
176.37
176.32
176.38
176.34
176.33
176.37
176.47
176.42
176.48
176.48
176.59
176.45
176.45
176.38
176.48
176.5
176.49
176.3
176.43
176.45
176.16
176.25
176.25
176.31
176.35
176.19
176.06
176.04
175.9
175.93
175.87
176
175.89
175.91
175.87
175.63
175.7
175.38
175.67
175.49
175.47
175.41
175.44
175.38
175.28
175.33
175.25
175.4
175.52
175.32
175.39
175.68
175.48
175.55
175.67
175.73
175.8
175.91
175.89
175.87
175.83
175.89
175.95
175.79
175.62
175.84
175.56
175.83
175.58
175.62
175.6
175.6
175.62
175.58
175.37
175.46
175.39
175.32
175.34
175.34
175.35
175.48
175.45
175.46
175.68
175.98
175.95
176.01
176.43
175.99
176.38
176
176.4
176.43
176.2
176.74
176.84
176.79
176.78
176.68
176.73
176.72
176.88
176.77
176.97
177
177.11
177.09
176.71
177
176.97
176.98
177.09
177.25
177.29
177.25
177.44
