158.95
158.94
158.65
158.4
158.33
158.18
157.95
157.51
158.66
157.38
157.31
158.54
157.41
157.37
157.01
157.02
156.89
156.91
156.63
156.89
156.76
156.7
156.86
156.74
156.71
156.73
157.1
156.78
156.66
156.54
156.84
156.83
157.07
156.98
157.11
157.09
157.18
156.95
156.97
156.83
156.74
157.06
156.98
156.98
157.01
157.15
157.09
157.09
157.02
157.09
157.32
157.6
157.65
157.45
157.26
157.17
157.3
157.27
157
157
157.29
157.21
157.35
157.44
157.37
157.53
157.31
157.7
157.79
157.77
157.35
157.82
157.86
157.86
157.52
157.46
157.54
157.49
157.3
157.29
157.32
157.23
157.32
157.31
157.49
157.7
157.39
157.71
157.72
157.74
157.68
157.58
157.73
157.67
157.63
157.51
157.61
157.58
157.67
157.29
157.51
157.65
157.47
157.49
157.47
157.57
157.59
157.45
157.47
157.41
157.57
157.41
157.06
157.05
157.16
157.5
157.4
157.01
157.09
157.01
157
157.03
157.02
157.11
157.04
156.95
156.89
157.14
156.81
156.84
157.07
157.06
156.84
156.96
156.93
156.95
156.95
156.96
156.98
157.07
157.11
157.11
157.09
157.03
157.02
156.98
157.01
156.87
156.69
156.79
156.88
156.86
156.75
156.92
156.87
157
156.8
157.02
157
156.91
156.83
156.92
156.93
156.98
157
157.02
156.95
156.96
157.06
157.05
157.06
157.05
157.07
157.09
157.01
156.94
156.89
157.06
156.88
156.96
156.95
156.86
156.89
156.91
156.85
156.89
156.93
156.83
156.99
156.91
156.87
156.82
156.86
156.83
156.96
156.86
156.85
156.86
156.81
156.76
156.75
156.63
156.78
156.76
156.77
156.71
156.69
156.88
156.62
156.87
156.73
156.77
156.82
156.77
156.68
156.72
156.63
156.6
156.56
156.57
156.58
156.69
156.53
156.61
156.45
156.43
156.45
156.48
156.46
156.4
156.39
156.49
156.53
156.48
156.63
156.58
156.49
156.5
156.44
156.54
156.59
156.64
156.6
156.59
156.48
156.51
156.52
156.57
156.55
156.58
156.66
156.64
156.79
156.76
156.77
156.7
156.75
156.63
156.61
156.7
156.65
156.69
156.58
156.5
156.52
156.53
156.58
156.46
156.47
156.49
156.42
156.43
156.36
156.45
156.42
156.2
156.27
156.17
156.18
156.36
156.15
156.1
156.16
155.99
156.05
156.02
156
156.06
156.01
156.01
155.91
155.91
156.03
156.03
156.02
156.15
156.16
156.14
156.22
156.19
156.19
156.22
156.27
156.2
156.16
156.21
156.1
156.04
156.11
156.09
156.1
155.97
156.03
156.07
156.07
156.26
156.12
156.01
156.15
156.1
156.25
156.23
156.17
156.03
155.95
156
155.99
155.89
155.92
155.96
155.82
155.89
155.93
155.93
155.94
155.99
156.08
156.06
156.16
156.19
155.79
156.36
156.41
156.6
156.68
156.64
156.54
156.54
156.47
156.55
156.6
156.43
156.43
156.45
156.41
157.59
157.71
157.68
157.74
157.95
157.84
157.55
157.56
157.65
157.83
158.02
158.08
158.09
158.18
158.49
158.12
158.67
158.8
158.96
158.86
158.95
159.31
159.25
159.23
158.91
159.15
158.95
158.99
159.12
158.75
158.91
158.8
159.26
158.93
158.99
158.98
159.05
159.04
159.13
159
158.99
159.1
158.98
159.21
159.04
159.08
159.07
159.17
159.16
159.19
159.18
159.17
159.19
159.14
159.2
159.33
159.37
159.41
159.43
159.5
159.33
159.49
159.68
159.45
159.39
159.83
159.9
159.91
159.91
159.8
159.65
159.91
159.76
159.86
159.9
159.94
159.87
159.93
159.88
159.42
159.4
159.49
159.6
159.6
159.47
159.86
159.51
159.65
159.57
159.58
159.7
159.6
159.72
159.65
159.69
159.61
159.63
159.56
159.53
159.32
159.35
159.3
159.44
159.29
159.27
159.3
159.34
159.31
159.34
159.38
159.36
159.37
159.37
159.3
159.21
159.23
159.06
159.21
159.26
159.28
159.27
159.35
159.19
159.4
159.24
159.35
159.36
159.27
159.25
159.24
159.21
159.23
159.12
159.22
159.29
159.31
159.22
159.13
159.1
159.07
159.1
159.16
159.03
159.07
159.09
159.08
159.12
159.09
159.13
159.1
159.1
159.14
159.15
159.12
158.98
159.09
158.88
158.87
159
158.68
158.71
158.72
158.93
158.8
158.74
158.79
158.76
158.65
158.54
158.52
158.6
158.65
158.59
158.68
158.73
158.54
158.77
158.5
158.53
158.73
158.6
158.75
158.54
158.77
158.75
158.8
158.75
158.86
158.8
158.9
158.76
159
158.98
158.98
158.99
158.99
158.96
159
158.98
158.97
158.96
158.98
158.95
158.98
158.87
158.63
158.48
158.93
158.89
158.34
158.81
158.78
158.67
158.09
157.9
157.88
157.91
157.93
157.94
157.98
157.87
157.76
157.58
157.8
157.36
157.81
157.41
157.38
157.56
157.44
157.45
157.26
156.85
156.65
156.6
157.54
156.51
156.65
156.69
157.4
157.31
156.43
156.5
156.42
156.35
156.36
156.21
156.27
156.24
156.38
156.32
156.06
155.92
155.75
155.95
155.95
155.84
156.02
156.15
156.03
155.98
155.99
156.02
155.96
156.01
156.09
156.16
155.91
156.28
156.28
156.29
156.6
156.55
156.65
156.7
156.74
156.85
156.8
156.85
156.75
156.71
156.84
156.49
156.68
156.69
156.82
156.8
156.46
156.51
156.69
156.67
156.67
156.58
155.97
155.91
156.43
156.5
156.54
156.46
156.06
155.99
156.35
155.93
156
155.93
156
156.22
156.33
156.52
156.41
156.04
156.09
156.39
156.6
156.62
156.64
156.72
156.63
156.68
156.39
156.52
156.63
156.69
156.81
156.74
156.7
156.74
156.58
157.15
157.26
157.24
157.22
157.2
157.04
157.06
157.09
157.06
156.91
156.88
156.85
156.7
156.76
156.78
156.68
156.77
156.76
156.42
156.35
156.19
156.23
156.39
155.67
156.28
156.34
155.84
156.35
155.62
155.43
155.39
155.43
155.43
155.41
155.49
155.47
155.3
155.41
155.22
155.11
155.09
155.18
155.26
155.22
155.25
155.32
155.41
155.13
155.3
155.05
155.03
155.18
155.28
154.95
154.96
154.94
155.22
155.16
155.07
155.25
155.48
155.6
155.61
155.57
155.49
155.5
155.58
155.54
155.43
155.48
155.46
155.5
155.23
155.19
155.38
155.09
155.03
155.09
155
155.09
155.13
155.12
155.02
155.05
155.11
154.89
154.9
154.9
154.76
154.77
155.11
154.65
154.98
154.64
154.78
154.83
154.61
154.72
154.52
154.66
154.54
154.54
154.88
154.54
154.67
154.59
154.7
154.68
154.83
154.75
154.85
154.9
154.8
154.87
155
155.03
154.89
155.11
154.8
155.05
155.15
155.08
154.92
154.99
155.03
155
154.97
154.82
154.84
154.8
154.82
154.86
154.6
154.76
154.7
154.8
154.7
154.95
154.57
154.59
154.63
154.59
154.56
154.6
154.71
154.67
154.67
154.67
154.66
154.81
154.64
154.64
154.7
154.64
154.71
154.65
154.59
154.7
154.55
154.59
154.54
154.57
154.47
154.24
154.24
154.25
154.15
154.05
154.09
154.16
154.32
154.22
154.38
154.45
154.32
154.4
154.32
154.3
154.52
154.64
154.51
154.39
154.5
154.51
154.73
154.71
154.65
154.71
154.77
154.81
154.82
154.73
154.81
155.13
155.29
155.31
155.02
154.98
155.46
155.38
155.35
155.25
155.55
155.4
155.59
155.76
155.53
155.57
155.62
155.35
155.38
155.32
155.37
155.32
155.35
155.37
155.43
155.27
155.3
155.35
155.32
155.23
155.13
155.32
155.18
155.15
155.17
155.34
155.15
155.35
155.05
155.09
155.28
155.06
155.46
155.45
155.43
155.26
155.17
155.44
155.3
155.25
155.15
155.25
155.32
155.4
155.55
155.56
155.77
156
156.05
156.17
155.79
155.78
155.73
155.79
155.62
155.7
155.63
155.55
155.75
155.92
155.87
155.71
155.45
155.41
155.56
155.41
155.55
155.52
155.52
155.71
155.6
155.51
155.74
155.71
155.53
155.64
155.71
155.87
155.77
155.8
155.84
155.74
155.6
156.11
156.21
156.05
156.17
155.86
155.79
155.57
155.79
155.32
155.21
155.4
155.43
155.32
155.58
155.33
155.12
155.21
155.13
155.12
155.23
155.1
154.95
154.92
154.81
154.69
154.91
154.59
154.86
155.15
154.93
154.66
155.15
155.16
155.36
155.45
155.51
155.84
155.81
155.76
155.76
155.67
155.74
155.76
155.72
155.74
155.94
155.79
155.75
155.7
155.8
155.77
156.16
156.2
156.13
156.3
156.25
156.24
156.05
156.05
156.04
156.33
155.88
155.84
155.88
155.83
156.1
155.99
155.96
155.79
155.81
155.17
155.21
155.16
155.16
155.04
155.22
155.26
155.36
155.27
155.14
155.33
155.25
155.28
155.04
155.35
154.94
154.99
154.97
154.76
154.66
154.73
154.79
154.82
154.94
154.99
154.76
154.74
155.26
154.76
155.05
154.99
154.72
154.75
155
154.8
154.74
154.96
155.21
155.16
155.33
155.4
155.32
155.27
155.23
155.14
155.09
155.12
155.16
155.14
155.04
155.05
155.06
155.1
155.17
155.03
155.19
155.03
154.98
155.11
155.06
155.14
155.18
155.24
155.41
155.31
155.16
155.06
154.96
154.86
155.41
154.87
154.88
155.15
154.76
154.82
154.96
154.92
154.82
154.95
154.73
154.72
154.81
154.79
154.75
154.53
154.52
154.71
154.68
154.57
154.55
154.53
154.54
154.32
154.38
154.29
154.36
154.31
154.37
154.29
154.32
154.39
154.52
154.66
154.56
154.38
154.59
154.3
154.49
154.46
154.81
154.57
154.9
154.93
154.75
154.76
154.74
154.81
154.99
154.93
154.89
154.95
154.9
154.93
154.99
154.78
154.64
154.61
154.66
154.61
154.84
154.34
154.28
154.42
154.32
154.34
154.35
154.46
154.35
154.31
154.35
154.32
154.53
154.49
154.4
154.57
154.61
154.86
154.85
154.96
155
155.05
154.98
154.99
155.11
155.05
154.96
154.9
154.79
154.89
154.87
154.88
154.78
154.94
154.96
154.84
154.93
154.93
154.96
155
154.86
154.92
155
154.97
155.02
154.89
154.91
154.93
154.92
155.01
154.79
154.97
154.82
154.84
154.84
154.72
154.74
154.77
154.78
154.84
154.8
154.92
154.77
154.98
154.96
155
155.04
155.09
155.01
155.18
155.3
155.16
155.09
155.11
155.14
155.28
155.06
155.03
155.2
155.18
155.36
155.02
155.04
154.91
154.85
154.8
154.8
154.8
154.79
154.74
154.82
154.83
154.79
154.7
154.78
154.83
154.86
155.03
155.08
155.05
155.14
155.04
155.09
155.17
155.17
155.15
155.06
155.02
154.88
154.81
154.89
154.95
154.9
155.03
155.02
154.93
155.03
154.99
154.92
154.83
154.89
154.77
154.81
155.01
154.63
154.61
154.58
154.48
154.49
154.6
155.21
155.04
154.9
154.77
154.96
154.98
155.14
155.22
155.24
155.08
155.12
155.11
155.15
155.16
155.17
154.93
154.84
155.21
154.94
154.93
154.8
154.73
154.74
154.51
154.9
154.51
154.88
154.85
154.55
154.57
154.4
154.78
154.8
154.54
154.71
154.69
154.95
154.92
154.93
154.74
155.06
155.31
155.25
155.29
155.45
155.34
155.41
155.57
155.67
155.68
155.7
155.72
155.77
155.89
155.87
155.78
155.75
155.79
155.74
155.86
155.75
155.7
155.59
155.76
155.68
155.72
155.77
155.91
155.87
155.84
156.21
155.72
156.15
156.29
156.23
156.25
156.29
156.33
156.35
156.14
156.13
156.21
155.91
155.82
155.97
156.03
156.06
156.08
156.1
156.16
156.21
156.14
156.18
156.1
156.18
156.16
155.76
155.72
156.15
156.15
155.89
155.84
156.18
156.12
156.12
156.05
156.19
156.29
156.28
156.23
156.31
156.31
156.24
156.29
156.26
156.28
156.23
156.02
155.93
155.95
155.97
155.97
155.83
155.66
155.64
155.6
155.65
155.97
155.88
155.65
155.83
155.72
155.65
155.67
155.75
155.74
155.67
155.6
155.55
155.68
155.64
155.56
155.53
155.47
155.52
155.51
155.65
155.64
155.59
155.53
155.52
155.65
155.56
155.56
155.5
155.61
155.44
155.57
155.59
155.6
155.6
155.71
156.01
155.89
155.93
155.94
156.04
155.98
156.01
156.29
156.34
155.93
155.9
155.93
155.89
156.14
155.99
156.3
156.08
156.13
156.3
156.21
156.23
156.33
156.22
156.32
156.37
156.24
156.34
156.13
156.29
156.17
156.16
156.14
156.13
156.1
156.2
156.1
156.19
155.95
155.97
156.21
155.94
156.09
155.99
156.13
156.14
156.25
156.31
156.18
156.26
156.31
156.29
156.26
156.19
156.29
156.3
156.28
156.26
156.24
156.33
156.32
156.35
156.3
156.38
156.42
156.45
156.49
156.38
156.5
156.49
156.47
156.52
156.52
156.5
156.52
156.54
156.56
156.55
156.67
156.67
156.63
156.71
156.72
156.71
156.83
156.89
156.86
156.87
156.86
156.82
156.82
156.79
156.88
156.9
156.9
156.91
156.9
156.88
156.83
156.88
156.75
156.85
156.72
156.79
156.65
156.71
156.73
156.74
156.76
156.66
156.57
156.49
156.53
156.53
156.53
156.63
156.8
156.8
156.74
156.76
156.68
156.83
156.8
156.89
156.96
156.95
156.94
156.96
156.98
156.97
156.98
156.8
156.86
156.88
156.86
156.93
156.94
156.95
156.94
156.93
156.97
156.9
156.97
156.95
156.9
156.94
156.93
156.83
156.94
156.9
156.94
156.93
157.09
157.01
157.05
157.03
157
157.02
157.02
157
157.15
157.18
157.21
157.32
157.5
157.53
157.58
157.54
157.51
157.55
157.36
157.32
157.32
157.38
157.46
157.38
157.33
157.42
157.31
157.41
157.38
157.37
157.41
157.32
