41.64
41.53
41.38
41.43
41.43
41.36
41.36
41.35
41.41
41.36
41.29
41.25
41.28
41.32
41.28
41.3
41.25
41.26
41.31
41.28
41.26
41.26
41.21
41.28
41.19
41.25
41.22
41.31
41.15
41.19
41.2
41.21
41.24
41.23
41.23
41.24
41.17
41.33
41.29
41.31
41.29
41.34
41.23
41.37
41.33
41.36
41.39
41.38
41.42
41.42
41.41
41.46
41.48
41.5
41.52
41.52
41.42
41.53
41.42
41.41
41.53
41.52
41.56
41.6
41.59
41.62
41.6
41.62
41.6
41.67
41.66
41.63
41.6
41.64
41.62
41.62
41.54
41.52
41.55
41.59
41.61
41.63
41.68
41.63
41.71
41.8
41.67
41.82
41.85
41.86
41.72
41.9
41.92
41.92
41.91
41.91
41.92
41.92
41.96
41.91
41.91
41.93
41.93
41.89
41.87
41.89
41.88
41.85
41.85
41.87
41.89
41.86
41.86
41.88
41.85
41.87
41.87
41.9
41.85
41.84
41.79
41.78
41.8
41.8
41.76
41.75
41.78
41.72
41.69
41.69
41.76
41.76
41.78
41.78
41.79
41.78
41.77
41.79
41.83
41.82
41.78
41.73
41.76
41.72
41.73
41.71
41.7
41.82
41.66
41.67
41.67
41.67
41.68
41.67
41.73
41.73
41.72
41.72
41.73
41.74
41.74
41.73
41.73
41.71
41.72
41.7
41.71
41.71
41.74
41.71
41.75
41.76
41.74
41.75
41.76
41.75
41.75
41.78
41.72
41.74
41.74
41.76
41.76
41.73
41.72
41.72
41.72
41.72
41.72
41.74
41.73
41.7
41.71
41.72
41.69
41.74
41.71
41.67
41.68
41.64
41.67
41.68
41.66
41.65
41.63
41.66
41.66
41.65
41.63
41.66
41.69
41.69
41.66
41.6
41.64
41.57
41.59
41.58
41.54
41.6
41.6
41.57
41.57
41.59
41.6
41.61
41.6
41.67
41.64
41.64
41.63
41.65
41.65
41.63
41.62
41.65
41.65
41.67
41.7
41.62
41.63
41.7
41.66
41.65
41.74
41.72
41.72
41.68
41.69
41.57
41.58
41.63
41.56
41.57
41.54
41.56
41.55
41.57
41.56
41.55
41.59
41.56
41.57
41.58
41.58
41.58
41.56
41.53
41.56
41.55
41.51
41.51
41.57
41.53
41.5
41.47
41.54
41.5
41.5
41.51
41.45
41.5
41.5
41.49
41.52
41.5
41.47
41.47
41.5
41.5
41.49
41.51
41.53
41.49
41.55
41.56
41.52
41.59
41.6
41.56
41.57
41.59
41.58
41.54
41.57
41.59
41.59
41.61
41.6
41.61
41.6
41.57
41.63
41.65
41.65
41.64
41.66
41.65
41.67
41.67
41.65
41.65
41.66
41.65
41.69
41.71
41.65
41.68
41.68
41.63
41.59
41.6
41.58
41.59
41.58
41.62
41.62
41.63
41.64
41.64
41.67
41.66
41.67
41.65
41.66
41.69
41.64
41.68
41.7
41.71
41.65
41.62
41.61
41.59
41.84
41.92
41.92
41.85
41.9
41.89
41.78
41.75
41.71
41.74
41.83
41.75
41.64
41.74
41.74
41.86
41.74
41.73
41.7
41.69
41.66
41.72
41.71
41.65
41.59
41.7
41.63
41.61
41.6
41.59
41.59
41.72
41.71
41.53
41.51
41.51
41.43
41.42
41.43
41.42
41.43
41.42
41.44
41.5
41.47
41.47
41.43
41.42
41.42
41.39
41.36
41.37
41.41
41.39
41.33
41.37
41.39
41.48
41.49
41.47
41.47
41.42
41.47
41.51
41.45
41.54
41.6
41.6
41.59
41.62
41.61
41.62
41.66
41.58
41.71
41.66
41.62
41.61
41.61
41.59
41.58
41.53
41.52
41.52
41.52
41.54
41.52
41.52
41.53
41.48
41.49
41.43
41.45
41.41
41.53
41.41
41.35
41.35
41.42
41.4
41.4
41.4
41.36
41.4
41.34
41.35
41.38
41.42
41.38
41.45
41.46
41.45
41.43
41.41
41.42
41.41
41.38
41.35
41.35
41.41
41.36
41.34
41.41
41.35
41.39
41.31
41.31
41.25
41.29
41.25
41.24
41.21
41.22
41.18
41.16
41.24
41.14
41.11
41.21
41.22
41.13
41.14
41.14
41.15
41.16
41.13
41.13
41.14
41.16
41.17
41.17
41.18
41.19
41.16
41.16
41.14
41.15
41.14
41.13
41.13
41.02
41.04
41.03
41.04
41.03
41.04
41.02
41.03
41.01
40.96
40.95
40.97
41.03
41.01
40.98
40.98
40.99
41.02
40.97
41.05
41.02
41.02
41.02
40.97
40.99
41
41.01
41
41.02
41.01
41.03
41.01
41.08
41.05
41.02
41.06
41.11
41.11
41.11
41.06
41.08
41.06
41.06
41.05
41.06
41.01
40.98
40.97
40.94
40.93
40.9
41.01
40.84
40.81
40.79
40.8
40.81
40.83
40.88
40.88
40.79
40.8
40.83
40.75
40.81
40.73
40.73
40.76
40.78
40.81
40.85
40.79
40.78
40.73
40.82
40.66
40.85
40.67
40.75
40.79
40.71
40.65
40.64
40.7
40.74
40.74
40.76
40.68
40.71
40.7
40.68
40.73
40.74
40.65
40.64
40.64
40.6
40.62
40.63
40.61
40.63
40.65
40.63
40.66
40.68
40.72
40.74
40.81
40.83
40.86
40.89
40.9
40.9
40.8
40.82
40.84
40.85
40.85
40.83
40.86
40.8
40.76
40.79
40.78
40.85
40.79
40.86
40.74
40.75
40.82
40.78
40.76
40.77
40.77
40.65
40.62
40.63
40.78
40.64
40.62
40.58
40.63
40.63
40.65
40.64
40.68
40.71
40.81
40.8
40.63
40.8
40.78
40.63
40.85
40.77
40.81
40.82
40.79
40.82
40.79
40.81
40.78
40.83
40.85
40.9
40.88
40.88
40.93
40.95
41.01
41.02
41.02
40.94
40.91
40.9
40.89
40.89
40.86
40.86
40.85
40.82
40.84
40.83
40.84
40.83
40.82
40.86
40.56
40.55
40.51
40.48
40.56
40.47
40.46
40.51
40.46
40.42
40.37
40.38
40.37
40.42
40.38
40.39
40.36
40.4
40.42
40.4
40.4
40.43
40.41
40.43
40.45
40.44
40.44
40.44
40.47
40.46
40.47
40.47
40.46
40.52
40.49
40.45
40.45
40.44
40.47
40.53
40.47
40.6
40.62
40.59
40.59
40.55
40.54
40.57
40.58
40.51
40.55
40.53
40.51
40.51
40.4
40.51
40.46
40.38
40.34
40.35
40.36
40.32
40.34
40.31
40.35
40.37
40.34
40.33
40.34
40.33
40.3
40.34
40.31
40.29
40.29
40.29
40.31
40.3
40.35
40.3
40.31
40.32
40.31
40.3
40.3
40.34
40.33
40.32
40.34
40.32
40.32
40.32
40.38
40.35
40.33
40.34
40.35
40.35
40.35
40.39
40.41
40.42
40.35
40.44
40.35
40.42
40.41
40.42
40.39
40.37
40.37
40.38
40.37
40.36
40.34
40.39
40.37
40.35
40.36
40.36
40.42
40.38
40.4
40.39
40.39
40.39
40.39
40.38
40.38
40.37
40.4
40.4
40.37
40.37
40.4
40.37
40.38
40.36
40.36
40.35
40.33
40.33
40.31
40.32
40.33
40.26
40.23
40.26
40.25
40.31
40.31
40.33
40.35
40.34
40.29
40.29
40.31
40.29
40.29
40.35
40.28
40.32
40.34
40.37
40.38
40.35
40.43
40.42
40.38
40.4
40.4
40.4
40.44
40.39
40.49
40.53
40.44
40.59
40.65
40.63
40.61
40.6
40.61
40.67
40.84
40.85
40.97
40.98
40.8
40.84
40.92
40.83
40.84
40.84
40.78
40.76
40.7
40.7
40.67
40.68
40.69
40.67
40.62
40.63
40.57
40.62
40.56
40.65
40.64
40.63
40.65
40.63
40.6
40.6
40.61
40.64
40.58
40.67
40.66
40.7
40.72
40.75
40.73
40.69
40.63
40.72
40.74
40.76
40.77
40.82
40.87
40.92
40.96
41.02
41.01
40.82
40.98
40.97
40.82
40.96
40.96
40.98
40.97
40.92
40.95
41
40.97
40.94
40.95
40.99
41.03
41.08
41.12
41.19
41.18
41.18
41.27
41.25
41.24
41.24
41.25
41.24
41.24
41.24
41.24
41.21
41.2
41.52
41.43
41.4
41.3
41.23
41.17
41.17
41.2
41.11
41.16
41.11
41.08
41.11
41.15
41.05
41.22
41.11
41.14
41.2
41.2
41.05
41.06
41.07
40.92
40.96
41.03
41.07
41.02
41
41
41.06
41.06
41.01
41.08
41.12
41.13
41.14
41.24
41.22
41.24
41.26
41.25
41.22
41.28
41.24
41.24
41.24
41.1
41.08
41.15
41.21
41.19
41.19
41.23
41.24
41.19
41.13
41.09
41.25
41.05
41.04
41.23
40.97
41.01
41.03
41.05
41.04
41.01
41.01
41.01
40.89
40.85
40.79
40.75
40.76
40.85
40.86
40.82
40.8
40.83
40.84
40.8
40.81
40.77
40.76
40.72
40.74
40.74
40.66
40.66
40.66
40.64
40.73
40.66
40.77
40.82
40.85
40.84
40.9
40.83
40.75
40.81
40.87
40.91
40.9
40.92
40.85
40.95
41
40.97
40.97
40.85
40.94
40.97
40.94
40.78
40.96
41
40.98
40.97
40.98
40.96
41
40.99
41.01
41
40.99
40.97
40.97
41
41
40.99
40.99
41.03
41
41.06
41.1
41.07
41.06
41.08
41.04
41
41.06
41.09
41.15
41.18
41.16
41.16
41.17
41.14
41.13
41.25
41.25
41.18
41.2
41.11
41.21
41.11
41.19
41.23
41.21
41.17
41.11
41.09
41.06
41.08
41.07
41.08
41.12
41.06
41.1
41.08
41.13
41.11
41.07
41.15
41.15
41.15
41.21
41.27
41.28
41.3
41.28
41.28
41.27
41.25
41.26
41.26
41.29
41.23
41.24
41.23
41.21
41.22
41.2
41.2
41.22
41.24
41.25
41.13
41.08
41.05
41.06
41.05
41.04
41.04
41.02
40.98
40.94
40.93
41.02
40.88
41.04
40.87
40.87
40.88
40.91
40.94
40.92
40.97
40.99
40.93
40.93
40.91
40.89
40.9
40.84
40.83
40.83
40.83
40.83
40.83
40.82
40.9
40.97
40.86
40.92
40.9
40.93
40.92
40.93
40.99
40.97
40.98
40.96
40.97
40.94
40.94
40.94
40.9
40.93
40.9
40.88
40.87
40.87
40.87
40.89
40.96
40.91
40.96
40.98
40.96
40.96
40.93
40.92
40.97
40.95
40.97
40.99
40.98
40.96
40.93
40.95
40.96
40.91
40.93
40.96
40.96
40.96
40.96
40.96
41
40.92
40.88
40.9
40.88
40.9
40.88
40.87
40.9
40.9
40.89
40.89
40.92
40.96
40.98
40.99
40.97
40.97
40.92
40.94
40.97
41.02
41
40.96
40.94
40.95
40.94
40.93
40.98
40.89
40.96
40.96
40.95
40.9
40.92
40.92
40.87
40.88
40.85
40.82
40.79
40.77
40.76
40.76
40.74
40.77
40.79
40.78
40.96
41.04
40.97
41.03
40.96
41.03
41.09
40.95
41.05
40.95
40.99
40.98
40.93
40.93
40.92
40.88
40.82
40.95
40.89
40.91
40.93
40.96
40.99
40.97
40.94
40.95
40.89
40.85
40.8
40.95
40.95
40.96
40.88
40.84
40.96
40.96
40.93
40.95
40.98
40.97
40.97
41.01
41.07
41.11
41.14
41.14
41.17
41.28
41.3
41.2
41.16
41.15
41.17
41.19
41.22
41.17
41.17
41.16
41.16
41.15
41.1
41.12
41.14
41.17
41.1
41.11
41.19
41.14
41.18
41.15
41.26
41.2
41.19
41.21
41.17
41.19
41.19
41.18
41.17
41.2
41.24
41.15
41.14
41.17
41.19
41.23
41.24
41.26
41.28
41.29
41.22
41.23
41.21
41.3
41.23
41.23
41.19
41.24
41.19
41.24
41.21
41.22
41.22
41.23
41.28
41.34
41.33
41.36
41.27
41.32
41.3
41.36
41.33
41.35
41.33
41.27
41.28
41.26
41.22
41.22
41.21
41.19
41.22
41.22
41.22
41.19
41.21
41.22
41.23
41.18
41.22
41.26
41.25
41.25
41.2
41.25
41.24
41.23
41.22
41.25
41.24
41.29
41.27
41.29
41.27
41.28
41.29
41.27
41.3
41.33
41.32
41.33
41.29
41.28
41.32
41.31
41.31
41.3
41.32
41.31
41.31
41.3
41.38
41.35
41.35
41.37
41.36
41.37
41.39
41.39
41.42
41.36
41.36
41.39
41.39
41.38
41.38
41.39
41.35
41.37
41.38
41.42
41.4
41.4
41.4
41.45
41.45
41.44
41.42
41.39
41.39
41.39
41.4
41.37
41.35
41.38
41.38
41.35
41.33
41.29
41.3
41.26
41.27
41.26
41.24
41.24
41.29
41.3
41.28
41.31
41.32
41.33
41.35
41.37
41.37
41.35
41.39
41.35
41.38
41.34
41.36
41.35
41.35
41.4
41.35
41.38
41.38
41.39
41.39
41.42
41.4
41.43
41.41
41.43
41.4
41.38
41.42
41.39
41.43
41.42
41.39
41.34
41.34
41.37
41.36
41.35
41.37
41.38
41.37
41.36
41.33
41.32
41.34
41.37
41.34
41.35
41.34
41.38
41.38
41.38
41.38
41.4
41.43
41.41
41.4
41.37
41.4
41.42
41.41
41.4
41.4
41.39
41.39
41.41
41.43
41.44
41.45
41.44
41.42
41.43
41.43
41.45
41.45
41.47
41.48
41.47
41.48
41.47
41.48
41.45
41.46
41.47
41.48
41.44
41.44
41.46
41.47
41.45
41.47
41.46
41.45
41.46
41.42
41.46
41.43
41.45
41.44
41.45
41.43
41.44
41.44
41.46
41.49
41.48
41.47
41.49
41.49
41.49
41.47
41.49
41.47
41.49
41.51
41.5
41.54
41.53
41.51
41.5
41.53
41.54
41.54
41.53
41.54
41.56
41.57
41.56
41.55
41.53
41.5
41.54
41.53
41.52
41.56
41.5
41.53
