65.95
65.98
65.75
65.7
65.63
65.73
65.6
65.72
65.61
65.67
65.71
65.71
65.72
65.75
65.61
65.66
65.57
65.66
65.61
65.6
65.53
65.5
65.4
65.48
65.51
65.49
65.49
65.61
65.43
65.43
65.49
65.47
65.5
65.47
65.47
65.44
65.45
65.46
65.5
65.51
65.42
65.53
65.6
65.63
65.61
65.64
65.66
65.67
65.66
65.65
65.65
65.64
65.63
65.55
65.56
65.5
65.48
65.52
65.58
65.56
65.56
65.49
65.52
65.52
65.56
65.59
65.62
65.63
65.69
65.64
65.64
65.57
65.62
65.64
65.59
65.57
65.7
65.72
65.66
65.76
65.74
65.74
65.75
65.78
65.82
65.84
65.8
65.77
65.79
65.79
65.81
65.81
65.75
65.77
65.78
65.76
65.83
65.83
65.8
65.8
65.8
65.85
65.85
65.81
65.75
65.77
65.79
65.79
65.79
65.79
65.81
65.75
65.79
65.79
65.81
65.8
65.8
65.78
65.77
65.79
65.79
65.79
65.78
65.78
65.76
65.74
65.71
65.72
65.69
65.72
65.76
65.77
65.76
65.72
65.76
65.75
65.76
65.78
65.8
65.8
65.78
65.78
65.79
65.79
65.79
65.8
65.77
65.77
65.71
65.72
65.75
65.77
65.75
65.82
65.85
65.86
65.79
65.81
65.83
65.81
65.81
65.84
65.93
65.93
65.93
65.93
65.94
65.93
65.96
65.94
65.94
65.93
66
66.01
66.03
65.97
65.98
66
66.01
66.01
66.02
66
66
66.01
66.01
65.99
65.99
65.98
65.99
66.01
66.01
65.98
65.94
65.96
65.92
65.97
65.97
65.97
65.95
65.97
65.96
65.93
65.94
65.96
65.95
65.96
65.95
65.94
65.89
65.95
65.95
65.94
65.91
65.88
65.9
65.88
65.88
65.91
65.9
65.88
65.97
65.94
65.92
65.94
65.96
65.88
65.95
65.94
65.91
65.89
65.89
65.91
65.9
65.9
65.91
65.91
65.91
65.92
65.9
65.92
65.92
65.89
65.89
65.91
65.89
65.88
65.88
65.87
65.84
65.8
65.81
65.82
65.84
65.85
65.85
65.85
65.83
65.8
65.77
65.79
65.78
65.77
65.74
65.73
65.7
65.69
65.68
65.7
65.65
65.66
65.62
65.63
65.65
65.66
65.63
65.6
65.65
65.65
65.66
65.68
65.69
65.7
65.69
65.66
65.68
65.68
65.67
65.75
65.77
65.77
65.67
65.81
65.81
65.85
65.9
65.95
65.96
65.98
66.04
66.02
66.02
66
65.97
65.95
65.96
65.95
65.96
65.97
66.01
66.03
65.99
65.96
66.04
66.11
66.06
66.09
66.08
66.06
66.1
66.1
65.96
66.11
66.09
65.97
66.08
65.99
66.04
65.92
65.93
65.92
65.87
65.91
65.9
65.93
65.94
65.96
65.93
66.03
66.05
66.06
66.08
65.87
66.13
66.05
66.15
66.14
66.08
66.08
66.11
66.11
66.07
66.05
66.06
66.04
66.73
66.72
66.88
66.75
66.94
67
66.98
67
67.04
66.99
67
66.98
66.97
66.95
66.95
67.08
67.11
67.11
67.17
67.12
67.13
67.13
67.17
67.16
67.14
67.18
67.21
67.19
67.22
67.2
67.2
67.16
67.13
67.19
67.1
67.09
67.02
67
66.97
67.03
67.03
67
66.99
67.03
67.04
67.06
67.06
66.98
66.95
66.91
66.88
66.82
66.79
66.89
66.82
66.87
66.88
66.83
66.86
66.87
66.83
66.79
66.83
66.78
66.82
66.73
66.71
66.68
66.62
66.71
66.57
66.57
66.66
66.6
66.63
66.61
66.57
66.57
66.57
66.58
66.51
66.46
66.45
66.47
66.46
66.44
66.46
66.45
66.45
66.47
66.42
66.4
66.33
66.35
66.38
66.33
66.35
66.35
66.32
66.31
66.3
66.3
66.33
66.31
66.42
66.43
66.3
66.48
66.47
66.44
66.41
66.39
66.44
66.42
66.43
66.42
66.45
66.39
66.42
66.39
66.39
66.39
66.38
66.38
66.36
66.36
66.36
66.36
66.36
66.35
66.37
66.41
66.35
66.36
66.39
66.39
66.39
66.4
66.41
66.41
66.37
66.41
66.41
66.35
66.36
66.36
66.38
66.37
66.35
66.36
66.35
66.35
66.35
66.34
66.36
66.34
66.35
66.23
66.28
66.28
66.16
66.31
66.18
66.2
66.26
66.14
66.17
66.11
66.01
65.99
66.01
66.01
66.05
66.01
65.99
66.04
66.05
66.07
66.09
66.1
66.07
66.06
66.04
66.03
66.04
66.05
66.05
66.06
66.13
66.12
66.11
66.1
66.08
66.07
66.06
66.07
66.11
66.11
66.08
66.08
66.04
66.05
66.04
66
65.97
66.02
65.87
65.85
65.83
65.86
65.95
65.74
65.72
65.88
65.84
65.74
65.71
65.69
65.73
65.71
65.63
65.58
65.58
65.53
65.52
65.55
65.5
65.51
65.49
65.51
65.54
65.54
65.48
65.43
65.31
65.29
65.34
65.52
65.46
65.52
65.51
65.43
65.43
65.43
65.43
65.4
65.34
65.28
65.35
65.31
65.35
65.42
65.23
65.29
65.24
65.26
65.25
65.24
65.36
65.33
65.34
65.3
65.35
65.35
65.32
65.36
65.39
65.39
65.42
65.43
65.43
65.35
65.35
65.3
65.45
65.47
65.49
65.55
65.5
65.47
65.52
65.52
65.53
65.55
65.54
65.64
65.64
65.64
65.64
65.68
65.5
65.72
65.7
65.7
65.69
65.68
65.52
65.72
65.46
65.47
65.4
65.37
65.38
65.35
65.35
65.36
65.38
65.55
65.57
65.59
65.57
65.53
65.52
65.58
65.54
65.54
65.52
65.51
65.49
65.46
65.43
65.47
65.54
65.59
65.51
65.61
65.58
65.61
65.68
65.76
65.83
65.83
65.72
65.67
65.64
65.65
65.69
65.68
65.68
65.59
65.53
65.51
65.54
65.53
65.5
65.53
65.53
64.1
63.98
64.09
64.09
64.06
64.01
63.92
64.03
64.02
64.01
64.01
63.94
63.97
63.93
63.96
63.96
63.94
63.97
63.96
63.89
63.89
63.97
63.82
63.83
63.89
63.91
63.95
63.97
63.93
63.95
63.95
63.95
63.99
63.99
63.99
63.98
64.05
64.03
64.07
64.07
63.97
64.11
64.12
64.11
64.09
64.1
64.1
64.09
64.1
64.08
64.08
64.11
64.12
64.2
64.2
64.11
64.11
64.2
64.08
64.1
64.12
64.11
64.1
64.01
64.11
64.15
64.11
64.12
64.12
64.11
64.11
64.11
64.09
64.05
64
64
64
63.98
64
63.99
63.96
63.98
63.99
63.99
63.96
63.88
63.84
63.85
63.98
63.89
63.89
63.93
63.96
63.96
63.95
63.98
63.97
63.98
63.98
63.94
63.99
63.95
64.03
64
63.96
63.9
63.88
63.9
63.89
63.86
63.9
63.88
63.86
63.83
63.75
63.76
63.76
63.76
63.76
63.76
63.61
63.65
63.63
63.64
63.64
63.63
63.63
63.6
63.61
63.65
63.65
63.61
63.59
63.59
63.56
63.63
63.53
63.59
63.59
63.6
63.57
63.58
63.58
63.58
63.56
63.56
63.59
63.53
63.54
63.42
63.47
63.47
63.55
63.52
63.37
63.4
63.39
63.36
63.38
63.39
63.39
63.42
63.37
63.46
63.46
63.46
63.45
63.42
63.39
63.4
63.4
63.4
63.42
63.39
63.4
63.45
63.55
63.6
63.72
63.7
63.4
63.41
63.63
63.72
63.74
63.75
63.8
63.77
63.77
63.77
63.84
63.76
63.76
63.76
63.75
63.73
63.73
63.76
63.75
63.75
63.78
63.7
63.67
63.76
63.74
63.66
63.64
63.73
63.63
63.63
63.63
63.62
63.63
63.63
63.68
63.7
63.7
63.72
63.63
63.72
63.72
63.73
63.68
63.73
63.74
63.77
63.71
63.83
63.83
63.94
64
63.86
64.03
64.03
64.04
64.04
63.97
64.08
64.07
64.07
64.07
64.07
64.11
64.08
64.04
64.07
64.05
64.05
64.09
64.07
64.1
64.11
64.1
64.11
64.08
64.11
64.2
64.21
64.25
64.26
64.32
64.31
64.33
64.33
64.31
64.4
64.39
65
64.59
64.67
64.57
64.49
64.39
64.37
64.52
64.42
64.33
64.06
64.13
64.21
64.19
64.38
64.45
64.17
64.12
64.18
64.13
64.13
64.13
63.96
63.95
63.99
64
63.86
63.94
63.93
63.83
63.88
63.91
63.74
63.79
63.77
63.78
63.86
63.75
63.79
63.85
63.89
63.89
63.83
63.86
63.85
63.91
63.89
63.78
63.81
63.85
63.96
63.93
63.97
63.92
63.91
63.9
63.92
63.93
63.82
63.84
63.82
63.76
63.78
63.8
63.92
63.81
63.89
63.82
63.78
63.78
63.6
63.56
63.49
63.45
63.44
63.45
63.48
63.47
63.36
63.37
63.38
63.3
63.4
63.19
63.13
63.09
63.11
63.03
63.13
63.12
63.2
63.24
63.24
63.2
63.22
63.21
63.23
63.22
63.15
63.04
62.94
62.91
62.95
62.98
62.94
62.94
63.03
63.07
63.08
63.09
63.07
63.04
63.26
63.02
63.05
63.03
63.06
63.11
63.08
63.08
63.05
63.02
63.09
63.1
63.06
63.15
63.03
63.03
63.05
63.01
63.01
63.06
63.05
63.06
62.97
62.99
62.96
62.87
62.85
62.84
62.84
62.87
62.79
62.88
62.88
62.88
62.88
62.81
62.78
62.78
62.76
62.8
62.79
62.72
62.69
62.64
62.64
62.63
62.63
62.63
62.64
62.61
62.52
62.55
62.53
62.52
62.52
62.58
62.53
62.53
62.55
62.56
62.59
62.65
62.65
62.67
62.71
62.7
62.7
62.73
62.66
62.67
62.89
62.81
62.69
62.71
62.77
62.76
62.84
62.8
62.84
62.86
62.87
62.84
62.85
62.81
62.77
62.85
62.89
62.68
62.65
62.85
62.65
62.72
62.74
62.73
62.76
62.67
62.66
62.73
62.77
62.61
62.58
62.57
62.6
62.67
62.77
62.65
62.83
62.85
62.88
62.72
62.77
62.76
62.71
62.72
62.65
62.66
62.66
62.65
62.63
62.65
62.74
62.63
62.78
62.66
62.75
62.71
62.76
62.74
62.74
62.76
62.8
62.77
62.77
62.71
62.72
62.72
62.72
62.66
62.72
62.72
62.74
62.71
62.66
62.69
62.57
62.65
62.64
62.74
62.66
62.69
62.68
62.65
62.63
62.64
62.65
62.64
62.67
62.65
62.64
62.58
62.59
62.62
62.7
62.66
62.59
62.59
62.59
62.59
62.59
62.58
62.54
62.52
62.53
62.52
62.52
62.51
62.51
62.53
62.53
62.5
62.46
62.46
62.49
62.55
62.56
62.59
62.57
62.55
62.52
62.62
62.65
62.64
62.64
62.58
62.52
62.5
62.47
62.47
62.5
62.45
62.51
62.51
62.49
62.5
62.48
62.48
62.5
62.53
62.52
62.5
62.5
62.45
62.4
62.37
62.35
62.35
62.34
62.75
62.72
62.71
62.74
62.67
62.66
62.7
62.71
62.52
62.51
62.55
62.56
62.47
62.41
62.33
62.3
62.46
62.58
62.5
62.47
62.32
62.36
62.41
62.41
62.44
62.3
62.43
62.34
62.39
62.38
62.35
62.43
62.45
62.39
62.44
62.51
62.44
62.47
62.49
62.39
62.62
62.66
62.45
62.74
62.71
62.65
62.75
62.89
62.67
62.84
62.72
62.76
62.85
62.86
62.86
62.85
62.88
62.95
63
63.01
63
62.98
63.05
62.99
62.95
63.05
63.04
63.1
63.16
63.02
63.21
63.2
63
63.26
63.31
63.25
63.24
63.18
63.09
63.09
63.08
62.94
62.95
62.92
63.13
62.92
62.93
62.97
62.98
62.98
62.99
63.01
62.94
62.93
63.05
62.98
63.08
62.99
63.06
62.99
63.08
63.17
63.2
63.18
63.08
63.23
63.19
63.28
63.29
63.32
63.31
63.33
63.3
63.36
63.35
63.22
63.31
63.24
63.21
63.21
63.16
63.21
63.22
63.19
63.18
63.18
63.22
63.22
63.21
63.21
63.26
63.25
63.24
63.24
63.23
63.25
63.28
63.23
63.28
63.17
63.13
63.18
63.19
63.15
63.19
63.2
63.19
63.17
63.2
63.2
63.17
63.22
63.21
63.19
63.22
63.19
63.16
63.25
63.23
63.23
63.24
63.3
63.31
63.29
63.3
63.31
63.32
63.34
63.34
63.35
63.33
63.31
63.3
63.32
63.31
63.3
63.34
63.37
63.36
63.34
63.35
63.27
63.27
63.26
63.25
63.3
63.34
63.32
63.3
63.28
63.28
63.24
63.22
63.23
63.22
63.23
63.22
63.19
63.21
63.13
63.16
63.22
63.2
63.18
63.09
63.14
63.13
63.17
63.16
63.16
63.18
63.23
63.28
63.25
63.22
63.21
63.24
63.26
63.25
63.28
63.24
63.31
63.3
63.23
63.26
63.28
63.34
63.32
63.34
63.32
63.32
63.35
63.34
63.33
63.33
63.32
63.33
63.34
63.33
63.3
63.28
63.31
63.31
63.31
63.31
63.28
63.26
63.25
63.26
63.2
63.23
63.26
63.24
63.26
63.22
63.23
63.21
63.22
63.23
63.26
63.26
63.25
63.23
63.21
63.2
63.15
63.17
63.18
63.21
63.15
63.14
63.15
63.12
63.1
63.1
63.1
63.1
63.06
63.08
63.06
63.03
63.02
63.02
63.04
63.06
63.03
63.01
63.02
63.01
63.06
63.05
63.08
63.08
63.11
63.11
63.13
63.14
63.1
63.06
63.05
63.06
63
62.97
63
63
63.01
63
62.97
62.97
62.97
62.97
62.99
62.99
63.05
63.06
63.04
63.01
63.01
63.03
63.04
63.06
63.1
63.09
63.11
63.18
63.17
63.16
63.15
63.15
63.15
63.24
63.25
63.16
63.31
63.35
63.29
63.28
63.28
63.27
63.3
63.33
63.35
63.32
63.31
63.32
