87.02
87
86.93
86.93
86.56
86.36
86.41
86.43
86.47
86.55
86.36
86.56
86.56
86.56
86.24
86.22
86.22
86.05
86.04
86.08
86.14
86.14
86.12
85.94
85.92
86.03
85.94
85.79
85.75
85.74
85.87
85.88
85.93
85.96
85.88
85.92
85.92
85.92
85.93
85.88
85.87
85.92
85.97
86.03
86.05
86.08
86.08
86.09
86.08
86.06
86.03
86.06
86.11
85.99
86.11
86.07
85.87
86.06
86.05
86.05
85.89
85.84
85.88
85.87
85.94
85.88
85.88
85.9
85.9
85.96
86.14
86.16
85.98
86.12
86.18
86.16
86.15
86.15
86.12
86.13
86.09
86.13
86.13
86.15
86.17
86.27
86.3
86.27
86.14
86.27
86.2
86.17
86.28
86.28
86.28
86.28
86.33
86.33
86.27
86.26
86.26
86.33
86.33
86.3
86.31
86.33
86.36
86.28
86.22
86.2
86.3
86.25
86.12
86.18
86.19
86.21
86.21
86.2
86.19
86.12
86.09
86.1
86.13
86.13
86.1
86.12
85.98
86.11
86.11
85.85
85.85
86.09
85.92
86.04
85.97
85.92
85.92
86
86.05
86.11
86.11
86.11
86.09
86.13
86.19
86.21
86.12
86.14
86.08
86.11
86.12
86.04
86.04
86.12
86.05
86.18
86.23
86.32
86.32
86.11
86.27
86.11
86.18
86.22
86.23
86.24
86.23
86.26
86.26
86.26
86.32
86.27
86.3
86.35
86.32
86.27
86.24
86.3
86.23
86.22
86.18
86.14
86.16
86.18
86.08
86.03
86.11
86.01
86.07
86.07
86.07
86.03
86.02
86.01
86.01
86.04
86.05
86.09
86.06
86.02
86.02
85.97
86.07
86.05
86.01
86.05
86
86.04
85.98
85.95
86.03
85.96
85.91
85.91
85.88
85.86
85.85
85.85
85.83
85.87
85.92
85.87
85.86
85.88
85.84
85.89
85.88
85.93
85.93
85.93
85.94
85.92
85.95
85.95
85.94
85.92
85.93
85.93
85.91
85.99
86
85.94
85.98
85.99
86
85.96
85.96
85.96
85.96
85.93
85.97
85.94
85.98
86
85.98
85.98
86
85.99
85.99
85.99
85.97
85.96
85.95
85.95
85.81
85.82
85.8
85.84
85.81
85.74
85.7
85.79
85.7
85.7
85.68
85.75
85.67
85.6
85.69
85.69
85.71
85.71
85.64
85.65
85.65
85.66
85.65
85.85
85.65
85.78
85.72
85.7
85.75
85.78
85.83
85.8
85.85
85.9
85.91
85.89
85.97
85.97
85.91
85.91
85.92
85.83
85.89
85.9
85.9
85.94
85.89
85.9
85.9
85.96
85.91
85.98
85.97
85.97
85.89
85.89
85.76
85.78
85.78
85.75
85.77
85.81
85.76
85.73
85.71
85.73
85.56
85.59
85.61
85.71
85.65
85.7
85.69
85.74
85.63
85.72
85.76
85.81
85.87
85.96
85.86
85.88
85.79
85.8
85.83
85.88
85.82
85.77
85.76
85.76
87.27
87.69
87.69
87.62
87.38
87.4
87.48
87.51
87.41
87.44
87.72
87.4
87.64
87.54
87.54
88.08
88.21
88.15
88.35
88.39
88.5
88.61
88.37
88.44
88.49
88.51
88.49
88.52
88.61
88.61
88.61
88.74
88.77
88.73
88.77
88.81
88.85
88.79
88.73
88.73
88.81
88.65
88.69
88.83
88.96
88.97
88.96
88.78
88.99
88.73
89.02
89
89.01
89.09
89.1
89.1
89.14
89.17
89.18
89.2
89.19
89.26
89.34
89.41
89.43
89.46
89.5
89.57
89.53
89.7
89.68
89.57
89.57
89.61
89.83
89.91
89.81
89.9
89.96
89.86
89.81
89.79
89.8
89.61
89.65
89.71
89.69
89.83
89.83
89.66
89.84
89.84
89.67
89.87
89.94
89.71
89.82
89.97
89.97
89.93
89.94
89.88
89.87
89.92
90.15
90
89.97
90.07
90.07
89.88
90
90
90.06
90.02
90.07
90.04
90.02
89.94
90.04
90
90.12
90.03
90.17
90.11
90.02
90.39
90.46
90.5
90.53
90.48
90.54
90.55
90.51
90.5
90.49
90.49
90.4
90.18
90.34
90.32
90.51
90.23
90.23
90.28
90.25
90.35
90.37
90.5
90.29
90.5
90.28
90.53
90.56
90.62
90.49
90.55
90.56
90.5
90.48
90.48
90.47
90.46
90.46
90.63
90.5
90.48
90.5
90.62
90.54
90.48
90.65
90.63
90.52
90.55
90.52
90.63
90.68
90.67
90.45
90.54
90.52
90.66
90.65
90.65
90.74
90.81
90.76
90.86
90.84
90.96
91.03
91.03
91.55
91.41
91.49
91.5
91.55
91.64
91.53
91.79
91.81
91.91
92.16
92.02
92.11
91.97
91.98
92.04
92.18
92.2
91.81
92.33
91.66
91.64
91.72
91.4
91.37
91.44
91.5
91.4
91.37
91.36
91.27
91.22
91.02
90.91
90.97
91
91.05
91.04
90.84
91.03
90.68
90.56
90.49
90.37
90.41
90.88
90.61
90.6
90.57
90.63
90.43
90.47
90.43
90.42
90.4
90.26
90.31
90.36
90.55
90.48
90.54
90.6
90.56
90.56
90.53
90.55
90.5
90.64
90.6
90.57
90.49
90.46
90.49
90.48
90.64
90.64
90.59
90.66
90.57
90.58
90.58
90.44
90.51
90.48
90.53
90.6
90.59
90.57
90.53
90.51
90.51
90.46
90.58
90.52
90.55
90.55
90.54
90.57
90.58
90.61
90.74
90.74
90.6
90.61
90.69
90.7
90.72
90.68
91.01
90.62
90.6
90.66
90.64
90.63
90.64
90.62
90.9
90.79
90.6
90.57
90.56
90.64
90.58
90.65
90.68
90.59
90.62
90.6
90.71
90.68
90.87
90.61
90.91
90.93
90.9
91.03
90.62
91.18
91.22
91.22
91.13
91
90.91
90.84
90.8
90.82
90.75
90.74
90.74
90.67
90.82
90.85
90.83
90.81
90.89
88.79
88.75
88.57
88.74
88.51
88.4
88.67
88.46
88.34
88.27
88.27
88.23
88.22
88.28
88.26
88.24
88.11
88.15
88.22
88.25
88.25
87.99
88.06
88.01
88.1
88.05
88.03
88.34
88.28
88.1
88.1
88.09
88.09
88.09
88.05
88.03
88.26
88.23
88.33
88.28
88.26
88.45
88.43
88.4
88.37
88.43
88.47
88.51
88.34
88.32
88.52
88.47
88.44
88.49
88.41
88.4
88.38
88.31
88.29
88.26
88.24
88.24
88.24
88.25
88.25
88.24
88.27
88.22
88.24
88.24
88.24
88.26
88.24
88.29
88.29
88.35
88.32
88.39
88.36
88.41
88.37
88.34
88.41
88.38
88.38
88.41
88.36
88.35
88.33
88.31
88.41
88.48
88.48
88.52
88.43
88.42
88.47
88.46
88.53
88.53
88.44
88.49
88.46
88.5
88.47
88.4
88.35
88.27
88.12
88.14
88.13
88.15
88.15
88.11
88.11
88.08
88.13
88.01
88.08
88.08
88.35
88.3
88.35
88.43
88.25
88.33
88.53
88.55
88.4
88.54
88.57
88.58
88.61
88.61
88.28
88.17
88.28
88.19
88.24
88.13
88.06
88.06
87.97
87.99
87.99
87.9
87.99
87.99
87.78
87.66
87.73
87.9
87.85
87.88
87.72
87.71
87.74
87.77
87.75
87.93
87.68
87.86
87.77
87.79
87.79
87.95
87.87
87.87
87.86
87.93
87.96
88
88.18
88.2
88.38
88.51
88.51
88.59
88.14
88.58
88.35
88.46
88.49
88.58
88.54
88.54
88.69
88.76
88.73
88.69
88.74
88.58
88.67
88.67
88.61
88.62
88.59
88.69
88.59
88.6
88.69
88.47
88.49
88.61
88.59
88.59
88.41
88.55
88.55
88.43
88.49
88.43
88.42
88.46
88.43
88.56
88.42
88.42
88.42
88.44
88.48
88.6
88.44
88.45
88.5
88.58
88.54
88.54
88.7
88.74
88.74
88.91
88.88
88.91
88.84
88.82
88.74
88.74
88.77
88.74
88.68
88.7
88.91
88.9
88.91
88.78
88.6
88.6
88.72
88.64
88.74
88.74
88.85
88.86
88.82
88.78
88.88
88.9
88.82
88.91
88.88
88.88
88.9
88.9
88.9
88.91
88.84
89.46
89.39
89.3
88.91
88.73
88.58
88.58
88.9
88.68
88.68
88.56
88.56
88.62
88.78
88.64
88.52
88.3
88.3
88.6
88.61
88.38
88.38
88.28
88.13
88.17
88.12
88.01
88.07
88.28
88.28
88.71
88.41
88.53
88.56
88.65
88.66
88.85
88.78
88.83
88.91
88.81
88.78
88.83
88.81
88.95
88.88
88.97
89.06
89.11
89.12
89.27
89.3
89.27
89.33
89.33
89.29
89.27
89.33
89.06
89.08
89.32
89
89.29
89.15
89.16
89.16
89.22
89.22
89.17
89.17
88.97
89.02
89.06
88.97
89
89.04
89.07
89.17
89.01
89.05
89.05
88.97
89.08
89.07
89
89.01
89.02
88.98
88.9
88.97
88.86
88.95
88.91
88.89
88.89
89.01
88.95
89.09
89
88.98
88.89
88.89
88.72
88.93
88.65
88.63
88.73
88.92
89.03
89.03
89.12
89.01
89
88.89
88.89
88.94
88.86
88.86
88.79
88.71
88.71
88.79
88.88
88.8
88.8
88.86
88.86
88.68
88.75
88.75
88.77
88.73
88.73
88.77
88.71
88.74
88.8
88.55
88.6
88.58
88.88
88.83
88.77
88.67
88.67
88.67
88.67
88.65
88.51
88.54
88.54
88.52
88.59
88.47
88.38
88.38
88.51
88.43
88.43
88.39
88.46
88.41
88.21
88.34
88.27
88.24
88.2
88.27
88.27
88.32
88.4
88.45
88.53
88.5
88.5
88.5
88.45
88.43
88.39
88.71
88.52
88.69
88.59
88.64
88.56
88.56
88.68
88.66
88.78
88.84
88.84
88.82
88.84
88.9
88.9
88.82
88.79
88.77
88.83
88.68
88.58
88.84
88.61
88.63
88.6
88.61
88.66
88.55
88.55
88.55
88.52
88.64
88.66
88.54
88.52
88.54
88.81
88.83
88.54
88.51
88.58
88.66
88.71
88.71
88.75
88.8
88.76
88.76
88.76
88.81
88.75
88.75
88.76
88.84
88.75
88.77
88.79
88.85
88.81
88.82
88.85
88.88
88.88
88.82
88.87
88.87
88.78
88.82
88.78
88.78
88.84
88.84
88.78
88.78
88.82
88.82
88.79
88.82
88.88
88.9
88.87
88.92
88.81
89
88.89
88.92
88.92
88.94
88.95
88.95
88.92
88.92
88.92
88.88
88.84
88.79
88.79
88.79
88.79
88.79
88.79
88.73
88.71
88.58
88.65
88.61
88.61
88.65
88.65
88.61
88.67
88.7
88.65
88.71
88.71
88.64
88.74
88.7
88.7
88.66
88.71
88.75
88.78
88.76
88.71
88.68
88.66
88.66
88.74
88.65
88.71
88.6
88.69
88.69
88.62
88.56
88.62
88.54
88.53
88.51
88.44
88.63
88.36
88.34
88.31
88.29
88.31
88.33
88.32
88.35
88.08
88.09
87.85
87.7
87.9
88.32
87.77
87.77
87.59
88.22
87.43
87.48
87.46
87.46
87.46
87.48
87.73
87.67
87.39
87.41
87.57
87.55
87.55
87.5
87.33
87.36
87.66
87.57
87.57
87.05
87.08
87.08
86.89
86.89
87.43
86.98
87.06
87.43
87.43
87.03
87.18
87.15
87.37
87.4
87.37
87.4
87.3
87.27
87.39
87.23
87.18
87.19
87.21
87.17
87.14
87.17
87.03
87.07
87.04
87.04
86.99
86.97
87.08
87.1
87.14
87.21
87.12
87.07
87.07
87.07
87.44
87.43
87.46
87.51
87.55
87.49
87.46
87.52
87.56
87.62
87.48
87.57
87.46
87.46
87.55
87.51
87.51
87.64
87.63
87.63
87.65
87.66
87.69
87.71
87.64
87.76
87.56
87.61
87.66
87.6
87.62
87.5
87.57
87.56
87.67
87.74
87.92
87.85
87.88
87.57
87.57
87.62
87.9
87.72
87.75
87.83
87.78
87.77
87.77
87.89
87.89
87.89
87.96
87.86
88.04
88.04
88.05
88.12
88.18
88.26
88.29
88.32
88.33
88.41
88.4
88.26
88.25
88.38
88.37
88.3
88.4
88.4
88.39
88.43
88.36
88.38
88.48
88.43
88.45
88.45
88.5
88.47
88.47
88.52
88.52
88.5
88.54
88.54
88.54
88.56
88.62
88.64
88.61
88.66
88.73
88.76
88.78
88.86
88.84
88.96
88.97
88.99
88.98
88.96
88.94
88.96
88.75
89.02
89.01
89.05
88.85
88.83
88.9
88.89
88.88
88.94
88.94
88.96
88.92
88.95
88.93
88.83
88.81
88.81
88.83
88.8
88.8
88.83
88.8
88.93
88.84
88.83
89.06
89
88.81
88.86
89.05
89.03
89.07
89.1
89.1
89.1
89.1
89.1
89.14
89.14
89.14
89.34
89.33
89.38
89.15
89.41
89.34
89.33
89.4
89.39
89.49
89.48
89.51
89.46
89.48
89.45
89.58
89.56
89.61
89.68
89.7
89.7
89.7
89.7
89.7
89.72
89.72
89.71
89.69
89.72
89.69
89.68
89.63
89.69
89.61
89.65
89.72
89.75
89.79
89.79
89.79
89.84
89.85
89.85
89.87
89.86
89.88
89.87
89.86
89.86
89.78
89.76
89.75
89.75
89.75
89.76
89.77
89.78
89.81
89.87
90.02
89.79
90.1
90.05
90.05
89.9
90.16
90.2
90.2
90.19
90.2
90.14
90.2
90.21
90.17
90.12
90.29
90.12
90.16
90.17
90.13
90.2
90.15
90.18
90.15
90.1
90.1
90.1
90.11
90.11
90.08
90.1
90.1
90.25
90.26
90.41
90.41
90.4
90.4
90.37
90.42
90.36
90.41
90.38
90.46
90.51
90.53
90.61
90.59
90.41
90.55
90.56
90.6
90.57
90.62
90.71
90.69
90.71
90.67
90.68
90.71
90.73
90.61
90.72
90.74
90.79
90.79
90.8
