34.33
34.36
34.36
34.48
34.4
34.4
34.46
34.46
34.5
34.37
34.37
34.54
34.49
34.49
34.46
34.37
34.22
34.15
34.14
34.5
34.43
34.23
34.29
34.28
34.38
34.25
34.41
34.4
34.22
34.32
34.22
34.29
34.29
34.24
34.11
33.95
33.96
33.93
34.09
34.04
33.99
34.08
34.08
34.17
34.22
34.35
34.23
34.41
34.41
34.34
34.34
34.34
34.52
34.52
34.42
34.42
34.59
34.56
34.49
34.64
34.49
34.4
34.4
34.27
34.16
34.42
34.22
34.31
34.29
34.33
34.51
34.48
34.42
34.25
34.25
34.43
34.35
34.35
34.3
34.39
34.44
34.44
34.5
34.45
34.45
34.53
34.49
34.53
34.53
34.47
34.58
34.53
34.52
34.63
34.61
34.7
34.7
34.7
34.64
34.67
34.67
34.72
34.72
34.75
34.91
34.86
34.86
34.81
34.9
34.98
34.86
34.83
34.98
34.98
34.98
34.98
34.95
34.87
35.05
35.07
35.11
35.16
35.16
35.14
35.07
35.02
35.15
35.08
35.09
35
35.17
35.2
35.18
35.23
35.29
35.26
35.26
35.28
35.3
35.3
35.23
35.2
35.3
35.12
35.15
35.2
35.15
35.23
35.23
35.2
35.23
35.28
35.24
35.24
35.29
35.28
35.45
35.29
35.48
35.78
35.78
35.8
35.77
35.81
35.83
35.79
35.85
35.77
35.85
35.73
35.85
35.85
35.85
35.85
35.85
35.68
35.7
35.64
35.79
35.77
35.73
35.73
35.69
35.7
35.79
35.76
35.89
35.78
35.69
35.69
35.69
35.49
35.49
35.88
35.83
35.37
35.37
35.41
35.43
35.43
35.44
35.43
35.45
35.44
35.5
35.55
35.43
35.44
35.47
35.43
35.42
35.5
35.51
35.54
35.54
35.55
35.58
35.58
35.61
35.63
35.61
35.61
35.61
35.49
35.51
35.44
35.58
35.61
35.43
35.43
35.46
35.48
35.48
35.51
35.49
35.48
35.44
35.34
35.31
35.32
35.26
35.26
35.26
35.32
35.41
35.41
35.41
35.41
35.43
35.42
35.42
35.42
35.47
35.45
35.47
35.55
35.55
35.49
35.49
35.49
35.49
35.53
35.61
35.58
35.6
35.6
35.6
35.62
35.52
35.52
35.65
35.65
35.61
35.48
35.48
35.56
35.55
35.56
35.6
35.65
35.68
35.67
35.67
35.72
35.64
35.64
35.62
35.69
35.65
35.64
35.64
35.47
35.31
35.31
35.28
35.35
35.26
35.27
35.29
35.31
35.31
35.29
35.29
35.29
35.13
35.24
35.26
35.27
35.27
35.21
35.26
35.44
35.41
35.4
35.4
35.4
35.4
35.42
35.46
35.46
35.3
35.35
35.36
35.36
35.28
35.24
35.4
35.24
35.24
35.28
35.28
35.23
35.22
35.22
35.3
35.27
35.26
35.31
35.31
35.34
35.37
35.37
35.32
35.28
35.38
35.42
35.4
35.43
35.43
35.39
35.42
35.37
35.29
35.3
35.74
35.73
35.74
35.79
35.83
35.83
35.83
35.76
35.88
35.84
35.85
35.87
35.75
35.75
35.75
36.24
36.09
36.2
36.25
36.24
36.28
36.36
36.49
36.5
36.42
36.61
36.5
36.6
36.6
36.23
36.81
36.73
36.6
36.65
36.62
36.65
36.42
36.38
36.6
36.59
36.36
36.42
36.49
36.49
36.47
36.45
36.38
36.37
36.31
36.31
36.34
36.29
36.29
36.29
36.29
36.29
36.38
36.34
36.29
36.21
36.06
36.06
36.06
36.16
36.13
36.13
36.21
36.15
36.15
36.12
36.12
36.16
36.2
36.14
36.27
36.27
36.27
36.27
36.16
36.19
36.3
36.21
36.21
36.21
36.21
36.1
36.1
36.1
36.18
36.18
36.18
36.14
36.14
36.14
36.13
36.13
36.13
36
36.12
36.03
35.98
35.98
35.98
35.93
35.93
35.93
36.05
36.05
36.08
35.97
35.91
36.11
36.11
36.11
36.11
36.11
36.21
36.23
36.23
36.15
36.09
36.09
36.18
36.1
36.18
36.14
36.17
36.15
36.13
36.13
36.13
36.13
36.13
36.16
36.16
36.2
36.2
36.2
36.2
36.19
36.19
36.24
36.24
36.23
36.22
36.23
36.17
36.17
36.23
36.24
36.15
36.19
36.23
36.23
36.01
36.01
36.08
36.01
35.92
35.92
35.95
35.93
35.93
35.91
35.86
35.88
35.88
35.91
35.91
35.78
35.78
35.77
35.86
35.79
35.76
35.76
35.79
35.79
35.79
35.87
35.86
35.86
35.86
35.86
35.85
35.85
35.85
35.85
35.85
35.85
35.81
35.85
35.72
35.72
35.83
35.8
35.71
35.77
35.77
35.72
35.7
35.66
35.64
35.62
35.65
35.65
35.49
35.49
35.59
35.59
35.59
35.39
35.39
35.56
35.48
35.31
35.29
35.35
35.35
35.34
35.33
35.2
35.26
35.24
35.13
35.13
35.18
35.13
35.13
35.13
35.13
35.17
35.08
35.03
34.95
34.95
34.86
34.88
34.96
35.17
35.17
34.93
34.91
34.88
34.9
34.9
34.9
34.86
34.86
34.86
34.88
34.86
34.86
34.78
34.7
34.68
34.73
34.67
34.76
34.77
34.74
34.77
34.74
34.74
34.74
34.74
34.74
34.71
34.74
34.74
34.75
34.83
34.85
34.78
34.78
34.77
34.86
34.86
34.94
34.94
34.99
34.86
34.96
34.95
34.98
34.98
35.05
35.06
35.08
34.95
34.95
35.08
35.04
35.04
34.7
34.95
34.65
34.64
34.88
34.9
34.89
34.91
34.82
34.5
34.69
34.59
34.58
34.64
34.67
34.67
34.65
34.57
34.63
34.54
34.69
34.61
34.6
34.6
34.6
34.51
34.55
34.57
34.59
34.59
34.65
34.65
34.6
34.6
34.57
34.75
34.81
34.81
34.78
34.75
34.75
34.75
34.75
34.78
34.79
34.89
34.87
34.81
34.88
34.76
34.74
34.72
34.7
34.15
34.15
34.15
34.15
34.15
34.18
34.18
34.23
34.14
34.13
34.14
34.13
34.13
34.01
34.01
34.09
34.08
34.08
34.02
34.09
34.09
34.1
34.1
34.11
34.11
34.16
34.1
34.1
34.03
34.02
34.08
34.07
34.05
34.05
34.05
34.05
34.05
34.14
34.24
34.2
34.08
34.14
34.21
34.2
34.2
34.2
34.2
34.16
34.13
34.13
34.13
34.12
34.12
34.21
34.21
34.19
34.1
34.15
34.18
34.18
34.18
34.17
34.17
34.17
34.17
34.1
34.1
34.15
34.15
34.15
34.05
34.06
34.04
33.92
33.76
33.85
33.8
33.83
33.83
33.78
33.78
33.78
33.91
33.95
33.91
33.91
33.76
33.86
33.86
34.02
34.01
33.98
33.99
34.01
34.01
34.01
34.01
34.01
34.01
34.01
34.01
34
34
34
34
34
33.83
33.88
33.88
33.84
33.8
33.8
33.8
33.83
33.77
33.81
33.83
33.76
33.76
33.76
33.66
33.72
33.72
33.65
33.72
33.72
33.76
33.76
33.64
33.57
33.7
33.61
33.58
33.58
33.46
33.6
33.67
33.67
33.67
33.67
33.63
33.55
33.63
33.61
33.58
33.5
33.5
33.51
33.56
33.56
33.56
33.56
33.56
33.56
33.64
33.64
33.64
33.63
33.63
33.63
33.65
33.65
33.65
33.57
33.57
33.57
33.57
33.65
33.63
33.63
33.65
33.65
33.65
33.65
33.67
33.86
33.7
33.98
34.06
34.06
34.06
33.83
34.01
34.03
34.12
34.1
34.27
34.27
34.13
34.13
34.13
34.13
34.13
34.13
34.15
34.11
34.11
34.11
34.11
34.15
34.15
34.15
34.15
34.21
34.21
34.13
34.13
34.15
34.19
34.4
34.3
34.33
34.33
34.26
34.25
34.22
34.29
34.25
34.28
34.28
34.28
34.29
34.29
34.27
34.35
34.33
34.26
34.26
34.51
34.61
34.61
34.58
34.58
34.61
34.68
34.68
34.68
34.68
34.64
34.62
34.69
34.69
34.69
34.75
34.69
34.73
34.67
34.71
34.71
34.71
34.64
34.64
34.66
34.82
34.85
34.86
34.92
34.95
34.97
34.76
34.74
34.79
34.85
34.85
34.81
34.9
34.86
35.31
35.31
34.88
34.92
34.49
34.65
34.83
34.57
34.33
34.53
34.14
33.8
34.24
34.24
33.98
33.96
33.96
34.17
34.17
34.17
34.17
34.02
34.06
33.93
33.84
33.74
33.74
33.74
33.75
33.77
33.86
33.72
33.72
33.85
33.92
33.95
33.95
33.91
34.01
34.01
34
34
34
34
33.94
33.94
33.94
33.96
33.96
34.03
34.44
34.46
34.35
34.4
34.3
34.33
34.29
34.33
34.36
34.39
34.36
34.42
34.43
34.36
34.47
34.47
34.53
34.63
34.7
34.7
34.36
34.37
34.38
34.37
34.37
34.37
34.29
34.36
34.35
34.44
34.36
34.43
34.42
34.42
34.41
34.41
34.42
34.37
34.49
34.49
34.56
34.56
34.56
34.6
34.5
34.5
34.5
34.5
34.6
34.56
34.53
34.5
34.5
34.43
34.43
34.43
34.6
34.6
34.61
34.66
34.58
34.58
34.6
34.61
34.61
34.5
34.47
34.53
34.53
34.5
34.48
34.49
34.49
34.49
34.47
34.47
34.47
34.47
34.43
34.49
34.48
34.48
34.48
34.47
34.46
34.5
34.46
34.54
34.47
34.51
34.5
34.46
34.37
34.47
34.48
34.39
34.39
34.39
34.39
34.39
34.44
34.42
34.42
34.17
34.17
34.17
34.12
34.12
34.12
34.12
34.05
33.99
33.97
33.91
33.93
33.97
33.89
33.88
33.85
33.88
33.94
33.99
33.99
33.91
33.92
33.92
34.1
34.1
34.07
34.08
34.08
34.08
34.1
34.12
34.07
34.2
34.2
34.31
34.31
34.31
34.32
34.32
34.35
34.26
34.22
34.35
34.35
34.35
34.29
34.29
34.14
34.15
34.13
34.13
34.13
34.16
34.14
34.14
34.14
34.14
34.14
34.2
34.2
34.16
34.14
34.11
34.13
34.18
34.19
34.11
34.11
34.12
34.17
34.17
34.16
34.17
34.15
34.18
34.18
34.18
34.12
34.15
34.14
34.16
34.2
34.12
34.12
34.11
34.11
34.16
34.16
34.16
34.17
34.17
34.18
34.17
34.11
34.11
34.2
34.17
34.17
34.17
34.19
34.11
34.18
34.18
34.1
34.1
34.18
34.09
34.13
34.13
34.07
34.13
34.09
34.04
33.97
34
34
34
33.94
33.93
33.93
33.93
34
34
34
34
34
34
34
33.87
33.86
33.75
33.71
33.71
33.71
33.79
33.75
33.78
33.74
33.74
33.87
33.81
33.81
33.81
33.93
33.9
33.9
33.82
33.82
33.82
33.9
33.94
33.92
33.82
33.8
33.8
33.75
33.72
33.74
33.71
33.77
33.77
33.77
33.74
33.78
33.72
33.72
33.66
33.7
33.74
33.71
33.74
33.75
33.82
33.98
33.93
33.99
34.07
34.33
34.15
34.17
34.16
34.16
34.15
34.34
34.34
34.34
34.34
34.14
34.29
34.23
34.3
34.3
34.3
34.31
34.42
34.42
34.19
34.19
34.19
34.19
34.27
34.22
34.23
34.29
34.29
34.18
34.18
34.05
34.04
34.04
33.95
33.98
33.98
34.03
34.03
34.06
33.93
33.93
33.87
33.87
33.9
33.9
33.9
33.98
33.99
33.95
33.87
33.9
33.86
33.88
33.82
33.79
33.79
33.79
33.85
33.82
33.82
33.83
33.83
33.88
33.9
33.93
33.88
33.97
34.02
33.99
34.13
34.16
34.16
34.19
34.19
34.19
34.27
34.21
34.2
34.23
34.26
34.21
34.21
34.21
34.21
34.08
34.21
34.21
34.01
34.09
34.15
34.16
34.07
34.01
34.04
34.04
34.04
34
34.02
34.11
34.07
34.1
34.12
34.12
34.12
34.12
34.15
34.23
34.29
34.22
34.18
34.23
34.23
34.23
34.24
34.23
34.18
34.15
34.17
34.16
34.3
34.41
34.18
34.28
34.25
34.36
34.36
34.43
34.44
34.38
34.33
34.33
34.33
34.33
34.33
34.29
34.22
34.2
34.17
34.17
34.17
34.25
34.25
34.25
34.25
34.25
34.28
34.28
34.28
34.28
34.28
34.25
34.3
34.3
34.3
34.3
34.32
34.29
34.3
34.24
34.24
34.22
34.24
34.2
34.22
34.25
34.25
34.24
34.21
34.22
34.22
34.22
34.22
34.22
34.23
34.23
34.21
34.1
34.12
34.12
34.13
34.13
34.11
34.06
34.06
34.06
34.06
34.04
34.12
34.12
34.09
34.09
34.06
34
34
34.03
34.03
34.03
34.06
34.02
34.02
33.93
33.93
33.99
33.99
33.99
33.95
33.96
34
34
34.05
34.05
34.05
34.16
34.19
34.15
34.06
34.06
34.16
34.16
34.18
34.18
34.15
34.16
34.15
34.11
34.11
34.17
34.12
34.07
34.13
34.18
34.18
34.18
34.14
34.14
34.1
34.1
34.1
34.07
34.05
34
33.96
33.96
33.91
34.15
34.15
34.15
34.1
34.1
34.16
34.09
34.09
34.09
34.12
34.11
34.04
34.01
33.98
33.98
33.97
33.97
33.96
33.96
33.9
33.94
33.94
33.94
33.86
33.86
33.82
33.79
33.82
33.79
33.79
33.81
33.79
33.84
33.82
33.89
33.89
33.89
33.89
33.86
33.92
33.92
33.92
33.9
33.9
33.9
33.9
33.93
33.91
33.87
33.83
33.82
33.82
33.85
33.82
33.87
33.82
33.76
33.83
33.79
33.79
33.78
33.78
33.85
33.85
33.91
33.91
33.79
33.98
34.06
34.09
34.07
34.07
34.02
34.02
34.02
34.01
33.96
33.96
34.08
33.97
33.97
33.97
33.98
34
33.96
34.01
34
34.04
34
34.32
33.96
34.27
34.26
34.26
34.05
34.25
34.24
34.24
34.19
34.16
