40.11
39.85
39.7
39.65
39.72
39.78
39.92
39.94
40
39.93
40.28
39.99
40.56
40.54
40.3
40.14
40.33
40.14
40.16
40
40.03
40.01
40.08
39.86
39.91
40.05
39.95
39.76
39.85
39.82
39.92
40.1
40.1
40.05
40.03
40.32
40.12
40.32
40.25
40.15
40.17
40.26
40.22
40.19
40.29
40.45
40.35
40.39
40.35
40.19
40.24
40.18
40.17
39.97
40.38
39.91
39.91
39.91
39.97
40.04
40.01
39.9
39.96
40.03
39.91
39.96
39.96
40
40.19
40.15
39.97
40.12
40.13
39.93
40.11
40.17
40.25
40.06
40.12
40.09
40.06
40.1
40.17
40.17
40.22
40.24
40.13
40.26
40.36
40.24
40.25
40.26
40.23
40.16
40.14
40.17
40.2
40.2
40.15
40.09
40.09
40.21
40.21
40.04
40.17
40.15
40.15
40.11
40.15
40.09
40.12
40.12
40.11
40.19
40.3
40.33
40.31
40.35
40.33
40.26
40.23
40.33
40.34
40.27
40.21
40.17
40.12
40.09
40.03
40.06
40.13
40.12
40.23
40.18
40.24
40.2
40.13
40.17
40.17
40.2
40.22
40.27
40.2
40.27
40.29
40.15
40.34
40.38
40.34
40.39
40.37
40.48
40.51
40.6
40.56
40.57
40.71
40.57
40.6
40.65
40.6
40.65
40.65
40.64
40.67
40.67
40.6
40.64
40.86
40.83
40.9
40.81
40.68
40.9
40.88
40.88
40.69
40.88
40.74
40.8
40.7
40.65
40.65
40.59
40.57
40.53
40.58
40.48
40.45
40.35
40.38
40.27
40.29
40.26
40.47
40.47
40.42
40.35
40.42
40.4
40.36
40.27
40.25
40.4
40.09
40.35
40.01
40.08
40.08
40.1
40.01
40.25
39.97
39.97
39.96
39.9
39.85
39.83
39.86
40.04
39.99
39.96
39.96
39.97
39.97
39.99
40.07
39.92
39.97
40.14
40.11
40.15
40.14
40.11
40.18
40.19
40.15
40.17
40.13
40.15
40.15
40.13
40.05
39.99
39.97
39.97
39.94
39.93
39.91
40.09
40.08
40.09
39.99
40.02
39.94
39.89
39.78
39.74
39.74
39.93
39.61
39.9
39.72
39.76
39.82
39.72
39.74
39.7
39.6
39.74
39.7
39.52
39.51
39.65
39.53
39.63
39.39
39.42
39.47
39.53
39.57
39.58
39.59
39.53
39.55
39.53
39.55
39.63
39.62
39.59
39.56
39.56
39.52
39.55
39.43
39.53
39.45
39.49
39.56
39.6
39.56
39.59
39.55
39.56
39.56
39.6
39.56
39.56
39.58
39.65
39.62
39.6
39.67
39.75
39.79
39.77
39.77
39.67
39.69
39.76
39.56
39.75
39.57
39.67
39.56
39.56
39.58
39.55
39.53
39.52
39.42
39.36
39.41
39.52
39.53
39.5
39.52
39.55
39.56
39.53
39.64
39.64
39.58
39.57
39.58
39.58
39.61
39.6
39.52
39.51
39.49
39.44
39.38
39.35
39.89
40.08
40.04
40.05
40.14
39.93
40
39.94
40.08
40.05
40.14
40.13
39.98
39.97
40
40.01
39.93
40.05
40.06
40.09
40.09
40.05
40.06
40.04
40.06
40.04
39.98
40
39.97
40.07
40.1
40.19
40.19
39.98
40.24
40.19
40.11
40.17
40.32
40.18
40.18
40.16
40.16
40.26
40.31
40.35
40.31
40.27
40.15
40.27
40.24
40.22
40.21
40.17
40.12
40.08
40.16
40.16
40.12
40.16
40.06
40.18
40.16
40.22
40.23
40.15
40.17
40.19
40.21
40.18
40.22
40.19
40.2
40.2
40.17
40.23
40.13
40.2
40.22
40.15
40.16
40.11
40.05
40.05
40.03
40.07
40.04
40.01
39.96
39.9
39.91
39.89
39.91
39.9
39.89
39.83
39.86
39.91
39.9
39.89
39.84
39.89
39.89
39.88
39.9
39.8
39.79
39.86
39.8
39.89
39.9
39.93
39.97
40
40
39.98
40.01
39.87
39.86
39.83
39.84
39.97
39.94
39.82
39.85
39.83
39.8
39.83
39.81
39.69
39.64
39.66
39.66
39.64
39.63
39.68
39.66
39.61
39.57
39.52
39.53
39.6
39.63
39.66
39.6
39.68
39.68
39.7
39.72
39.64
39.71
39.7
39.71
39.72
39.68
39.69
39.74
39.75
39.75
39.68
39.56
39.7
39.52
39.52
39.5
39.47
39.63
39.62
39.39
39.4
39.42
39.45
39.41
39.44
39.4
39.42
39.36
39.43
39.47
39.54
39.53
39.56
39.47
39.55
39.54
39.56
39.53
39.56
39.51
39.56
39.54
39.56
39.63
39.56
39.62
39.61
39.63
39.61
39.58
39.55
39.58
39.58
39.57
39.58
39.57
39.61
39.43
39.56
39.42
39.41
39.49
39.34
39.38
39.37
39.35
39.28
39.3
39.29
39.42
39.28
39.3
39.28
39.3
39.24
39.31
39.31
39.27
39.31
39.36
39.39
39.4
39.36
39.35
39.32
39.31
39.4
39.34
39.34
39.45
39.48
39.51
39.51
39.5
39.5
39.55
39.52
39.55
39.47
39.54
39.51
39.5
39.56
39.58
39.46
39.5
39.4
39.34
39.29
39.35
39.39
39.4
39.35
39.34
39.35
39.35
39.35
39.4
39.34
39.33
39.37
39.62
39.58
39.36
39.66
39.68
39.64
39.67
39.65
39.68
39.75
39.73
39.72
39.7
39.72
39.68
39.73
39.77
39.73
39.63
39.74
39.58
39.66
39.66
39.67
39.68
39.68
39.62
39.6
39.73
39.59
39.51
39.46
39.56
39.46
39.5
39.52
39.49
39.6
39.62
39.6
39.61
39.57
39.5
39.6
39.54
39.54
39.57
39.54
39.51
39.55
39.57
39.54
39.59
39.61
39.6
39.53
39.62
39.63
39.69
39.69
39.74
39.74
39.74
39.7
39.63
39.62
39.61
39.59
39.6
39.59
39.59
39.57
39.58
39.59
39.58
39.58
39.64
39.48
39.41
39.41
39.35
39.37
39.28
39.31
39.31
39.42
39.21
39.2
39.32
39.34
39.41
39.42
39.41
39.4
39.45
39.32
39.42
39.4
39.44
39.47
39.51
39.52
39.51
39.58
39.56
39.64
39.59
39.6
39.59
39.64
39.64
39.62
39.61
39.58
39.62
39.61
39.59
39.58
39.67
39.6
39.81
39.8
39.79
39.79
39.81
39.87
39.95
39.94
39.91
39.94
39.95
39.87
39.95
40.02
39.92
39.97
39.92
39.92
39.93
39.98
39.97
39.99
40.07
40.02
40.04
40.09
40.08
40.05
40.05
40.01
39.91
40.06
39.91
39.9
39.85
39.87
39.85
39.82
39.81
39.74
39.84
39.88
39.88
39.87
39.88
39.87
39.78
39.78
39.69
39.84
39.78
39.76
39.82
39.82
39.86
39.89
39.84
39.86
39.92
40
39.98
40
39.99
39.85
40
40.03
39.96
39.96
39.91
39.98
39.97
39.9
39.97
39.93
39.89
39.99
40.02
39.78
39.78
39.79
39.76
39.78
39.74
39.76
39.7
39.72
39.68
39.69
39.68
39.71
39.65
39.59
39.53
39.53
39.57
39.55
39.45
39.5
39.4
39.4
39.43
39.4
39.28
39.24
39.28
39.35
39.39
39.4
39.36
39.42
39.43
39.42
39.43
39.44
39.44
39.49
39.53
39.56
39.56
39.52
39.53
39.5
39.57
39.6
39.54
39.55
39.56
39.56
39.44
39.42
39.5
39.41
39.58
39.75
39.74
39.85
39.85
39.87
39.93
39.92
39.94
39.97
39.97
40.03
40.08
40.07
40
40.02
39.98
39.91
39.85
39.97
39.86
39.79
39.79
39.75
39.72
39.8
39.75
39.69
39.76
39.61
39.72
39.65
39.69
39.69
39.69
39.71
39.74
39.71
39.76
39.74
39.71
39.78
39.77
39.7
39.73
39.68
39.75
39.75
39.66
39.67
39.72
39.73
39.73
39.71
39.72
39.88
39.92
39.91
39.92
39.85
39.83
39.74
39.82
39.81
39.88
39.81
39.93
39.84
39.84
39.93
39.74
39.67
39.62
39.67
39.66
39.72
39.76
39.78
39.78
39.78
39.77
39.67
39.83
39.81
39.81
39.81
39.8
39.85
39.77
39.79
39.79
39.81
39.5
39.37
39.43
39.36
39.3
39.25
39.16
39.13
39.02
39.07
38.88
38.87
39
39
38.88
38.84
38.93
38.9
38.99
39
38.9
38.77
38.94
38.65
38.77
38.8
38.69
38.7
38.69
38.52
38.78
38.69
38.7
38.71
38.85
39
39.07
39.06
39.07
39.02
39.02
39.04
38.99
39.06
39.11
39.07
38.94
38.92
38.93
38.97
39.12
39.2
39.21
39.18
39.15
39.14
39.06
38.95
38.97
39.2
38.98
38.92
39.12
38.94
38.91
38.99
38.89
38.82
38.81
38.81
38.53
38.56
38.6
38.54
38.46
38.5
38.55
38.54
38.51
38.52
38.61
38.48
38.45
38.46
38.57
38.39
38.43
38.24
37.99
38.05
38.01
37.99
37.99
37.98
37.98
37.98
38.13
38.17
38.14
38.15
38.13
37.94
38
38.02
37.97
38.08
38.1
38.14
38.22
38.2
38.2
38.14
38.21
38.16
38.17
38.22
38.21
38.24
38.17
38.21
38.2
38.19
38.19
38.17
38.16
38.22
38.21
38.17
38.18
38.13
38.12
38.04
38.04
38.11
38.13
38.14
38.15
38.13
38.14
38.02
38.11
38.03
38.02
38.02
37.99
37.95
37.88
37.81
37.85
37.8
37.8
37.81
37.85
37.8
37.78
37.87
37.66
37.57
37.46
37.47
37.38
37.37
37.24
37.37
37.33
37.41
37.4
37.46
37.47
37.25
37.62
37.63
37.65
37.31
37.55
37.53
37.67
37.52
37.57
37.47
37.59
37.63
37.58
37.55
37.57
37.58
37.56
37.75
37.72
37.74
37.75
37.75
37.72
37.72
37.76
37.63
37.59
37.58
37.55
37.57
37.46
37.45
37.54
37.53
37.53
37.51
37.5
37.45
37.55
37.35
37.38
37.3
37.35
37.28
37.4
37.42
37.49
37.51
37.53
37.55
37.6
37.52
37.5
37.47
37.43
37.36
37.37
37.32
37.35
37.42
37.45
37.4
37.45
37.45
37.45
37.42
37.37
37.48
37.37
37.38
37.42
37.45
37.43
37.46
37.43
37.37
37.47
37.44
37.48
37.45
37.48
37.46
37.49
37.47
37.45
37.45
37.46
37.49
37.52
37.57
37.62
37.66
37.64
37.65
37.66
37.59
37.65
37.63
37.61
37.57
37.53
37.5
37.54
37.53
37.62
37.5
37.54
37.54
37.54
37.54
37.54
37.35
37.28
37.3
37.28
37.3
37.28
37.26
37.29
37.22
37.15
37.15
37.2
37.25
37.3
37.32
37.15
37.4
37.35
37.35
37.3
37.36
37.37
37.33
37.33
37.29
37.24
37.19
37.13
37.09
37.14
37.13
37.2
37.16
37.16
37.16
37.19
37.1
37.14
37.09
37.05
37.04
37.02
36.93
36.96
37.18
36.9
36.89
36.88
37.83
37.53
37.54
37.4
37.44
37.33
37.34
37.41
37.4
37.41
37.39
37.79
37.43
37.54
37.7
37.62
37.55
37.65
37.68
37.72
37.68
37.65
37.61
37.57
37.59
37.43
37.54
37.5
37.58
37.61
37.52
37.61
37.67
37.7
37.84
37.96
37.9
37.82
37.82
37.88
38
37.96
37.95
37.97
38.08
38.05
37.98
38.1
38.11
38.06
37.96
38.01
38.05
38.06
38.03
37.95
37.87
37.84
37.79
37.84
37.8
37.79
37.79
37.81
37.77
37.81
37.77
37.87
37.96
37.99
37.79
37.8
37.84
37.78
37.84
37.95
37.92
37.9
37.91
37.88
37.82
37.77
37.76
37.72
37.77
37.73
37.75
37.87
37.83
37.88
37.84
37.84
37.78
37.78
37.75
37.72
37.65
37.64
37.72
37.74
37.73
37.74
37.74
37.74
37.79
37.72
37.8
37.87
37.82
37.78
37.8
37.8
37.8
37.75
37.73
37.69
37.67
37.83
37.61
37.64
37.63
37.73
37.7
37.71
37.63
37.72
37.67
37.72
37.71
37.46
37.41
37.4
37.37
37.44
37.42
37.37
37.29
37.29
37.39
37.36
37.37
37.45
37.43
37.45
37.44
37.46
37.45
37.38
37.41
37.42
37.41
37.46
37.42
37.43
37.41
37.39
37.38
37.41
37.42
37.45
37.49
37.51
37.56
37.5
37.53
37.53
37.56
37.56
37.59
37.61
37.66
37.63
37.63
37.58
37.58
37.54
37.58
37.58
37.55
37.53
37.57
37.46
37.44
37.48
37.42
37.44
37.63
37.43
37.37
37.36
37.43
37.32
37.3
37.32
37.31
37.36
37.38
37.31
37.33
37.33
37.28
37.25
37.3
37.28
37.22
37.17
37.18
37.23
37.22
37.19
37.22
37.29
37.35
37.35
37.36
37.31
37.36
37.34
37.32
37.35
37.29
37.36
37.35
37.33
37.36
37.39
37.42
37.36
37.42
37.42
37.41
37.42
37.4
37.38
37.36
37.35
37.37
37.4
37.41
37.4
37.39
37.39
37.41
37.43
37.43
37.39
37.37
37.36
37.31
37.31
37.34
37.32
37.28
37.3
37.29
37.28
37.27
37.25
37.22
37.19
37.21
37.21
37.24
37.26
37.24
37.18
37.2
37.23
37.26
37.22
37.23
37.24
37.2
37.19
37.2
37.26
37.26
37.23
37.26
37.27
37.22
37.22
37.24
37.23
37.25
37.29
37.33
37.25
37.4
37.33
37.35
37.33
37.29
37.38
37.3
37.28
37.29
37.37
37.27
37.28
37.34
37.3
37.24
37.32
37.29
37.25
37.24
37.22
37.23
37.24
37.25
37.25
37.29
37.26
37.25
37.25
37.23
37.24
37.26
37.26
37.27
37.27
37.32
37.33
37.34
37.35
37.35
37.32
37.3
37.3
37.3
37.33
37.28
37.28
37.28
37.31
37.3
37.3
37.28
37.29
37.3
37.28
37.27
37.29
37.31
