215.02
216.81
226.27
226.34
224.35
221.76
219.09
220.3
219.61
221.07
223.28
233.89
229.77
231.13
231
229.25
223.04
224.65
218.18
238.43
233.08
228.96
202.9
199.51
205.35
199.99
202.1
202.62
198.52
205.38
198.44
195.96
198.39
199.62
196.02
193.13
194.23
201.99
207.07
204.39
208.22
210.87
207
203.08
207.79
210.38
212.72
206.04
211.63
206.21
206.89
211.17
210.5
210.04
212.38
207.71
224.83
226.61
231
228.74
230.6
229.63
227.55
225.05
225
225.75
223.26
224.2
225.36
222.48
226.4
219.2
217.92
216.71
218.66
219.86
218.36
215.14
213.38
212.9
208.12
206.76
203.57
204.65
202.5
201.78
180.64
187.29
179.74
178
177.44
178.05
171.78
165.5
161.96
159.99
157.21
157.67
158.51
159.7
156.58
156.31
159.56
158.67
169.25
173.71
172.42
171.75
171.47
166.76
166.77
170
166.19
168.4
165.8
166.99
169.25
165.47
167.54
169.3
164.54
163.64
163.68
156.39
156.8
155.24
156.4
155.81
155.44
160.09
163.69
160.44
160.54
155.91
155.86
152.72
149.86
151.44
147.02
147.86
145.56
147.67
152.3
148.69
145.07
143.37
142.33
150.91
147.73
161.22
153.47
153.23
148.06
158.17
171.59
175.71
176.31
176.9
175.42
171.82
170.9
165.78
165.78
169.99
176.18
169.1
159.65
165.83
176.97
183.38
187.96
184.94
190.59
188.54
185.93
184.33
188.14
196.72
204.42
201.95
197.85
191.81
196.78
197.84
203.08
201.5
202.43
206.79
208.81
207.74
203
201.45
204.04
213.77
212.8
209.84
199.59
192.62
193.39
196.32
191.92
186.13
191.67
192.34
202.8
207.33
209.59
223.45
214.36
212.33
215.4
215.21
212.4
204.13
212.69
205.22
217.39
216.74
220.48
220.98
219.93
230.56
216
216.22
213.54
218.75
215.25
209.06
209.64
203.92
207.42
207.64
216.83
214.65