38.91
39.04
41.74
41.13
39.76
40.19
40.03
39.81
39.71
40.61
40.47
41.85
40.04
42.54
39.59
39.59
40.31
40.84
40.37
40.9
40.21
41.47
41.8
42.08
43.78
48.56
49.95
49.67
49.08
50.63
50.7
48.77
48.23
49.99
48.58
48.49
50.4
55.29
55.42
53.53
53.49
53.94
51.85
50.06
51.58
51.74
51.89
51.45
52.96
52.17
51.94
53
50.88
50.7
50.83
49.38
52.11
52.64
52.91
50.61
52
50.7
50.24
49.33
51.02
49.75
49.43
48.06
48.17
46.1
45.98
45.11
45.06
45.09
45.12
44.76
45.33
44.15
43.81
43.27
43.13
43
43.46
43.83
43.47
44.13
45.19
46.3
38.59
37.93
38.16
38.71
37.75
37.65
38.05
37.05
36.87
37.43
37.88
38.31
38.33
37.84
38.06
37.41
40.23
41.33
41.77
42.05
40.97
40.93
41.44
39.46
38.48
39.52
39.24
38.9
38.74
38.02
38.02
36.9
36.79
35.54
35.37
34.47
33.33
33.89
32.9
32.58
31.75
32.44
34
33.77
30.51
30.5
31.52
31.75
31.77
32.07
32.26
32.77
32.85
33.39
33.94
32.05
31.96
30.66
31.85
38.75
39.02
39.09
38.97
42.62
40.73
41.61
44.82
45.95
46.02
46.13
45.01
44.42
45.52
40.87
40.05
41.34
42.49
41.78
42.45
43.14
44.05
45.73
46.98
46.67
47.3
46.32
44.43
47.88
48.77
50.92
50.12
51.24
51.13
52.05
51.92
53.57
54.5
54.02
53.88
53.53
54.83
54.38
54.28
53.71
54.91
55.77
55.87
54.96
55.78
55.92
56.63
55.5
58.18
57.44
56.47
56.85
54
52.92
54.35
50.03
65.97
66.32
65.25
64.5
63.47
59.45
60.44
57.91
61.74
62.8
62.44
62.53
62.2
60.57
61.57
58.21
57.82
57
57.05
59.29
61.46
66.29
69
67.5
63.65
60.51