189.82
189.27
188.79
189.07
188.86
188.85
188.77
188.86
188.82
188.51
188.61
188.49
188.65
188.87
188.49
188.4
188.5
188.49
188.44
188.48
188.87
188.68
188.5
188.75
188.67
188.47
188.47
188.57
188.48
188.49
188.3
188.48
188.67
188.1
187.95
187.94
187.93
188.06
187.96
187.81
187.76
188.11
187.93
187.86
187.74
187.66
187.69
187.91
187.63
188.1
187.84
187.97
187.99
187.9
187.96
187.71
187.93
187.96
188.04
187.88
187.91
188.46
188.39
187.97
188.35
188.03
188.27
187.84
188.12
187.9
187.98
187.91
187.91
187.94
187.94
187.54
187.72
187.66
187.96
187.93
187.88
187.88
187.81
187.75
187.81
187.45
187.67
187.73
187.67
187.6
187.58
187.65
187.49
187.55
187.27
187.17
187.13
187.16
187.24
187.38
187.21
187.04
186.89
186.85
186.73
186.84
186.86
186.82
186.49
186.79
186.66
186.36
186.85
186.62
186.59
186.65
186.51
186.62
186.55
186.5
186.52
186.38
186.24
186.55
186.22
186.41
186.15
186.48
186.47
186.37
186.51
186.5
186.32
186.74
186.75
186.58
186.58
186.59
186.6
186.55
186.63
186.5
186.57
186.55
186.41
186.42
186.53
186.44
186.46
186.64
186.72
186.8
186.93
186.46
186.98
186.71
186.72
186.7
186.67
186.69
186.93
186.99
187.14
186.8
187.41
187.47
187.3
187.35
187.29
187.27
187.32
187.33
187.33
187.33
187.35
187.27
187.18
187.21
187.48
187.33
187.35
187.51
187.51
187.52
187.35
187.66
187.65
187.56
187.28
187.12
187.52
187.27
187.13
187.41
187.37
187.38
187.33
186.9
186.79
186.72
186.81
186.72
186.74
186.84
186.82
186.75
186.99
186.72
187.08
187.09
186.88
186.87
186.8
186.77
186.72
186.66
186.62
186.7
186.65
186.69
186.63
186.7
186.72
186.71
186.49
186.49
186.53
186.49
186.55
186.22
186.05
186.03
186.03
186.06
186.01
186.12
186.21
186.31
186.06
186.09
186.37
186.04
186.21
186.19
186.41
186.46
186.32
186.19
186.23
186.35
186.28
186.35
186.39
186.19
186.3
186.08
186.24
186.15
186.18
186.21
186.11
186.06
186.03
186.01
186.13
186.29
186.07
186.35
186.24
186.54
186.36
186.51
186.58
186.48
186.31
186.32
186.27
186.51
186.51
186.42
186.48
186.33
186.38
186.53
186.37
186.22
186.04
186.35
185.96
186.12
185.89
185.88
186.05
186.06
186.1
186.26
186.28
186.16
186.32
186.38
186.43
186.42
186.52
186.14
186.43
186.47
186.57
186.37
186.44
186.49
186.42
186.15
186.4
186.43
186.05
185.86
185.99
185.92
185.97
186.14
186.41
186.37
186.18
186.26
186.46
186.21
186.27
185.66
185.41
185.49
185.53
185.59
185.69
186.28
185.88
185.82
185.78
185.73
185.64
185.78
185.9
185.75
185.82
185.62
185.81
185.81
185.76
185.91
185.94
185.76
185.84
185.77
185.87
185.77
185.59
185.59
183.16
183.04
183.09
182.85
183.36
183.04
183.41
183.1
183.36
183.54
182.69
182.64
182.62
182.65
182.71
182.7
182.68
182.54
182.78
183.3
183.65
183.75
183.98
183.57
183.75
183.78
182.8
183.79
183.72
183.7
183.68
183.79
183.74
183.78
183.54
183.76
183.74
183.71
184.13
184.41
184.7
183.92
184.22
184.26
184.39
184.32
184.14
184.11
184.08
184.27
184.28
184.01
183.99
184.32
184.25
184
184.11
184.21
183.96
183.9
183.96
183.95
183.85
183.97
183.7
183.73
183.79
183.85
183.88
183.86
183.89
183.81
183.6
183.86
183.9
183.79
183.89
184
184.14
184.04
183.91
184.07
184.02
183.97
184.06
184.02
184.41
184.05
184.05
184.6
184.83
184.74
184.63
184.98
184.7
185.15
185.4
185.52
185.88
185.96
185.9
185.85
184.74
185.77
186.31
186.28
186.49
186.41
186.35
186.49
186.48
186.3
186.24
186.34
186
186.11
186.4
186.1
186.27
186.17
186.22
186.18
186.15
185.95
186.24
186.16
186.14
186.07
186.01
185.99
186.02
186.18
186.09
186.2
185.82
185.82
185.7
185.71
185.68
185.81
185.86
185.96
185.89
186.01
185.88
186.24
186.42
186.41
186.59
186.2
185.88
186.22
186.3
186.49
186.36
186.3
186.47
186.24
186.41
185.84
186.3
186.27
186.1
185.65
185.9
185.85
185.81
185.82
185.75
185.69
185.62
185.82
185.53
185.3
185.35
185.07
185.8
185.23
185.4
185.38
185.57
185.51
184.85
185.46
184.88
184.98
184.95
184.88
185.01
184.98
184.8
184.83
185.11
184.85
184.87
184.82
185.26
185.21
185.4
184.98
185.13
185.13
185.31
185.33
185.6
185.51
185.75
185.64
185.51
185.54
185.63
185.63
185.5
185.71
185.7
185.67
185.52
185.58
185.57
185.68
185.69
185.82
185.87
185.71
185.76
185.8
185.82
185.8
185.69
185.69
185.9
185.81
185.86
186.02
186.04
186.06
185.97
186.1
185.91
185.94
185.88
185.95
186.02
186.01
186.07
186.15
186.25
185.93
186.21
186.1
186
185.93
186
186.03
185.96
186.04
185.88
185.7
185.74
185.74
186.06
185.96
185.93
185.95
186.08
185.97
185.91
185.87
185.87
185.82
185.75
185.31
185.71
185.63
185.65
185.22
185.66
185.51
185.19
185.52
185.61
185.49
185.22
185.16
185.25
185.16
184.82
185.09
184.79
184.99
184.97
184.85
184.71
184.73
184.85
184.89
184.92
184.9
184.92
185
184.95
185
184.96
184.67
184.92
184.6
184.7
184.72
184.6
184.76
184.85
184.66
185
185.01
184.74
184.75
184.79
184.91
184.53
184.4
184.89
184.1
184.08
184.03
184.86
184.17
184.17
184.49
184.27
184.02
183.99
183.9
183.81
183.56
183.3
185.16
184.93
185.1
185.64
186.09
185.7
185
185.65
185.71
185.82
185.76
185.79
185.72
185.81
185.87
185.79
185.74
185.74
185.76
185.8
185.84
185.83
185.83
185.75
185.65
185.55
185.65
185.77
185.73
185.13
185.18
185.36
185.13
185.24
185.19
185.39
185.06
185.06
184.94
185.02
185.04
185.09
185.13
185.12
185.14
185.05
184.97
185.06
185.06
185.19
185.17
185.32
185.43
185.46
185.36
185.41
185.21
185.46
185.38
185.53
185.44
185.65
185.77
185.45
185.44
185.47
185.41
185.46
185.57
185.37
185.41
185.52
185.52
185.49
185.24
185.38
185.52
185.46
185.45
185.29
185.15
185.31
185.36
185.29
185.26
185.39
185.28
185.18
185.21
185.32
185.36
185.21
185.16
185.41
185.5
185.52
185.29
185.66
185.81
185.85
185.89
185.93
185.93
185.84
185.79
185.79
185.67
185.69
185.79
185.52
185.49
185.61
185.35
185.45
185.5
185.6
185.4
185.4
185.34
185.37
185.8
185.8
185.79
185.8
185.74
185.78
185.8
185.9
185.85
185.79
185.86
185.81
185.84
185.74
185.82
185.87
185.85
185.8
185.82
185.76
185.77
185.62
185.51
185.62
185.65
185.62
185.59
185.53
185.73
185.85
185.91
185.86
185.73
185.47
185.49
185.52
185.32
185.13
185.34
185.39
185.41
185.61
185.26
185.79
186.11
186.02
186.02
186.01
186.02
186.02
185.96
186
185.99
186.02
186
185.94
185.99
185.85
185.86
185.93
186.02
186
185.86
185.95
185.84
185.84
185.88
185.73
185.78
185.73
185.75
185.87
185.87
185.82
185.86
185.93
185.93
185.91
185.87
185.7
185.65
185.67
185.67
185.63
185.57
185.59
185.55
185.62
185.68
185.71
185.67
185.73
185.62
185.78
185.59
185.62
185.66
185.61
185.55
185.62
185.63
185.52
185.52
185.32
185.4
185.34
185.34
185.84
185.61
185.57
185.78
185.73
185.72
185.69
185.53
185.63
185.6
185.29
185.51
185.44
185.6
185.37
185.83
185.89
185.8
185.52
185.31
185.24
185.57
185.19
185.41
184.99
185.56
185.57
185.1
185.1
185.04
185.28
185.03
185.09
185.15
185.22
185.22
185.41
185.13
185.05
184.64
185.26
184.81
185.18
184.81
185.04
185.13
185.04
185.02
184.98
184.99
185.01
185
185.05
185.31
185.44
185.21
185.38
185.44
185.35
184.92
185.24
185.23
185.34
185.36
185.3
185.35
185.38
185.3
185.3
185.34
185.27
185.28
185.26
185.2
185.23
185.23
185.3
185.26
185.27
185.29
185.27
185.27
185.33
185.43
185.39
185.4
185.3
185.35
185.41
185.3
185.49
185.41
185.3
185.27
185.27
185.32
185.07
188.29
188.27
188.52
188.5
188.5
188.5
189.1
189.38
188.56
189.48
189.51
189.49
189.49
189.89
188.43
190.07
190.5
190.5
190.5
190.5
190.5
190.5
190.79
190.83
190.45
190.42
190.42
190.42
190.62
190.13
190.13
190.04
190
190.02
189.72
189.65
190.01
189.7
189.73
189.81
189.85
190
189.8
189.45
189.27
189.01
189.28
188.9
188.9
189.02
188.98
188.97
188.91
189.17
189.4
189.4
189.33
189.27
189.27
189.22
189.27
189.34
189.34
189.34
189.31
189.4
189.37
189.45
189.5
189.31
189.7
189.62
189.5
189.63
189.37
189.65
189.65
189.51
189.54
189.41
189.51
189.18
189.21
189.58
189.52
189.14
188.76
188.8
188.8
188.97
188.93
188.93
188.93
189.23
189.33
188.84
189.32
189.37
189.37
189.36
189.29
189.41
189.41
189.23
188.98
189.1
188.91
188.74
188.83
188.83
188.77
188.71
188.76
188.98
188.83
188.83
188.85
188.79
188.79
188.8
188.8
188.76
188.68
188.81
188.81
188.74
189.16
189.16
189.36
189.35
188.78
188.68
189.4
189.36
189.38
189.41
189.34
189.28
189.33
189.48
189.35
189.37
189.4
189.47
189.44
189.44
189.55
189.57
189.65
189.51
189.44
189.29
189.27
189.31
189.53
189.49
189.33
189.43
189.58
189.53
189.5
189.5
189.66
189.66
189.91
189.67
189.67
190.03
190.03
190.03
190.13
190.12
189.96
189.99
189.99
189.99
190.19
190.07
190.1
190.12
190.12
190.12
190.1
190.03
189.89
190.06
190.09
190.09
190.05
190.01
189.95
190.07
190.04
190.06
190.05
190.05
190.01
190.07
190
190
190.02
190
189.97
190.08
190
190
189.94
189.97
189.97
190.08
190.05
190.11
190.11
190.05
190.14
190.19
190.21
190.07
190.07
190.06
190.02
190.09
190
190
190.01
190.01
190.01
189.99
190.01
190.01
189.97
189.97
190.02
190
189.99
189.88
189.89
189.88
189.9
189.95
189.97
190.01
190.04
189.99
190.02
190.02
190.01
189.99
189.87
189.97
189.99
189.99
189.68
189.99
189.98
189.68
189.77
189.45
189.46
189.39
189.51
189.58
189.45
189.39
189.42
189.43
189.43
189.98
189.84
189.9
189.84
189.6
189.83
189.9
189.8
189.81
189.79
189.91
189.71
190.74
190.74
190.63
190.63
190.8
190.66
190.66
190.6
190.51
190.66
190.58
190.68
190.79
190.74
190.74
190.78
190.73
190.66
190.75
190.75
190.81
190.91
190.95
191.09
191.2
191.52
191.44
193.16
193.2
193.2
193.17
193.19
193.46
193.5
193.28
193.5
193.68
193.63
193.63
193.84
194.07
193.47
194.05
193.5
193.25
193.92
193.84
193.89
193.91
193.71
193.63
193.72
193.24
193.27
193.54
193.48
193.29
193.24
193.28
193.24
193.45
193.35
193.5
193.49
193.53
193.6
193.63
193.49
193.46
194.06
194.08
193.51
194.07
194.07
194.12
194.04
194.02
194.03
194.16
194.12
194.16
194.16
194.12
194.17
194.01
194.03
194.09
194.07
193.97
193.98
193.97
193.9
193.92
193.91
193.9
193.91
193.93
193.92
193.94
193.78
193.89
193.9
193.57
193.63
193.65
193.57
193.61
193.65
193.67
193.64
193.6
193.56
193.64
193.62
193.59
193.62
193.65
193.65
193.42
193.35
193.37
193.37
193.35
193.33
193.32
193.32
193.37
193.37
193.27
193.27
193.21
193.22
193.21
193.18
193.18
193.23
193.23
193.2
193.22
192.88
193.25
193.23
193.22
193.2
192.92
192.81
193.16
193.08
193.08
192.81
192.72
192.8
192.73
192.79
192.62
192.64
192.63
192.55
192.71
192.54
192.54
192.51
192.49
192.53
192.72
192.76
192.64
192.73
192.74
192.82
192.79
192.83
192.79
192.92
192.96
192.91
193.04
192.84
193.07
193.08
193.06
193.15
193.1
193.2
193.03
193.15
193.15
193.2
193.24
193.22
193.33
193.1
193.26
193.19
193.2
193.21
193.19
193.17
193.1
193.18
193.16
193.09
193
193.03
192.94
192.94
193.02
193.05
193
193.03
193.05
193.13
193.12
193.12
193.08
193.03
193.03
193.1
193.12
193.15
193.14
193.01
193
193.05
193.1
193.25
193.25
193.17
193.12
193.04
193.09
193.04
193.03
193.08
193.05
193.01
193.07
193.05
192.96
193.09
193.08
193.07
193.12
193.2
193.2
193.19
193.37
193.25
193.3
193.31
193.47
193.58
193.41
193.58
193.57
193.54
193.42
193.55
193.61
193.65
193.59
193.63
193.64
193.78
193.72
193.73
193.7
193.83
193.8
193.82
193.81
193.79
193.77
193.78
193.77
193.82
193.8
193.79
193.89
193.89
193.96
193.82
193.84
194.14
194.18
193.88
194.21
194.21
194.22
194.27
194.35
194.35
194.35
194.46
194.51
194.63
194.47
194.69
194.73
194.7
194.9
194.64
194.87
194.96
194.66
194.97
194.89
194.89
194.93
194.9
194.84
194.65
194.91
194.69
194.63
194.7
194.87
194.65
194.69
194.79
194.79
194.71
194.6
194.65
194.6
194.62
194.53
194.41
194.31
194.3
194.33
194.43
194.33
194.33
194.4
194.23
194.17
194.28
194.29
194.4
194.53
194.4
194.72
194.73
194.73
194.62
194.62
194.6
194.65
194.6
194.58
194.59
194.43
194.52
194.13
193.97
193.88
194.01
193.78
193.75
193.77
193.72
193.79
193.75
193.69
193.7
193.8
193.75
193.66
193.54
