32.52
32.54
32.66
32.76
32.76
32.86
32.86
32.86
32.84
32.85
32.7
32.71
32.67
32.73
32.63
32.5
32.43
32.75
32.02
31.96
32.18
32.18
32.17
32.68
32.11
32.1
32.1
32.1
32.29
32.38
32.33
32.33
32.07
32.11
32
32.01
32.09
32.03
32.03
32.06
32.06
32.08
32.08
32.12
32.12
32.15
32.03
32.12
32.06
32.04
32.06
32.09
32
31.9
31.87
31.51
31.63
31.63
31.71
31.77
31.82
31.8
31.8
31.91
31.95
31.71
31.76
31.78
31.76
31.76
31.72
31.72
31.72
31.53
31.48
31.66
31.51
31.51
31.61
31.62
31.62
31.45
31.52
31.71
31.49
31.49
31.47
31.47
31.4
31.46
31.29
31.29
31.32
31.17
31.35
31.3
31.26
31.26
31.4
31.4
31.44
31.44
31.35
31.52
31.41
31.41
31.41
31.3
31.21
31.21
31.21
31.21
31.21
31.29
31.29
31.46
31.33
31.44
31.4
31.4
31.44
31.42
31.31
31.35
31.35
31.24
31.15
31.27
31.28
31.28
31.4
31.56
31.66
31.64
31.64
31.6
31.6
31.55
31.53
31.55
31.51
31.47
31.56
31.6
31.54
31.59
31.6
31.54
31.55
31.59
31.59
31.71
31.88
31.78
31.79
31.78
31.67
31.68
31.73
31.62
31.73
31.61
31.58
31.53
31.61
31.54
31.59
31.64
31.61
31.59
31.59
31.58
31.55
31.64
31.64
31.62
31.62
31.62
31.63
31.62
31.6
31.68
31.69
31.69
31.76
31.75
31.74
31.71
31.72
31.74
31.76
31.76
31.81
31.65
31.67
31.67
31.74
31.69
31.59
31.54
31.54
31.54
31.54
31.63
31.58
31.61
31.61
31.61
31.58
31.65
31.65
31.56
31.5
31.57
31.44
31.35
31.38
31.38
31.37
31.47
31.41
31.41
31.41
31.48
31.54
31.57
31.57
31.6
31.6
31.59
31.58
31.59
31.55
31.55
31.55
31.54
31.54
31.54
31.54
31.54
31.54
31.55
31.66
31.61
31.61
31.61
31.59
31.56
31.65
31.65
31.6
31.62
31.62
31.59
31.62
31.62
31.62
31.62
31.44
31.44
31.44
31.43
31.43
31.47
31.47
31.47
31.46
31.46
31.46
31.5
31.53
31.68
31.68
31.68
31.56
31.63
31.63
31.58
31.61
31.61
31.61
31.61
31.61
31.67
31.67
31.67
31.67
31.5
31.49
31.5
31.55
31.72
31.45
31.46
31.52
31.52
31.43
31.32
31.32
31.32
31.32
31.44
31.44
31.44
31.44
31.33
31.44
31.44
31.46
31.46
31.42
31.43
31.43
31.43
31.43
31.43
31.43
31.41
31.37
31.37
31.37
31.42
31.37
31.37
31.34
31.39
31.39
31.37
31.42
31.45
31.43
31.41
31.38
31.37
31.35
31.31
31.26
31.26
31.27
31.22
31.21
31.27
31.31
31.29
31.3
31.17
31.15
31.17
31.12
31.24
31.11
31.15
31.16
31.15
31.14
31.14
31.21
31.21
31.21
31.27
31.27
31.23
31.43
31.43
31.44
31.44
31.41
31.42
31.51
31.75
31.58
31.73
31.75
31.75
31.59
31.74
31.86
31.65
31.64
31.67
31.91
32.02
31.81
31.84
32
31.98
31.88
31.88
31.84
31.9
31.9
31.93
31.64
31.97
31.67
31.67
31.65
31.66
31.63
31.63
31.63
31.59
31.62
31.61
31.55
31.59
31.51
31.59
31.59
31.62
31.37
31.37
31.46
31.59
31.52
31.52
31.52
31.52
31.39
31.36
31.37
31.26
31.26
31.33
31.33
31.33
31.56
31.54
31.65
31.82
31.82
31.88
31.86
31.85
31.85
31.88
31.78
31.77
31.8
31.74
31.74
31.74
31.6
31.63
31.63
31.68
31.76
31.76
31.76
31.77
31.78
31.78
31.72
31.84
31.75
31.73
31.76
31.83
31.99
31.98
31.99
32.1
32.12
32.04
32.04
32.17
32.17
32.1
32.1
32.28
32.13
32.14
32.29
32.17
32.26
32.25
32.22
32.24
32.24
32.24
32.24
32.1
32.11
32.2
32.2
32.22
32.16
32.12
32.08
32.08
32.08
32.08
31.9
31.88
31.88
31.79
31.9
31.69
31.69
31.74
31.75
31.75
31.75
31.75
31.7
31.62
31.76
31.66
31.66
31.69
31.69
31.63
31.63
31.7
31.64
31.57
31.56
31.56
31.5
31.59
31.48
31.48
31.48
31.53
31.47
31.27
31.36
31.33
31.34
31.35
31.26
31.36
31.36
31.34
31.16
31.25
31.24
31.16
31.2
31.16
31.21
31.21
31.21
31.26
31.26
31.29
31.29
31.29
31.23
31.17
31.17
31.23
31.23
31.25
31.25
31.33
31.28
31.28
31.28
31.28
31.26
31.46
31.44
31.44
31.44
31.44
31.44
31.44
31.36
31.36
31.59
31.43
31.39
31.48
31.48
31.42
31.43
31.42
31.42
31.44
31.36
31.36
31.43
31.43
31.43
31.29
31.31
31.31
31.31
31.55
31.55
31.54
31.54
31.56
31.56
31.52
31.48
31.48
31.45
31.45
31.45
31.42
31.38
31.38
31.35
31.44
31.41
31.41
31.43
31.45
31.41
31.41
31.41
31.4
31.37
31.37
31.45
31.44
31.29
31.4
31.22
31.22
31.18
31.1
31.13
31.15
31.15
31.13
31.1
31.01
31.04
31.13
31.06
31.14
31.14
31.14
31.08
31.14
31.19
31.2
31.2
31.09
31.24
31.15
31.04
31.04
31.04
31.04
31.04
31.05
31.05
31.11
31.06
31.08
31.08
31.08
31.17
31.08
31.08
31.12
31.11
31.11
31.11
31.11
31.11
31.08
31.08
31.13
31.18
31.17
31.18
31.18
31.18
31.16
31.14
31.14
31.06
31.17
30.99
30.96
31
31
31
31.04
31.01
30.99
30.98
30.97
30.92
30.92
30.86
31.71
31.71
31.7
31.71
31.7
31.63
31.67
31.54
31.43
31.38
31.26
31.19
31.79
31.2
31.25
31.25
31.18
31.19
31.19
31.22
31.24
31.21
31.21
31.65
31.86
32.07
32.14
32.14
32.1
32.15
32.02
32.14
32.08
32.06
32.13
32.16
32.1
32.1
31.98
32.15
32.15
31.99
32.01
31.77
31.57
31.67
31.58
31.58
31.58
31.5
31.39
31.33
31.33
31.33
31.43
31.35
31.39
31.38
31.43
31.43
31.35
31.35
31.44
31.45
31.45
31.45
31.45
31.55
31.55
31.42
31.36
31.5
31.49
31.38
31.4
31.4
31.61
31.58
31.63
31.58
31.56
31.56
31.61
31.61
31.62
31.61
31.59
31.59
31.58
31.66
31.62
31.62
31.64
31.64
31.68
31.68
31.68
31.69
31.67
31.64
31.67
31.71
31.71
31.65
31.71
31.71
31.51
31.51
31.56
31.45
31.53
31.5
31.54
31.49
31.57
31.53
31.53
31.53
31.67
31.63
31.64
31.64
31.61
31.64
31.67
31.67
31.66
31.66
31.57
31.6
31.6
31.6
31.6
31.6
31.54
31.52
31.54
31.53
31.53
31.51
31.51
31.54
31.54
31.47
31.47
31.46
31.46
31.46
31.46
31.47
31.43
31.49
31.49
31.36
31.36
31.37
31.37
31.4
31.5
31.51
31.42
31.42
31.42
31.42
31.53
31.53
31.53
31.66
31.43
31.68
31.68
31.74
31.74
31.69
31.69
31.73
31.73
31.73
31.73
31.71
31.65
31.57
31.57
31.57
31.57
31.66
31.71
31.59
31.59
31.59
31.59
31.59
31.59
31.67
31.66
31.68
31.68
31.71
31.71
31.66
31.74
31.63
31.73
31.71
31.71
31.71
31.73
31.69
31.72
31.72
31.72
31.68
31.68
31.68
31.68
31.68
31.68
31.7
31.7
31.69
31.57
31.53
31.53
31.46
31.48
31.48
31.48
31.83
31.8
31.8
31.84
31.87
31.8
31.75
31.76
31.84
31.72
31.68
31.63
31.61
31.61
31.62
31.62
31.62
31.62
31.69
31.69
31.59
31.59
31.6
31.6
31.6
31.56
31.56
31.63
31.63
31.63
31.58
31.63
31.68
31.71
31.71
31.71
31.78
31.78
31.73
31.68
31.68
31.63
31.63
31.63
31.82
31.71
31.71
31.69
31.67
31.75
31.67
31.63
31.63
31.74
31.69
31.82
31.82
31.92
31.92
31.83
31.77
31.77
31.77
31.9
31.75
31.98
31.98
32.03
32.03
32.08
32
32
32.01
31.86
31.92
31.92
31.91
32
32.02
32
31.99
31.97
31.89
31.9
32.03
32.02
32.03
32.01
31.96
31.91
31.92
31.91
31.92
31.96
31.97
31.99
32.01
33.02
33.06
32.84
32.66
32.66
32.66
32.65
32.61
32.6
32.37
32.02
32.32
32.32
32.35
32.45
32.5
32.68
32.68
32.68
32.68
32.68
32.68
32.58
32.56
32.55
32.5
32.5
32.56
32.56
32.66
32.66
33.51
33.28
33.31
33.53
33.73
33.62
33.57
33.1
33.53
33.47
33.49
33.52
33.46
33.46
33.53
33.53
33.42
33.42
33.49
33.45
33.46
33.5
33.43
33.44
33.44
33.44
33.5
33.5
33.5
33.42
33.33
33.33
33.33
33.27
33.13
33.1
33.21
33.13
33.11
33.21
33.21
33.17
33.11
33.19
33.06
33.06
33.3
33.3
33.3
33.22
33.21
33.21
33.31
33.3
33.06
33.32
32.87
32.87
33.29
33.02
32.96
32.96
33.18
33.21
33.21
33.24
33.28
33.31
33.36
33.33
33.25
33.25
33.18
33.09
33.07
33.03
33.04
33.04
32.94
32.96
32.94
32.95
32.95
32.95
32.95
33.01
33.17
33.17
33.17
33.17
33.1
33.09
33.11
33.11
33.22
33.22
33.22
33.35
33.28
33.28
33.28
33.31
33.31
33.32
33.32
33.32
33.32
33.29
33.29
33.35
33.35
33.36
33.36
33.42
33.37
33.38
33.34
33.26
33.26
33.24
33.22
33.23
33.22
33.16
33.23
33.23
33.23
33.19
33.26
33.2
33.2
33.2
33.2
33.32
33.38
33.38
33.55
33.53
33.57
33.6
33.6
33.72
33.61
33.61
33.61
33.51
33.56
33.6
33.64
33.64
33.51
33.49
33.48
33.37
33.38
33.39
33.54
33.54
33.47
33.51
33.51
33.46
33.46
33.51
33.51
33.44
33.36
33.36
33.36
33.28
33.28
33.23
33.34
33.2
33.23
33.3
33.22
33.22
33.1
33.1
33.14
33.14
33.15
33.15
33.17
33.17
33.27
33.27
33.15
33.17
33.17
33.27
33.23
33.28
33.28
33.24
33.19
33.22
33.22
33.14
33.14
33.14
33.14
33.17
33.24
33.24
33.23
33.22
33.22
33.28
33.3
33.3
33.28
33.28
33.28
33.33
33.32
33.3
33.16
33.23
33.29
33.32
33.19
33.19
33.19
33.28
33.19
33.22
33.22
33.12
33.1
33.1
33.1
33.1
32.99
33.12
33.14
33
33.15
33
33
33.01
32.99
32.99
32.95
32.95
32.95
32.92
32.92
32.92
32.95
32.95
32.94
32.94
32.94
32.94
32.97
32.97
33.01
32.97
32.97
32.98
32.99
32.97
33.09
33.09
33.19
33.19
33.28
33.16
33.24
33.12
33.19
33.15
33.22
33.41
33.56
33.52
33.59
33.44
33.55
33.56
33.59
33.57
33.57
33.64
33.64
33.63
33.58
33.49
33.15
33.15
33.5
33.27
33.46
33.27
33.38
33.27
33.27
33.27
33.25
33.33
33.35
33.25
33.27
33.36
33.3
33.25
33.31
33.32
33.32
33.23
33.24
33.2
33.21
33.26
33.16
33.17
33.21
33.19
33.2
33.15
33.21
33.19
33.19
33.28
33.28
33.25
33.26
33.24
33.21
33.21
33.21
33.21
33.21
33.18
33.2
33.25
33.17
33.16
33.16
33.16
33.21
33.2
33.24
33.23
33.23
33.23
33.24
33.12
33.12
33.17
33.21
33.18
33.1
33.19
33.23
33.23
33.19
33.13
33.15
33.15
33.15
33.15
33.14
33.14
33.13
33.13
33.13
33.08
33.08
33.08
33.08
33.08
33.11
33.23
33.19
33.19
33.18
33.11
33.11
33.11
33.25
33.18
33.15
33.1
33.2
33.19
33.11
33.17
33.09
33.09
33.05
33.05
33.07
33.1
33.1
33.05
33.02
33.02
33.04
33.07
33.07
33.07
33.07
33.04
33.04
33.04
33.04
33.04
32.99
32.99
32.99
33.08
33.08
33.08
33.01
33.01
33.05
33.04
33.04
33.04
33.11
33.11
33.08
33.08
33.13
33.18
33.17
33.17
33.17
33.2
33.12
33.07
33.2
32.97
32.97
32.97
33.17
33.17
33.03
33.02
33.02
32.98
33.1
33.1
33.1
33.11
33.12
33.14
33.15
33.09
33.09
33.11
33.11
33.11
33.07
33.09
33.09
33.09
33.06
33.06
33.06
33.1
33.1
33.06
33.06
33.08
33.11
33.11
33.08
33.08
33.15
33.15
33.2
33.12
33.09
33.09
33.09
33.12
33.15
33.15
33.13
33.12
33.12
33.2
33.18
33.18
33.18
33.2
33.15
33.14
33.14
33.15
33.14
33.14
33.17
33.2
33.2
33.2
33.2
33.16
33.19
33.18
33.19
33.2
33.18
33.18
33.18
33.21
33.23
33.23
33.17
33.18
33.2
33.19
33.2
33.2
33.23
33.23
33.16
33.21
33.21
33.21
33.21
33.23
33.17
33.22
33.22
33.22
33.17
33.17
33.23
33.2
33.18
33.19
33.17
33.15
33.18
33.18
33.2
33.2
33.22
33.21
33.21
33.15
33.15
33.15
33.15
33.2
33.2
33.2
33.2
33.2
33.2
33.2
33.18
33.18
33.13
33.16
33.16
33.17
33.12
33.12
33.12
33.06
33.08
33.16
33.16
33.09
33.04
33.05
33.1
33.16
33.16
33.16
33.09
33.1
33.05
33.05
33.15
33.15
33.15
33.07
33.07
33.09
33.09
33.13
33.12
33.13
33.16
33.13
33.13
33.13
33.16
33.2
33.15
33.17
33.14
33.17
33.15
33.1
33.12
33.12
33.1
33.06
33.1
33.08
33.02
33.1
33.06
33.06
33
33.05
33.09
33.15
33.1
33.07
