38.1
37.95
37.91
38
37.95
37.91
37.9
37.85
37.89
37.77
37.83
37.86
37.88
37.93
37.87
37.83
37.85
37.64
37.63
37.67
37.84
37.79
37.75
37.86
37.81
37.91
37.92
38.09
37.98
38.01
38.04
38.09
37.81
37.87
37.85
37.94
37.96
37.95
37.9
37.86
37.88
37.89
37.93
37.95
37.9
37.94
37.82
37.76
37.68
37.64
37.65
37.7
37.54
37.55
37.49
37.56
37.57
37.65
37.66
37.73
37.53
37.83
37.83
37.83
37.84
37.8
37.71
37.7
37.76
37.71
37.69
37.66
37.68
37.64
37.73
37.54
37.6
37.68
37.62
37.68
37.63
37.57
37.54
37.56
37.59
37.51
37.59
37.52
37.51
37.54
37.53
37.58
37.51
37.46
37.42
37.42
37.42
37.45
37.51
37.61
37.68
37.51
37.53
37.57
37.54
37.58
37.44
37.45
37.42
37.46
37.47
37.49
37.56
37.55
37.6
37.57
37.53
37.5
37.55
37.4
37.37
37.24
37.24
37.22
37.4
37.4
37.3
37.39
37.36
37.48
37.59
37.73
37.71
37.63
37.64
37.64
37.58
37.57
37.75
37.75
37.76
37.64
37.66
37.6
37.6
37.59
37.52
37.61
37.51
37.56
37.51
37.62
37.55
37.51
37.56
37.62
37.52
37.54
37.42
37.44
37.52
37.5
37.65
37.61
37.58
37.53
37.56
37.49
37.5
37.58
37.57
37.6
37.52
37.54
37.52
37.48
37.48
37.46
37.49
37.51
37.53
37.48
37.49
37.55
37.42
37.43
37.47
37.53
37.52
37.45
37.44
37.45
37.44
37.42
37.39
37.41
37.36
37.36
37.3
37.28
37.31
37.28
37.3
37.32
37.35
37.3
37.28
37.29
37.26
37.27
37.3
37.3
37.26
37.25
37.24
37.17
37.17
37.15
37.1
37.07
37.17
37.12
37.11
37.12
37.21
37.16
37.16
37.12
37.08
36.98
36.92
36.95
36.95
36.92
36.92
36.98
37.02
37.06
36.99
37.01
37.07
36.91
37.02
37
36.97
36.92
36.89
36.82
36.83
36.83
36.87
36.88
36.85
36.87
36.93
36.88
36.83
36.92
36.89
36.87
36.76
36.82
36.8
36.78
36.78
36.88
36.98
36.76
36.79
37.1
37.18
37.13
36.87
36.92
36.93
37.05
36.98
36.97
37.1
37.14
37.14
37.15
37.16
37.23
37.19
37.2
37.11
37.11
37.17
37.21
37.1
37.16
37.17
37.18
37.16
37.17
37.19
37.16
37.11
37.19
37.15
37.15
37.14
37.11
37.11
37.15
37.17
37.17
37.13
37.15
37.14
37.15
37.13
37.13
37.12
37.15
37
36.99
36.96
36.95
36.97
36.95
36.88
36.92
36.94
36.93
36.83
36.82
36.83
36.8
36.81
36.78
36.95
36.85
36.92
36.96
36.95
36.94
36.9
36.91
36.93
36.93
36.96
36.93
36.99
36.99
36.98
37.04
37.01
37
36.98
36.99
36.96
36.93
36.99
36.88
36.48
36.23
36.32
36.24
36.38
36.2
36.31
36.25
36.26
36.37
36.28
36.34
36.36
36.44
36.67
36.64
36.46
36.58
36.59
36.59
36.67
36.38
36.36
36.4
36.53
36.43
36.4
36.31
36.31
36.28
36.25
36.21
36.21
36.16
36.11
36.05
35.82
36.02
36.06
36.03
36.21
35.78
36.04
36.08
36.06
36.15
36.1
36.09
36.08
36.11
36.15
36.2
36.18
36.14
36.11
36.1
36.06
36.08
36.17
36.14
36.19
36.14
36.13
36.1
36.18
36.06
36.07
36.11
36.18
36.18
36.13
36.06
36.19
36.13
36.15
36.24
36.26
36.24
36.25
36.22
36.27
36.28
36.23
36.29
36.22
36.29
36.24
36.28
36.28
36.24
36.25
36.23
36.21
36.25
36.25
36.28
36.3
36.39
36.39
36.42
36.37
36.23
36.39
36.4
36.39
36.43
36.45
36.42
36.49
36.52
36.52
36.49
36.48
36.39
36.48
36.47
36.46
36.42
36.48
36.46
36.56
36.56
36.56
36.5
36.46
36.4
36.43
36.45
36.43
36.36
36.37
36.37
36.46
36.34
36.39
36.39
36.26
36.25
36.35
36.32
36.26
36.27
36.23
36.22
36.2
36.19
36.17
36.16
36.36
36.18
36.19
36.2
36.16
36.21
36.16
36.2
36.2
36.2
36.17
36.17
36.19
36.12
36.12
36.14
36.14
36.15
36.12
36.17
36.16
36.13
36.13
36.08
36.06
36.07
35.99
36.01
36.03
36.07
36.06
36.05
35.92
35.95
35.93
35.99
36
35.99
35.95
35.93
35.97
35.97
35.95
35.95
35.91
35.89
35.88
35.9
35.97
35.95
35.99
35.96
35.99
35.99
35.99
35.93
35.99
35.92
35.91
35.85
35.86
35.8
35.83
35.9
35.86
35.86
35.88
35.87
35.81
35.78
35.8
35.78
35.78
35.75
35.7
35.62
35.66
35.69
35.62
35.58
35.68
35.61
35.62
35.66
35.68
35.73
35.75
35.68
35.69
35.7
35.73
35.71
35.68
35.69
35.7
35.7
35.69
35.68
35.68
35.65
35.68
35.67
35.67
35.68
35.67
35.69
35.67
35.68
35.66
35.61
35.57
35.59
35.56
35.6
35.7
35.6
35.59
35.64
35.57
35.57
35.57
35.6
35.51
35.49
35.45
35.44
35.45
35.51
35.51
35.54
35.55
35.55
35.57
35.56
35.58
35.45
35.6
35.59
35.54
35.54
35.5
35.55
35.48
35.44
35.48
35.52
35.46
35.47
35.47
35.5
35.47
35.46
35.45
35.43
35.45
35.43
35.38
35.48
35.37
35.35
35.31
35.46
35.45
35.35
35.38
35.36
35.33
35.31
35.25
35.26
35.25
35.19
35.17
35.16
35.13
35.19
35.25
35.14
35.19
35.24
35.19
35.17
35.17
35.17
35.18
35.13
35.14
35.45
35.36
35.37
35.35
35.41
35.46
35.46
35.32
35.64
35.87
35.81
35.73
35.8
35.86
35.7
35.7
35.73
35.77
35.79
35.71
35.71
35.65
35.65
35.76
35.76
35.72
35.82
35.84
35.81
35.8
35.7
35.72
35.63
35.6
35.62
35.65
35.63
35.63
35.67
35.73
35.75
35.76
35.72
35.67
35.68
35.69
35.72
35.71
35.71
35.61
35.57
35.57
35.68
35.52
35.49
35.46
35.49
35.63
35.53
35.55
35.54
35.56
35.61
35.53
35.54
35.63
35.67
35.8
35.72
35.64
35.71
35.7
35.75
35.71
35.71
35.71
35.7
35.71
35.73
35.74
35.7
35.67
35.7
35.66
35.66
35.65
35.6
35.6
35.61
35.64
35.61
35.64
35.6
35.76
35.75
35.74
35.73
35.69
35.71
35.69
35.69
35.68
35.7
35.6
35.59
35.64
35.62
35.62
35.68
35.69
35.64
35.62
35.62
35.64
35.66
35.7
35.72
35.7
35.59
35.69
35.7
35.7
35.69
35.7
35.7
35.68
35.7
35.7
35.71
35.62
35.7
35.65
35.63
35.69
35.62
35.65
35.61
35.63
35.66
35.66
35.67
35.69
35.59
35.58
35.56
35.54
35.52
35.55
35.54
35.57
35.57
35.57
35.51
35.47
35.46
35.51
35.45
35.46
35.44
35.46
35.43
35.49
35.45
35.45
35.46
35.42
35.44
35.42
35.44
35.42
35.42
35.41
35.45
35.46
35.45
35.41
35.45
35.36
35.44
35.45
35.38
35.38
35.41
35.4
35.38
35.36
35.38
35.35
35.37
35.36
35.33
35.35
35.35
35.34
35.35
35.35
35.35
35.36
35.35
35.34
35.35
35.31
35.34
35.33
35.31
35.35
35.35
35.31
35.3
35.28
35.27
35.23
35.26
35.25
35.22
35.23
35.23
35.23
35.22
35.21
35.16
35.17
35.18
35.11
35.15
35.14
35.18
35.36
35.34
35.32
35.37
35.34
35.33
35.36
35.33
35.31
35.3
35.26
35.29
35.34
35.35
35.38
35.42
35.42
35.35
35.34
35.34
35.36
35.36
35.35
35.37
35.34
35.36
35.37
35.33
35.3
35.27
35.29
35.29
35.3
35.3
35.29
35.29
35.31
35.25
35.29
35.26
35.23
35.2
35.18
35.15
35.19
35.19
35.15
35.21
35.18
35.23
35.22
35.19
35.29
35.3
35.32
35.28
35.3
35.17
35.29
35.3
35.29
35.29
35.28
35.3
35.37
35.44
35.44
35.46
35.45
35.47
35.47
35.42
35.43
35.43
35.39
35.39
35.47
35.49
35.58
35.59
35.59
35.59
35.59
35.6
35.62
35.63
35.62
35.6
35.59
35.56
35.58
35.51
35.5
35.51
35.54
35.56
35.56
36.16
36.18
36.21
36.21
36.2
36.2
36.22
36.18
36.12
36.23
36.25
36.23
36.24
36.2
36.22
36.34
36.46
36.49
36.49
36.45
36.42
36.45
36.55
36.79
36.66
36.68
36.68
36.71
36.41
36.73
36.73
36.71
36.7
36.69
36.75
36.71
36.76
36.77
36.76
36.74
36.69
36.62
36.62
36.61
36.68
36.6
36.61
36.6
36.6
36.64
36.65
36.74
36.67
36.69
36.72
36.72
36.6
36.64
36.64
36.61
36.6
36.65
36.65
36.68
36.69
36.72
36.69
36.66
36.63
36.68
36.67
36.7
36.73
36.71
36.74
36.74
36.71
36.71
36.71
36.71
36.71
36.73
36.73
36.73
36.71
36.7
36.7
36.73
36.73
36.72
36.74
36.74
36.74
36.85
36.86
36.86
36.85
36.94
36.86
36.87
36.91
36.91
36.91
36.97
36.9
36.94
36.89
36.85
36.87
36.87
36.84
36.84
36.88
36.89
36.9
36.9
36.91
36.83
36.86
36.86
36.86
36.89
36.87
36.92
36.89
36.93
36.97
36.97
36.98
37.06
37.05
37.04
37.02
37.02
37
37.01
37
36.99
37.02
37.01
37.04
37.04
37.04
37.02
37.03
37
37.06
36.99
37.15
37.17
37.09
37.09
37.11
37.07
37.08
37.08
37.12
37.07
37.08
37.07
37.04
37
37.01
37.01
37.07
37.07
37.07
37.14
37.18
37.13
37.21
37.22
37.23
37.15
37.15
37.15
37.15
37.2
37.23
37.24
37.22
37.23
37.22
37.24
37.24
37.24
37.22
37.2
37.24
37.24
37.2
37.21
37.23
37.21
37.18
37.16
37.08
37.07
37.05
37.03
37.11
36.95
37.07
36.94
36.95
36.95
36.95
36.93
36.93
36.95
36.99
36.96
36.96
36.98
36.99
37.02
37.02
37
36.99
37.04
36.99
37.06
37.12
37.23
37.25
37.22
37.17
37.14
37.12
37.12
36.98
36.98
37.12
37.09
36.92
36.94
36.91
37
36.95
37
36.96
36.96
36.93
36.92
36.94
36.94
36.95
36.85
36.93
36.89
36.88
36.88
36.85
36.85
36.87
36.85
36.91
36.85
36.85
36.83
36.83
36.8
36.81
36.77
36.72
36.7
36.66
36.69
36.67
36.83
36.67
36.8
36.65
36.67
36.65
36.66
36.64
36.63
36.68
36.78
36.78
36.68
36.68
36.65
36.62
36.62
36.65
36.67
36.64
36.67
36.63
36.67
36.68
36.68
36.67
36.66
36.64
36.6
36.6
36.66
36.65
36.67
36.68
36.66
36.66
36.65
36.69
36.67
36.67
36.75
36.91
37.13
37.02
36.97
37.01
36.96
37.12
37.05
37.04
37.1
36.96
36.96
37.04
37.01
37.03
37.03
37.09
37.1
37.06
37.09
37.09
37.21
37.37
37.32
37.27
37.35
37.24
37.18
37.13
37.16
37.16
37.18
37.15
37.21
37.13
37.14
37.13
37.15
37.19
37.2
37.06
37.04
37.03
37.05
37.04
37.01
37.01
37.05
37.02
37.06
37.15
37.2
37.22
37.24
37.26
37.26
37.25
37.28
37.35
37.36
37.41
37.34
37.34
37.34
37.34
37.37
37.38
37.33
37.4
37.29
37.25
37.27
37.26
37.3
37.31
37.31
37.29
37.34
37.38
37.29
37.45
37.39
37.44
37.42
37.41
37.32
37.41
37.38
37.35
37.39
37.37
37.35
37.33
37.34
37.36
37.37
37.39
37.4
37.4
37.25
37.2
37.17
37.17
37.11
37.14
37.17
37.1
37.07
37.01
37.03
37.03
37.01
37.02
36.97
36.97
36.94
36.99
36.93
36.88
36.9
36.85
36.89
36.88
36.96
36.96
36.98
36.96
36.88
36.89
36.9
36.92
36.81
36.81
36.85
36.83
36.85
36.83
36.83
36.89
36.93
36.97
36.98
36.93
36.97
36.89
36.99
36.99
36.99
36.98
37
37
37.03
37.12
37.01
37.08
37.1
37.13
37.07
37.08
37.13
37.11
37.1
37.12
37.05
37.03
37.02
36.96
36.99
36.92
36.96
36.93
36.93
37
36.92
36.93
36.94
36.94
36.96
36.97
36.95
36.93
36.91
36.83
36.8
36.8
36.8
36.73
36.71
36.81
36.75
36.76
36.78
36.76
36.78
36.78
36.78
36.76
36.75
36.77
36.76
36.7
36.65
36.66
36.69
36.72
36.7
36.85
36.82
36.66
36.75
36.76
36.75
36.78
36.84
36.83
36.86
36.89
36.88
36.86
36.87
36.88
36.87
36.85
36.86
36.88
36.85
36.88
36.9
36.88
36.89
36.89
36.89
36.87
36.88
36.92
36.9
36.87
36.91
36.87
36.85
36.85
36.86
36.88
36.87
36.89
36.89
36.91
36.9
36.9
36.94
36.95
36.93
36.94
36.96
36.92
36.9
36.86
36.86
36.87
36.83
36.83
36.83
36.87
36.87
36.86
36.86
36.85
36.85
36.85
36.88
36.87
36.86
36.83
36.81
36.82
36.82
36.84
36.84
36.81
36.82
36.77
36.77
36.78
36.8
36.8
36.76
36.76
36.76
36.79
36.8
36.78
36.73
36.73
36.74
36.77
36.77
36.78
36.78
36.73
36.83
36.73
36.81
36.83
36.83
36.8
36.77
36.83
36.78
36.81
36.84
36.85
36.82
36.81
36.8
36.82
36.81
36.83
36.84
36.83
36.85
36.85
36.85
36.84
36.84
36.88
36.88
36.87
36.85
36.95
36.96
37.01
37
36.98
36.96
36.99
37.08
37.09
37.12
37.1
