102.44
102.5
102.41
102.54
102.36
102.36
102.49
102.17
102.05
101.97
102.01
102.08
102.19
102.2
102.3
102.18
102.03
102.01
102.01
102
102.2
102.15
102.16
102.22
102.19
102.23
102.28
102.3
102.39
102.36
102.36
102.33
102.22
102.14
102.25
102.17
102.19
102.17
102.11
102.05
102.06
102.01
102.04
101.78
101.83
101.86
101.75
101.75
101.71
101.58
101.58
101.6
101.54
101.45
101.33
101.4
101.38
101.46
101.32
101.43
101.35
101.33
101.39
101.39
101.41
101.44
101.64
101.58
101.56
101.38
101.35
101.36
101.31
101.32
101.38
101.31
101.37
101.36
101.18
101.3
101.21
101.19
101.41
101.23
101.22
101.13
101.37
101.03
101.16
101.19
101.28
101.24
101.23
101.22
101.26
101.31
101.35
101.3
101.25
101.23
101.21
101.1
101.11
101.06
100.89
100.78
100.39
100.53
100.75
100.68
100.72
100.98
100.86
100.68
100.7
100.76
100.89
100.84
100.75
100.7
100.73
100.69
100.7
100.69
100.75
100.69
100.73
100.71
100.57
100.63
100.68
100.67
100.66
100.71
100.49
100.54
100.7
100.7
100.52
100.61
100.57
100.64
100.81
100.76
100.73
100.65
100.6
100.86
100.7
100.61
100.5
100.59
100.73
100.64
100.7
100.63
100.74
100.55
100.79
100.75
100.69
100.62
100.69
100.65
100.54
100.51
100.63
100.52
100.55
100.63
100.58
100.68
100.64
100.64
100.63
100.58
100.54
100.39
100.34
100.46
100.39
100.31
100.36
100.4
100.39
100.44
100.47
100.53
100.45
100.45
100.4
100.4
100.4
100.4
100.43
100.42
100.4
100.45
100.35
100.32
100.39
100.31
100.4
100.35
100.32
100.14
100.14
100.22
100.15
100.08
100.23
100.28
100.33
100.19
100.11
100.15
100.25
100.26
100.27
100.11
100.05
100.09
100.18
100.2
100.19
100.2
100.21
100.12
100.15
100.44
100.53
100.46
100.43
100.49
100.42
100.29
100.48
100.5
100.32
100.74
100.8
100.72
100.82
100.81
100.75
100.8
100.97
101.01
100.95
100.98
100.86
100.78
100.68
100.81
100.53
100.5
100.57
100.57
100.71
100.76
100.8
100.83
100.66
100.68
100.68
100.66
100.64
100.57
100.76
100.88
101.12
101.12
101.13
101.13
101.13
101.05
101.1
101.1
101.12
101
101.06
101.06
101.22
101.43
101.28
101.2
101.05
101
101.01
101.15
101.09
101.01
101.08
101.12
101
101.15
101.21
101.42
101.67
101.99
102.03
102.05
102.25
102.2
102.24
102.09
102.11
101.83
101.84
101.68
101.59
101.41
101.57
101.62
101.5
101.59
101.58
101.64
101.66
101.56
101.91
101.89
102.18
102.13
102.2
102.15
102.1
102.04
102.01
102.2
102.11
102.09
102.05
102.18
102.18
102.07
102.12
102.06
102.09
102.04
102.05
102.07
102.08
102
101.95
102.06
102.02
102.02
102.05
102.09
102.1
101.83
101.58
101.55
101.5
101.51
101.62
101.6
101.57
101.24
101.31
101.47
101.07
101.01
101.02
101
101
100.85
101.05
101.03
101.11
101.1
101.07
101.09
101.02
101.04
101.01
100.88
100.78
100.95
100.8
100.94
100.96
100.71
100.74
100.72
100.68
100.76
100.79
100.8
100.71
100.71
100.53
100.29
100.33
100.22
100.65
100.65
100.49
100.4
100.3
100.41
100.65
100.71
100.67
100.65
100.6
100.51
100.51
100.65
100.43
100.63
100.54
100.35
100.65
100.54
100.58
100.6
100.6
100.66
100.85
100.82
100.73
100.73
100.69
100.68
100.71
100.67
100.63
100.88
100.38
100.45
100.68
100.67
100.6
100.69
100.73
100.73
100.71
100.75
100.74
100.83
101.05
101.02
101.42
101.43
101.34
101.39
101.43
101.37
101.35
101.6
101.38
101.34
101.27
101.29
101.35
101.33
101.38
101.55
101.49
101.17
101.42
101.32
101.27
101.1
101.12
101.1
101
100.99
101.07
101.11
100.97
101.12
101
100.95
101.06
100.91
100.76
100.76
100.8
100.7
100.86
100.87
100.81
100.77
100.9
100.94
100.97
100.9
100.88
100.68
100.9
100.82
100.87
100.94
101.02
101.1
101.12
100.78
101.17
101.21
101.35
101.35
101.26
101.15
101.36
101.21
101.25
101.2
101.35
101.21
101.35
101.45
101.47
101.37
101.3
101.65
101.69
101.7
101.53
101.76
101.84
101.84
101.73
101.79
101.39
101.93
101.37
101.36
101.36
101.3
101.4
101.48
101.39
101.74
101.73
101.75
101.9
101.69
101.71
101.84
101.95
102.15
101.99
101.97
101.82
102.03
102.06
102.15
102.17
102.12
102.34
102.39
102.63
102.7
102.66
102.19
102.64
102.74
102.88
102.82
102.9
102.66
102.78
102.69
102.72
102.93
103.05
102.91
102.89
102.7
103
102.85
102.96
103.1
103
103.18
103.25
103.4
103.27
103.4
103.47
103.08
103.32
103.39
103.51
103.3
103.26
103.49
103.49
103.47
103.56
103.57
103.39
103.52
103.51
103.46
103.24
103.45
103.38
103.37
103.51
103.58
103.65
103.68
103.78
103.76
103.73
103.65
103.41
103.52
103.53
104.36
104.39
104.27
103.75
103.79
103.79
104.12
104.01
103.87
103.88
103.76
103.76
103.76
103.76
103.96
103.96
103.96
104.08
103.9
103.78
103.75
103.6
103.55
103.55
103.55
102.8
102.8
102.6
102.85
102.85
102.9
103.04
103.14
103.38
103.16
103.07
103.07
103.07
103.07
103.31
103.03
103.03
103.07
103.09
102.85
102.64
102.59
102.59
102.8
102.83
102.91
102.91
102.85
102.53
102.48
102.64
102.75
102.75
102.96
102.94
102.98
102.97
102.94
102.85
102.98
102.91
102.8
102.8
102.63
102.78
102.55
102.43
102.56
102.56
102.57
102.49
102.4
102.47
102.41
102.41
102.43
102.55
102.55
102.55
102.49
102.5
102.51
102.56
102.55
102.46
102.55
102.4
102.53
102.75
102.78
102.84
102.85
102.81
102.82
102.69
102.72
102.73
102.74
102.74
102.4
102.73
102.74
102.79
102.9
102.92
102.84
102.89
102.93
102.94
102.84
102.9
103.07
103.3
103.3
103.34
103.37
103.35
103.27
103.37
103.33
103.29
103.18
103.12
103.35
103.45
103.35
103.54
103.5
103.56
103.66
103.66
103.6
103.64
103.59
103.39
103.62
103.71
102.89
102.92
102.92
102.93
102.85
102.94
102.99
102.85
102.96
102.85
102.89
102.88
102.85
102.88
102.83
102.83
102.86
102.9
102.84
102.86
102.78
102.81
103.04
102.88
102.92
102.97
102.85
102.95
102.8
102.85
102.81
102.87
102.88
102.6
102.76
102.68
102.78
102.67
102.71
102.68
102.75
102.78
102.81
102.74
102.65
102.54
102.6
102.63
102.63
102.75
102.66
102.68
102.62
102.75
102.81
102.69
102.72
102.58
102.72
102.7
102.66
102.75
102.77
102.75
102.86
102.6
102.95
103.1
103.02
102.97
102.93
102.9
102.87
102.9
102.85
102.83
102.73
102.62
102.63
102.79
102.82
102.68
102.56
102.52
102.45
102.41
102.4
102.32
102.33
102.35
102.44
102.47
102.42
102.39
102.4
102.51
102.53
102.48
102.49
102.38
102.36
102.29
102.28
102.18
102.19
102.2
102.3
102.3
102.3
102.23
102.2
102.24
102.17
102.23
102.1
102.04
102.14
102.17
102.18
102.19
102.16
102.14
102.18
102.12
102.16
102.17
102.25
102.3
102.24
102.18
102.26
102.26
102.15
102.27
102.23
102.2
102.18
102.15
102.15
102.14
102.08
103.65
103.95
104.09
103.68
104.1
104.21
104.21
103.93
104.3
104.08
104.02
103.94
103.9
104.29
104.27
103.85
103.86
104.01
103.98
104.17
104.31
104.39
104.32
104.47
104.33
104.24
104.2
104.18
104.28
103.96
104.07
104.14
104.17
104.16
104.26
104.34
104.21
104.17
104.18
104.23
104.1
104.03
103.96
103.98
104.02
104.04
104.08
104.04
103.99
104.05
104.11
104.03
104.1
104.16
104.02
104.03
104.01
104
104.03
103.99
104.2
104.24
104.02
104.11
104.32
104.34
104.44
104.36
104.36
104.35
104.38
104.39
104.34
104.35
104.33
104.34
104.36
104.44
104.34
104.44
104.36
104.45
104.5
104.5
104.54
104.44
104.37
104.51
104.42
104.4
104.35
104.44
104.42
104.43
104.38
104.35
104.41
104.38
104.25
104.2
104.21
104.11
104.11
104.14
104.06
104.08
104.11
104.07
104.14
104.12
104.14
104.15
104.15
104.09
104.14
104.18
104.23
104.22
104.21
104.28
104.26
104.22
104.2
104.22
104.21
104.26
104.33
104.36
104.33
104.46
104.53
104.52
104.38
104.23
104.28
104.32
104.2
104.32
104.21
104.33
104.25
104.32
104.38
104.4
104.41
104.39
104.41
104.39
104.46
104.48
104.51
104.53
104.47
104.51
104.42
104.43
104.44
104.44
104.44
104.49
104.46
104.5
104.51
104.5
104.53
104.49
104.42
104.45
104.48
104.56
104.51
104.51
104.57
104.61
104.73
104.74
104.86
104.87
104.88
104.88
104.87
104.9
104.88
104.88
104.91
104.94
104.98
104.9
105.17
105.15
105.18
104.91
105.2
105.25
105.31
105.18
105.27
105.11
105.16
105.08
105.12
105.11
105.15
105.19
105.17
105.25
105.16
105.24
105.27
105.29
105.29
105.26
105.23
105.24
105.2
105.14
105.13
105.12
105.11
105.07
105.13
105.11
105.08
105.08
104.99
104.9
104.87
104.8
104.79
104.99
104.65
104.75
104.75
104.87
104.81
104.81
104.86
104.84
104.82
104.83
104.82
104.85
104.81
104.82
104.83
104.8
104.81
104.86
104.77
104.78
104.85
104.86
104.95
105
104.97
104.99
105.01
105.04
105.03
105
105.08
105.1
105.06
105.1
105.04
105.02
105
105.02
105.05
105.1
105.08
105.1
105.08
105.13
105.1
105.05
105.04
105.05
105.11
105
105.03
105.03
105.06
105.06
105.07
105.05
105.07
105.07
105.03
105.07
104.97
104.98
104.98
104.95
105.02
105.01
104.86
104.9
104.95
104.94
104.9
104.91
104.92
104.96
104.9
104.92
104.96
104.99
105
104.93
104.97
104.91
105
105.01
104.98
104.99
104.97
104.98
104.94
104.88
104.86
104.99
104.98
104.71
104.97
104.75
104.79
104.76
104.72
104.56
104.55
104.66
104.74
104.67
104.72
104.76
104.79
104.81
104.83
104.9
104.98
104.42
104.37
104.44
104.4
104.58
104.72
104.72
104.49
104.47
104.12
104.11
103.92
103.96
104.18
104.11
103.9
103.92
103.9
104
103.93
104.04
104
104.07
103.91
103.88
104.03
103.99
103.91
103.92
103.96
104.1
103.97
103.94
104.04
104.08
104.14
104.03
104.17
104.11
104.07
104.11
104.15
104.06
104.05
104.06
104.15
104.13
104.12
104.14
104.1
103.88
103.88
103.75
103.79
103.9
104.04
104.01
104
103.94
104
103.85
103.94
104.03
104.07
103.96
104.09
104.16
104.14
104.28
104.21
104.25
104.43
104.24
104.39
104.11
104.21
104.34
104.12
104
103.97
104.09
104.04
104.06
104.19
104.05
104.17
104.1
104.01
104.01
104.17
103.91
103.97
104
104.02
104.1
104
104.04
103.95
103.97
103.99
104.04
104.15
104.04
103.99
103.95
103.91
104.12
104.06
104.06
104.22
104.14
104.33
104.18
104.2
104.16
104.24
104.21
104.21
104.15
104.12
104.13
104.16
104.17
104.21
104.21
104.27
104.31
104.34
104.36
104.32
104.25
104.35
104.32
104.23
104.4
104.25
104.42
104.36
104.32
104.32
104.27
104.31
104.27
104.24
104.34
104.31
104.41
104.42
104.37
104.4
104.31
104.27
104.27
104.28
104.32
104.37
104.26
104.3
104.3
104.29
104.22
104.21
104.13
104.2
104.24
104.24
104.27
104.24
104.25
104.36
104.36
104.34
104.26
104.32
104.28
104.24
104.23
104.2
104.3
104.23
104.29
104.22
104.27
104
104.08
104.12
104.11
104.1
104.09
104.18
104.16
104.15
104.21
104.14
104.08
104.02
103.99
104.06
104.04
104.16
104.15
104.12
104.09
104.11
104.11
104.08
104.06
104.05
103.99
104.06
104.09
104.16
104.2
104.19
104.17
104.19
104.14
104.21
104.23
104.16
104.19
104.04
103.93
104.02
103.96
103.92
103.99
103.96
103.97
103.99
103.87
104
103.99
103.85
103.78
103.79
103.82
103.82
103.72
103.74
103.66
103.58
103.61
103.57
103.54
103.49
103.46
103.44
103.55
103.51
103.57
103.5
103.51
103.53
103.5
103.67
103.52
103.56
103.51
103.46
103.54
103.5
103.47
103.5
103.44
103.46
103.52
103.57
103.57
103.58
103.49
103.53
103.51
103.51
103.52
103.52
103.55
103.42
103.35
103.39
103.38
103.43
103.45
103.45
103.45
103.43
103.36
103.54
103.39
103.47
103.54
103.39
103.44
103.51
103.48
103.46
103.5
103.5
103.41
103.51
103.58
103.56
103.63
103.7
103.8
103.74
103.79
103.61
103.82
103.75
103.65
103.7
103.66
103.6
103.6
103.5
103.44
103.38
103.38
103.34
103.38
103.38
103.27
103.26
103.34
103.37
103.33
103.2
103.11
103.18
103.06
103.05
102.97
102.98
103.04
103.07
102.95
102.97
