56.52
56.13
56.06
56.15
56.03
56.04
56.11
56.17
56.52
56.3
56.35
56.11
56.12
56.2
56.05
55.99
55.91
56.08
56.08
56.05
56.17
56
56.03
55.99
56.11
56
56.11
56.27
56.12
56.12
56.12
56.15
56.1
56.08
55.98
56.01
56.03
55.99
55.93
56.2
55.99
56.03
56.03
56.62
56.32
56.42
56.34
56.3
56.3
56.33
56.2
56.26
56.4
56.01
56.03
56.26
56.21
56.34
56.54
56.46
56.33
56.29
56.29
56.31
56.33
56.32
56.32
56.31
56.31
56.5
56.5
56.65
56.65
56.66
56.5
56.37
56.33
56.3
56.26
56.22
56.05
56.2
56.35
56.4
56.31
56.44
56.44
56.42
56.38
56.27
56.5
56.49
56.42
56.51
56.51
56.46
56.71
56.49
56.46
56.42
56.54
56.49
56.51
56.52
56.4
56.42
56.37
56.62
56.89
56.72
56.46
56.62
56.6
57.1
57.17
57.07
56.92
56.92
57.19
56.82
57.17
56.87
56.71
56.93
56.98
56.98
56.71
56.62
56.71
56.7
56.71
56.79
56.9
56.94
56.73
56.79
56.84
56.87
56.89
56.85
56.89
56.85
56.81
56.85
56.78
56.76
56.77
56.72
56.68
56.7
56.72
56.9
56.74
56.8
56.92
56.7
56.68
56.7
56.92
56.81
56.82
56.7
56.75
56.79
56.6
56.55
56.51
56.5
56.58
56.64
56.56
56.7
56.53
56.53
56.6
56.55
56.6
56.66
56.47
56.62
56.58
56.53
56.49
56.48
56.31
56.43
56.56
56.37
56.49
56.32
56.3
56.3
56.26
56.28
56.27
56.34
56.37
56.24
56.29
56.31
56.29
56.26
56.37
56.42
56.45
56.29
56.37
56.31
56.5
56.37
56.44
56.5
56.52
56.47
56.49
56.57
56.56
56.54
56.56
56.77
56.74
56.73
56.7
56.78
56.77
56.8
56.81
56.67
56.74
56.77
56.83
56.92
57.02
56.95
57
56.96
57.01
56.93
56.92
56.98
56.85
56.85
56.97
56.86
56.94
56.85
56.84
56.82
56.78
56.81
56.78
56.81
56.9
56.95
56.94
56.85
56.87
56.82
56.91
56.94
56.95
56.88
56.95
57.2
57.2
57.15
57.14
57.15
57.11
57.18
57.14
57.31
57.33
57.32
57.32
57.25
57.37
57.35
57.35
57.41
57.38
57.42
57.44
57.48
57.52
57.48
57.47
57.37
57.31
56.36
56.47
56.47
56.93
57.69
57.36
57.93
57.64
57.44
57.42
57.65
57.64
57.61
57.32
57.11
57.42
57.4
57.38
57.37
57.36
57.4
57.21
57.21
57.59
57.79
57.78
57.63
57.72
57.57
57.52
57.39
57.6
57.64
57.92
58.03
58.09
58.03
57.82
57.61
58.06
57.85
58.01
57.51
57.45
57.57
57.64
57.64
57.38
57.35
57.22
57.3
57.29
57.31
57.41
57.53
57.41
57.38
57.45
57.45
57.18
57.32
57.28
57.07
57.01
56.85
56.91
56.86
56.9
57.11
56.96
56.71
56.82
56.73
56.89
56.86
56.64
56.85
56.62
56.97
56.86
56.8
56.8
56.69
56.65
56.59
56.71
56.71
56.49
56.62
56.63
56.45
56.32
56.25
56.35
56.24
56.11
56.04
56.08
56
56
56
56
55.99
55.99
55.95
55.9
56.01
56
56
56.13
56.08
55.95
56.02
56
56
56.03
55.95
56.08
56
56.01
55.86
55.99
55.98
55.94
56.01
56.01
55.99
56.07
56.31
56.36
56.37
56.14
56.14
56.14
55.98
56.23
56.11
56.02
56.23
55.99
55.85
55.85
56.23
56.02
56.11
56.26
56.19
56.15
56.25
56.17
56.25
56.25
56.29
56.16
56.42
56.12
56.66
56.41
56.53
56.56
56.38
56.52
56.57
56.57
56.18
56.3
56.57
56.63
56.32
56.33
56.53
56.39
56.26
56.28
56.27
56.07
55.92
55.94
55.93
55.9
55.72
55.71
56.01
56.01
55.8
55.83
55.84
55.91
55.85
55.86
55.67
55.78
55.87
55.8
55.8
55.81
55.79
55.73
55.75
55.94
55.71
55.84
55.8
55.87
55.65
55.75
55.79
55.74
55.74
55.72
55.59
55.7
55.65
55.75
55.67
55.79
55.7
55.8
55.73
55.93
55.85
55.9
55.86
56
55.91
55.95
55.94
55.93
56.06
55.91
55.87
55.86
55.74
55.78
55.84
55.91
55.83
55.89
55.95
55.86
55.9
55.93
55.9
55.94
55.92
55.93
56.04
56.08
56.08
56.19
56.06
56.17
56.21
56.44
56.2
56.26
56.48
56.37
56.34
56.4
56.46
56.52
56.43
56.65
56.64
56.99
56.95
56.8
56.64
57.23
56.65
57.15
57.21
57.38
57.24
57.24
57.24
57.33
57.42
57.32
57.22
57.18
57.35
57.18
56.98
57.02
57.02
57
57.2
57.31
57.25
56.98
57.25
57.64
57.31
57
57.22
57.3
57.42
57.43
57.55
57.64
57.63
57.5
57.69
57.34
57.4
57.36
57.4
57.54
57.63
57.72
57.57
57.56
57.67
57.72
57.49
57.53
57.52
57.67
57.54
57.55
57.66
57.51
59.63
59.96
59.7
59.89
59.08
58.89
58.9
58.92
59.05
59.29
58.69
59.3
59.3
59.22
59.34
59.41
59.29
59.71
59.53
59.57
59.48
59.44
59.42
59.54
59.54
59.73
59.73
59.44
59.17
59.32
59.38
59.27
59.21
59.33
59.34
59.06
59.22
59.15
59.15
59.34
59.41
59.41
59.66
59.85
59.77
59.22
59.21
59.21
59.24
58.9
59.35
59.28
59.22
59.22
59.16
59.14
58.8
58.8
59.25
59.49
59.38
59.42
59.48
59.49
59.37
59.36
59.46
59.38
59.29
59.47
59.49
59.43
59.39
59.22
59.27
59.35
59.45
59.36
59.12
59.12
59.38
59.2
59.23
59.23
59.23
59.33
59.23
59.23
59.34
59.34
59.37
59.38
59.19
59.29
59.16
59.24
59.29
59.49
59.39
59.44
59.38
59.38
59.31
59.39
59.33
59.32
59.38
59.25
59.38
59.24
59.3
59.33
59.42
59.35
59.24
59.31
59.27
59.45
59.45
59.17
59.21
59.21
59.26
59.06
59.21
59.23
59.18
59.24
59.34
59.1
59.08
59.15
59.28
59.23
59.25
59.25
59.25
59.25
59.25
58.88
58.88
58.84
57.6
57.6
57.6
57.68
57.71
57.71
57.71
57.72
57.65
57.59
57.59
57.46
57.7
57.7
57.56
57.51
57.53
57.59
57.58
57.52
57.52
57.55
57.58
57.53
57.6
57.55
57.55
57.54
57.55
57.46
57.55
57.56
57.32
57.51
57.72
57.54
57.98
57.98
57.98
57.76
57.81
57.81
57.73
57.81
57.81
57.81
57.81
57.38
57.41
57.58
57.72
57.44
57.58
57.58
57.64
57.64
57.34
57.46
57.43
57.44
57.44
57.5
57.35
57.62
57.67
57.32
57.86
58.22
58.12
58.37
58.43
58.18
58.18
58.22
58.41
58.38
58.16
58.37
58.2
58.32
58.27
58.2
58.18
58.09
58.1
58.28
58.08
58.17
58.15
58.13
58.13
58.06
58.01
58.08
58.16
58.19
57.97
57.98
58.03
58.1
58.06
58.08
58.13
58.16
58.02
58.08
58.11
58.09
58.09
58.22
58.12
58.19
58.22
58.13
58.22
58.24
58.4
58.42
58.44
58.39
58.24
58.4
58.41
58.24
58.27
58.47
58.65
58.46
58.4
58.4
58.37
58.37
58.33
58.39
58.38
58.29
58.37
58.23
58.15
58.15
58.12
58.38
58.93
58.93
58.93
58.67
59.11
58.98
59
58.78
58.81
59
58.93
58.95
59.19
59.04
59.13
59.09
59.2
59.59
59.67
60
59.94
60.04
59.93
59.74
59.69
59.85
59.94
60.11
60.04
60.06
59.98
60.13
60.12
59.58
59.61
59.63
59.65
59.47
59.4
59.42
59.62
59.69
59.63
59.66
59.72
59.87
59.7
59.86
59.67
60
59.91
59.97
59.88
59.63
60.01
60.18
60.2
60.1
59.99
59.78
59.88
59.95
59.89
60
59.91
59.91
59.99
60
60.17
60.07
60.39
60.31
60.38
60.66
60.33
60.42
60.63
60.82
60.72
60.74
60.6
60.37
60.45
60.61
60.65
60.62
60.55
60.53
60.49
60.32
60.13
60.47
60.41
60.42
60.33
60.38
60.41
60.41
60.28
60.32
60.3
60.45
60.38
60.34
60.01
60
60.13
60.49
60.4
60.4
60.33
60.12
60.26
60.01
60.05
60.39
60.37
60.33
60.35
60.36
60.32
60.4
60.39
60.3
60.33
60.41
60.36
60.36
60.36
60.24
60.35
60.08
60.12
60.3
60.29
60.1
60.15
60.03
60.01
60.33
60.33
60.33
60.3
60.27
60.55
60.63
60.69
60.69
60.8
60.74
60.67
60.44
60.89
60.89
60.51
60.51
60.6
60.53
60.53
60.67
60.64
60.69
60.57
60.63
60.54
60.4
60.67
60.67
60.51
60.51
60.5
60.5
60.42
60.41
60.22
60.32
60.28
60.28
60.26
60.25
60.25
60.26
60.26
60.24
60.3
60.3
60.18
60.06
60.1
60.22
60.1
60.25
60.25
60.25
60.2
60.2
60.27
60.41
60.41
60.34
60.3
60.24
60.15
60.34
60.27
60.22
60.35
60.24
60.23
60.15
60.14
60.14
60.1
60.12
60.29
60.32
60.33
60.36
60.34
60.02
59.99
59.91
59.88
59.85
59.83
59.81
59.71
59.7
59.7
59.67
59.68
59.8
59.69
59.67
59.66
59.68
59.82
59.92
59.87
59.87
59.91
59.91
59.82
59.84
59.92
59.99
60.15
60.1
60.12
59.88
60.05
60.14
60.24
60.21
60.21
60.15
60.18
60.25
60.24
60.15
60.41
60.15
60.7
60.65
60.25
60.49
60.57
60.5
60.5
60.54
60.44
60.46
60.54
60.47
60.47
60.55
60.5
60.46
60.46
60.31
60.43
60.44
60.4
60.42
60.43
60.41
60.53
60.53
60.51
60.53
60.47
60.53
60.41
60.46
60.41
60.51
60.56
60.55
60.58
60.6
60.61
60.58
60.74
60.9
60.9
60.96
60.92
60.92
60.87
60.6
60.93
60.88
60.88
60.87
61.03
60.99
61.08
60.99
60.95
60.95
61.18
61.14
61.19
61.1
61.1
61.08
61.14
61.1
61.12
61.09
61.05
61.09
61.1
61.11
61.11
61.12
61.13
61.25
61.26
61.2
61.17
61.32
61.15
61.01
61.01
61.02
61.02
61.38
61.16
61.16
61.16
60.92
60.92
61.05
61.05
60.97
60.66
60.61
60.61
60.61
60.5
60.72
60.64
60.64
60.88
60.74
60.74
60.74
60.87
61.14
61.07
60.72
61.05
60.88
60.88
61
61
60.95
61.01
60.94
60.75
60.75
60.92
61.02
60.81
60.81
60.66
60.77
60.96
61.07
60.79
60.71
60.85
60.96
61.09
61.04
61.06
60.99
60.98
61.03
60.93
61.02
61.01
61.02
61.02
61.03
61.1
61.13
61.13
61.07
61.14
60.96
61.04
61.04
61.2
61.06
61.03
61.1
60.99
60.87
60.65
60.69
60.65
60.65
60.89
60.72
60.71
60.87
60.6
60.47
60.52
60.49
60.31
60.16
60.17
60.17
60.29
60.44
60.25
60.21
60.09
60.26
60.2
60.4
60.14
60.43
60.54
60.19
60.66
60.29
60.29
60.17
60.75
60.66
60.65
60.67
60.67
60.69
60.61
60.67
60.53
60.78
60.76
60.68
60.68
60.66
60.59
60.62
60.66
60.74
60.66
60.83
60.75
60.61
60.74
60.75
60.75
60.75
60.73
60.87
61.05
61.03
61.01
60.93
61.11
61.11
61.02
61.02
61.05
61.06
61.1
61.07
61.07
61.11
61.16
61.16
61.06
61.04
61.04
61.04
61.07
60.94
60.87
61
60.83
61.1
61.1
61.1
60.95
60.84
60.89
60.85
60.85
60.96
60.93
60.78
60.92
60.6
60.6
60.6
60.92
60.92
60.79
60.5
60.52
60.59
60.57
60.59
60.6
60.6
60.56
60.64
60.58
60.58
60.58
60.65
60.74
60.73
60.73
60.67
60.92
61
61.03
60.97
60.97
61.18
61.18
61.15
61.26
60.99
61.04
61.04
61.32
61.32
61.32
61.43
61.36
61.36
61.29
61.32
61.32
61.45
61.4
61.41
61.59
61.55
61.48
61.48
61.69
61.7
61.7
61.74
61.6
61.6
61.64
61.73
61.84
61.91
62.01
62.09
62.18
62.15
62.15
62.16
62.29
62.34
62.34
62.34
62.34
62.28
62.28
62.28
62.25
62.21
62.19
62.05
62.19
62.28
62.21
61.97
61.86
61.86
61.76
61.81
61.81
62.01
62.02
62.06
62.04
62.04
62.04
62.04
62.08
62.06
62.06
61.88
62.06
62.06
61.82
61.83
62
62
62.1
62.04
61.96
61.98
61.92
61.85
61.85
61.75
61.95
61.84
61.88
61.93
61.93
62.19
61.97
61.95
62.19
62.18
62.18
62.21
62.15
62.21
62.21
62.09
62.05
62.06
62.17
62.16
62.2
62.17
62.13
62.17
62.1
62.01
62.06
62.01
62.19
62.05
61.97
62
62
61.93
61.88
62.01
61.99
61.88
61.89
61.9
61.83
61.85
61.89
61.83
61.86
61.88
61.81
61.85
