2037.68
2037.61
2036.81
2035.7
2034.54
2034.8
2033.25
2033.27
2032.94
2032
2031.77
2031.23
2032.21
2031.95
2030.89
2030.11
2029.16
2030.13
2030.13
2029.48
2030.38
2030.79
2030.85
2033.01
2032.26
2032.8
2032.72
2033.52
2033.47
2033.06
2033.06
2033.47
2032.76
2031.71
2031.2
2030.44
2031.1
2030.98
2030.48
2029.76
2029.39
2030.09
2030.72
2029.39
2028.51
2029.26
2029.5
2029.7
2029.27
2027.57
2027.52
2027.79
2026.83
2025.69
2026.35
2026.5
2026.48
2027.43
2026.62
2027.69
2027.74
2026.57
2026.31
2026.06
2026.48
2025.72
2026.76
2026.55
2026.42
2027.55
2027.47
2031.09
2030.65
2030.63
2031.31
2031.62
2032.03
2031.65
2031.15
2031.61
2031.19
2031.16
2031.25
2031.37
2031.81
2031.65
2030.79
2029.71
2030.38
2030.84
2030.88
2030.71
2030.48
2029.62
2029.98
2030.06
2030.52
2030.36
2028.94
2029.3
2027.81
2027.67
2027.98
2027.71
2026.84
2026.81
2024.35
2024.46
2024.46
2024.87
2024.76
2025.37
2024.89
2024.31
2023.71
2024.08
2023.6
2023.51
2023.02
2022.12
2022.45
2021.49
2021.57
2022.21
2021.93
2022.02
2022.34
2021.83
2021.84
2021.57
2022.44
2023.49
2023.24
2022.34
2021.95
2021.39
2019.71
2019.88
2020.57
2020.67
2020.09
2020.72
2020.94
2021.46
2021.47
2020.78
2020.56
2020.16
2019.49
2020.19
2020.62
2020.76
2022.9
2022.9
2023.32
2022.95
2023.92
2024.54
2024.04
2023.56
2022.99
2022.97
2023.97
2024.08
2021.52
2021.88
2022.21
2022.14
2021.75
2023.08
2023.47
2024.28
2024.1
2024.35
2023.26
2024
2023.83
2022.52
2022.3
2023.89
2023.47
2022.19
2022.05
2021.86
2020.86
2020.72
2021.81
2022.94
2022.51
2022.21
2021.98
2020.86
2020.53
2020.08
2020.28
2020.75
2022.37
2021.08
2020.9
2021.05
2022
2022.25
2022.83
2022.34
2022.52
2021.82
2020.41
2019.92
2019.53
2019.57
2020.04
2020.93
2020.66
2020.12
2019.9
2019.94
2020.3
2021.19
2020.49
2019.5
2018.08
2018.54
2018.37
2018.96
2018.68
2018.95
2018.8
2017.66
2017.9
2019.91
2019.52
2018.88
2019.23
2018.18
2018.16
2017.61
2018.39
2018.16
2017.68
2019.65
2019.45
2019.14
2019.44
2019.22
2019.6
2021.3
2021.19
2020.91
2021.45
2021.63
2021.13
2021
2020.74
2021.17
2020.86
2020.32
2020.8
2020.31
2022.17
2022.12
2021.62
2021.58
2021.07
2021.91
2020.52
2020.8
2020.37
2019.94
2021.26
2021.93
2024.21
2023.4
2021.8
2022.09
2022.09
2022.09
2022.26
2021.77
2022.24
2023.29
2023.28
2023.47
2024.67
2025.59
2025.84
2025.74
2024.99
2022.98
2022.14
2024.66
2023.5
2022.61
2021.98
2022.15
2021.26
2022.61
2023.34
2023.12
2023.26
2025.01
2024.59
2025.03
2025.99
2026.47
2026.03
2025.86
2026.57
2025.17
2024.04
2023.9
2022.62
2021.38
2023.27
2022.49
2021.91
2022.58
2020.7
2021.59
2020.74
2021.41
2022.85
2023.37
2026.81
2026.98
2028.18
2028.61
2027.95
2027.59
2028.23
2029.01
2029.39
2029.14
2029.3
2030.17
2029.28
2028.62
2028.61
2027.59
2027.25
2026.96
2026.5
2025.2
2025.44
2024.75
2024.6
2025.38
2024.76
2024.76
2021.66
2021.54
2021.74
2021.49
2020.89
2019.05
2018.98
2019.26
2020.27
2020.43
2019.69
2019.02
2018.34
2017.97
2018.27
2016.64
2015.1
2013.13
2012.67
2012.53
2013.64
2013.44
2013.59
2013.72
2014.34
2014.41
2014.9
2014.99
2013.84
2012.29
2010.91
2011
2010.09
2009.92
2009.35
2009.2
2009.6
2008.87
2008.96
2008.19
2007.04
2007.26
2006.34
2005.41
2004.33
2004.78
2004.9
2004.36
2003.07
2003.07
2004.71
2003.53
2002.36
2002.64
2003.59
2004.12
2004.72
2003.33
2002.19
2000.84
2000.29
2000.15
1999.83
2000.28
1998.58
1997.72
1997.33
1998.88
1998.31
1999.4
1999.76
2000.43
2000.79
1999.94
1999.77
1999.96
1999.17
1997.54
1998.44
1997.84
1997.23
1995.95
1996.1
1997.97
1999.38
1999.49
1999.1
1998.48
1999.02
1999.21
1999.61
1999.82
2000.98
2001.18
2002.74
2003.25
2003.73
2003.96
2003.66
2004.05
2003.35
2002.74
2001.78
2001.39
2000.75
2002.52
2003.76
2003.83
2004.95
2004.48
2004.3
2004.86
2004.46
2002.55
2002.98
2003.05
2002.34
2001.23
2000.46
2000.18
1998.39
1997.58
1998.18
1998.62
1998.02
1997.66
1997.91
1996.15
1997.31
1996.6
1996.19
1994.73
1995.15
1993.96
1993.82
1994.16
1993.18
1993.42
1993.1
1994.98
1996.22
1995.84
1996.03
1996.29
1997.15
1995.7
1996.37
1997.39
1997.26
1998.48
1997.84
1996.54
1996.07
1995.65
1995.07
1996.39
1996.8
1996.96
1997.9
1998.27
1997.49
1998.24
1999.59
1998.82
2000.04
2000.51
2001.47
2001.51
2001.33
2003.14
2002.95
2002.19
2002.02
2002.4
2001.95
2001.49
2001.02
1999.69
1998.5
1998.18
1997.63
1996.83
1997.32
1998.23
1998.56
1999.99
2001.22
2001.57
2001.52
2001.62
2001.69
2001.45
2000.83
2003.18
2004.15
2004.71
2005.14
2003.87
2003.04
2005.11
2005.5
2006.45
2006.01
2006.44
2007.43
2008.34
2010.22
2010.13
2009.43
2011.32
2010.94
2010.56
2010.75
2011.3
2012.08
2011.5
2010.22
2009.05
2009.31
2008.67
2010.03
2008.57
2008.45
2008.79
2007.34
2009.15
2010.96
2010.67
2010.49
2012.09
2011.85
2012.56
2012.6
2011.77
2016.24
2014.7
2013.96
2012.9
2014.16
2014.92
2015.57
2015.92
2014.33
2013.63
2014.48
2013.91
2010.3
2010.67
2008.88
2008.76
2009.13
2009.48
2011.03
2010.87
2011.09
2012.06
2011.25
2010.38
2010.45
2008.27
2007.37
2006.45
2003.42
2003.68
2002.86
2018.72
2019.74
2019.64
2017.89
2017.87
2017.11
2018.46
2018.43
2019.26
2019.3
2019.83
2021.45
2021.45
2021.24
2021.43
2021.43
2023.05
2024.41
2023.78
2023.31
2024.07
2023.65
2023.52
2023.59
2023.59
2021.47
2021.47
2019.76
2019.72
2020.4
2020.73
2021.22
2021.04
2021.69
2021.64
2021.33
2022.18
2021.07
2021.07
2018.98
2018.36
2018.36
2019.31
2018.9
2018.27
2016.78
2016.65
2016.65
2018.25
2017.96
2018.49
2018.67
2018.12
2015.85
2013.41
2014.02
2014.98
2014.98
2018.43
2019.11
2019.24
2020.78
2020.75
2020.45
2020.87
2020.43
2020.06
2019.68
2018.58
2020.39
2018.36
2015.82
2016.54
2016.16
2016.43
2016.25
2015.36
2014.87
2013.75
2013.75
2014.54
2014.33
2014.73
2014.04
2014.15
2014.49
2014.2
2014.3
2013.77
2012.66
2012.01
2013.15
2013.7
2014.33
2014.2
2015.9
2016.71
2017.21
2016.78
2016.07
2016.32
2016.31
2016.62
2016.76
2016.47
2017.42
2017.78
2018.82
2018.25
2018.05
2018.16
2019.86
2020.31
2019.71
2019.46
2021.81
2023.75
2025.25
2025.25
2024.82
2026.52
2027.44
2026.18
2026.16
2025.53
2025.44
2024.9
2024.94
2029.61
2024.54
2023.98
2023.67
2024.21
2024.79
2024.59
2025.11
2025.96
2026.62
2026.18
2026.35
2025.81
2025.93
2020.87
2021.36
2021.36
2021.11
2021.45
2021.39
2021.78
2022
2022.36
2022.87
2023.36
2023.37
2022.8
2022.62
2022.96
2023.05
2023.02
2023.48
2022.94
2023.19
2023.6
2023.97
2026.04
2025.33
2025.15
2025.21
2024.66
2024.9
2024.99
2025.1
2025.17
2025.18
2025.92
2022.66
2025.28
2024.26
2026.81
2025.71
2025.01
2025
2025.65
2026.11
2026.71
2027.4
2026.4
2024.81
2024.99
2025.14
2025.16
2024.03
2024
2023.67
2023.8
2024.96
2025.79
2025.09
2023.22
2023.91
2024.33
2024.34
2024.06
2025.16
2025.22
2025.1
2025.96
2026.65
2027.05
2027.11
2025.67
2026.47
2025.81
2024.97
2024.99
2024.99
2024.48
2024.63
2024.33
2024.46
2025.38
2025.37
2025.3
2023.77
2022.62
2022.43
2022.47
2022.7
2021.22
2021.45
2022.07
2022.26
2022.76
2022.97
2022.68
2021.24
2022.2
2024.24
2024.48
2024.02
2024.7
2023.75
2023.85
2023.71
2023.22
2021.99
2021.41
2021.64
2022.15
2023.41
2023.41
2023.04
2022.73
2023.36
2023.11
2022.07
2021.58
2022.15
2022.48
2023.19
2023.8
2024.38
2023.64
2022.74
2023.41
2022.49
2022.92
2023.25
2023.63
2023.72
2023.98
2023.14
2024.25
2023.84
2023.09
2024.56
2024.75
2024.88
2023.95
2023.54
2024.7
2024.33
2025.2
2046.68
2048.15
2048.61
2048.92
2048.32
2049.21
2049.51
2049.16
2049.62
2049.59
2049.38
2049.47
2049.5
2050.09
2049.55
2049.55
2049.58
2050.46
2051.11
2051.58
2051.97
2052.75
2051.97
2051.82
2052.18
2052.22
2051.61
2052.32
2053.34
2053.09
2053.47
2053.55
2053.94
2054.64
2053.36
2053.49
2053.97
2053.36
2052.99
2053.11
2053.54
2053.23
2053.15
2052.74
2053.99
2053.68
2053.52
2053.67
2053.55
2054.09
2054.8
2056.16
2056.42
2055.66
2055.5
2055.55
2054.83
2054.95
2054.95
2054.64
2055.23
2056.07
2055.75
2055.7
2057.2
2057.36
2058.99
2059.33
2059.17
2059.03
2059.28
2060.09
2060.31
2059.8
2059.53
2059.39
2059.42
2058.76
2059.38
2059.23
2058.87
2059.29
2059.41
2060.21
2060.1
2059.96
2059.47
2059.47
2058.85
2058.61
2058.14
2057.94
2057.82
2057.75
2058.02
2058.26
2058.26
2058.43
2058.32
2057.67
2057.65
2057.73
2057.45
2058.24
2057.88
2057.3
2057.41
2057.64
2058.16
2058.32
2058.63
2059.21
2058.78
2058.46
2058.52
2058.75
2058.32
2058.64
2058.43
2058.64
2059.03
2058.8
2059.09
2058.83
2058.72
2058.83
2058.4
2057.99
2058.09
2058.27
2057.9
2057.54
2057.32
2055.43
2055.67
2055.87
2055.6
2055.58
2055.73
2055.99
2055.94
2055.52
2055.26
2055.1
2055.38
2055.54
2055.91
2055.88
2056.76
2057.18
2057.58
2057.43
2057.74
2057.38
2057.34
2057.8
2057.58
2057.72
2057.79
2058.29
2058.75
2058.83
2058.8
2058.27
2058.72
2058.77
2058.33
2058.8
2058.82
2059.1
2058.93
2058.6
2058.54
2058.54
2058.74
2058.48
2059
2059.46
2058.84
2059.58
2059.6
2059.2
2059.02
2059.37
2060.22
2061.29
2061.6
2061.55
2061.41
2061.26
2061.2
2061.04
2061.02
2061.09
2060.89
2060.96
2060.94
2060.69
2060.98
2060.57
2061.02
2061.13
2061.58
2061.67
2061.22
2061.21
2061.2
2061.14
2061.44
2061.72
2061.34
2060.97
2060.65
2060.52
2060.54
2060.38
2060.57
2060.26
2060.43
2060.1
2059.46
2059.27
2059.31
2059.65
2059.93
2059.69
2059.5
2058.04
2057.1
2056.86
2057.21
2057.11
2057.13
2057.08
2056.71
2056.58
2057.4
2058.01
2058.11
2058.01
2058.34
2058.27
2057.89
2057.73
2056.92
2057.2
2057.48
2057.78
2057.71
2058.09
2057.92
2059.79
2059.94
2059.81
2059.19
2059.43
2059.45
2059.99
2060.31
2060.91
2061.19
2061.8
2061.8
2062.54
2061.78
2062
2062.29
2062.21
2062.43
2063.31
2063.47
2063.81
2063.9
2063.94
2063.32
2063.2
2062.79
2062.51
2062.71
2062.52
2062.35
2062.41
2062.3
2062.52
2062.59
2062.67
2062.79
2063.01
2062.41
2062.19
2062.8
2062.87
2062.63
2062.42
2062.72
2062.14
2061.8
2061.84
2061.17
2062.4
2062.53
2062.17
2062.3
2062.59
2062.33
2062.09
2062.65
2062.87
2063.61
2063.09
2063.12
2063.26
2063.11
2063.07
2062.2
2062.83
2063.1
2062.98
2062.78
2062.06
2061.77
2061.75
2062.36
2061.64
2061.05
2060.52
2060.45
2060.19
2059.73
2059.37
2059.72
2060.15
2060.22
2059.91
2060.07
2060
2059.87
2059.88
2060.51
2061.41
2061.45
2059.11
2060.28
2061.7
2061.14
2061.14
2061.13
2061.66
2061.63
2059.29
2057.31
2055.69
2054.93
2055.07
2055.63
2055.91
2054.82
2053.46
2051.73
2053.08
2052.93
2052.81
2053.68
2055.09
2055.2
2054.66
2053.95
2054.82
2055.03
2055.12
2056.2
2057.48
2056.95
2055.88
2055.85
2055.88
2055.79
2053.76
2054.78
2055.19
2054.07
2054.28
2054.36
2053.34
2054.18
2053.32
2053.65
2052.74
2051.52
2049.76
2049.67
2048.2
2047.03
2045.07
2044.68
2045.46
2046.42
2047.24
2046.72
2045.5
2045.75
2043.12
2043.17
2043.62
2044.58
2044.34
2044.44
2045.78
2045.58
2047.12
2045.79
2045.71
2046.68
2047.46
2048.34
2047.36
2046.75
2047.47
2046.09
2045.13
2044.19
2044.96
2044.21
2044.37
2045.35
2045.15
2045.15
2043.64
2042.69
2042.47
2040.53
2039.8
2039.79
2039.32
2040.01
2040.4
2040.5
2040.65
2039.84
2040.54
2039.57
2039.33
2041.11
2040.57
2040.42
2040.14
2040.81
2040.9
2039.03
2040.36
2041.56
2042.5
2043.19
2042.98
2043.59
2043.56
2044.15
2043.99
2043.57
2044.34
2044.01
2044.65
2045.62
2046.62
2046.35
2045.84
2045.88
2045.58
2046.19
2046.16
2045.99
2045.35
2045.18
2046.5
2047.48
2047.67
2048.37
2048.32
2048.05
2048.36
2049.59
2050.11
2050.58
2049.98
2049.67
2050.43
2050.33
2050.88
2050.93
2050.37
2050.46
2049.69
2048.28
2048.16
2047.83
2047.33
2047.51
2046.82
2047.5
2047.59
2048.73
2047.07
2046.92
2045.55
2045.96
2046.34
2046.36
2046.18
2047.04
2046.56
2047.05
2048.12
2047.45
2047.14
2047.64
2047.43
2047.22
2045.78
2045.69
2045.75
2045.76
2045.76
2046.13
2045.69
2043.73
2043.67
2043.31
2042.99
2043.11
2043.88
2044.43
2044.09
2044.17
2044.92
2045.06
2044.71
2044.79
2045
2046.59
2047.09
2048.47
2048.59
2048.28
2048.04
2048.66
2048.92
2049.14
2048.76
2048.49
2047.66
2047.58
2047.1
2047.15
2048.3
2048.6
2047.97
2048.04
2047.51
2047.67
2048.02
2047.31
2047.15
2045.06
2045.59
2046.01
2046.38
2045.72
2045.43
2047.26
2048.62
2049.02
2048.86
2048.34
2048.2
2046.77
2045.3
2045.76
2045.65
2045.52
2046.61
2047.01
2047.06
2046.7
2046.84
2047.02
2046.19
2046.16
2046.28
2046.38
2046.91
2046.27
2045.87
2045.79
2046.26
2046.41
2046.49
2047.02
2046.98
2046.84
2046.27
2044.98
2044.8
2045.36
2045.38
2045.69
2045.91
2045.77
2045.85
2047.92
2048.54
2049.14
2048.92
2048.52
2048.1
2047.8
2047.74
2048
2047.88
2046.05
2046.39
2046.57
2046.96
2047.91
2048.17
2047.74
2047.75
2046.92
2047.46
2047.6
2047.89
2047.96
2048.25
2047.78
2047.95
2049.41
2049.61
2050.02
2050.91
2050.88
2050.56
2051.05
2052.6
2053.04
2052.89
2052.74
2052.83
2052.23
2052
2052.07
2052.23
2052.1
2051.89
2051.52
2051.69
2051.44
2051.72
2049.17
2048.97
2048.66
2048.03
2048.17
2049.93
2049.84
2049.63
2048.61
2048.04
2048.92
2049.35
2048.16
2048.03
2047.73
2047.64
2046.47
2046.34
2046.18
2046.41
2045.35
2045.13
2045.5
