42.06
42.03
42.06
42
42
42
41.93
42.02
42
42.01
42.03
42.01
42.01
42.01
42
41.95
41.93
42.01
42.01
41.9
41.9
41.9
41.88
41.92
41.89
41.9
41.91
42.02
42.04
42.01
42.01
42.11
42.11
42.04
42.09
41.9
41.9
41.96
42.01
41.91
41.9
41.93
41.95
41.92
41.95
41.88
41.88
41.89
41.88
41.78
41.78
41.8
41.69
41.68
41.66
41.69
41.61
41.7
41.75
41.77
41.78
41.68
41.7
41.73
41.72
41.67
41.68
41.66
41.66
41.71
41.72
41.77
41.74
41.74
41.7
41.65
41.75
41.68
41.72
41.72
41.72
41.7
41.69
41.71
41.69
41.63
41.66
41.7
41.69
41.69
41.7
41.71
41.72
41.72
41.7
41.67
41.69
41.67
41.61
41.63
41.6
41.72
41.64
41.66
41.58
41.58
41.49
41.5
41.48
41.52
41.52
41.56
41.54
41.53
41.52
41.54
41.49
41.49
41.48
41.46
41.45
41.47
41.47
41.47
41.48
41.49
41.51
41.5
41.51
41.51
41.55
41.55
41.58
41.58
41.52
41.54
41.53
41.53
41.53
41.53
41.52
41.53
41.53
41.51
41.53
41.51
41.5
41.47
41.42
41.45
41.5
41.49
41.57
41.49
41.62
41.6
41.63
41.64
41.65
41.64
41.64
41.63
41.66
41.68
41.67
41.69
41.68
41.67
41.69
41.72
41.72
41.73
41.74
41.75
41.72
41.74
41.75
41.79
41.8
41.83
41.83
41.79
41.79
41.81
41.76
41.76
41.75
41.76
41.76
41.75
41.74
41.71
41.72
41.72
41.78
41.77
41.79
41.75
41.74
41.74
41.76
41.79
41.77
41.79
41.78
41.76
41.74
41.72
41.75
41.74
41.73
41.71
41.71
41.69
41.66
41.66
41.67
41.66
41.66
41.62
41.62
41.65
41.65
41.61
41.64
41.64
41.65
41.63
41.63
41.72
41.64
41.72
41.72
41.65
41.66
41.67
41.7
41.66
41.68
41.73
41.7
41.72
41.71
41.71
41.73
41.75
41.78
41.78
41.79
41.79
41.78
41.78
41.77
41.79
41.74
41.78
41.78
41.78
41.78
41.77
41.74
41.73
41.76
41.76
41.74
41.68
41.67
41.68
41.71
41.69
41.73
41.7
41.67
41.69
41.69
41.69
41.69
41.67
41.69
41.68
41.67
41.67
41.68
41.71
41.69
41.69
41.63
41.62
41.65
41.32
41.36
41.41
41.47
41.39
41.4
41.43
41.37
41.35
41.35
41.35
41.31
41.27
41.27
41.29
41.28
41.25
41.25
41.16
41.09
41.01
41.05
41.12
41.25
41.26
41.13
41.12
41.14
41.27
41.27
41.27
41.29
41.28
41.34
41.34
41.35
41.44
41.49
41.52
41.49
41.43
41.49
41.49
41.33
41.35
41.29
41.26
41.26
41.26
41.26
41.26
41.19
41.19
41.18
41.24
41.17
41.15
41.13
41.13
41.06
41.08
41.05
41.01
40.94
40.95
40.97
40.97
40.98
40.98
40.92
40.95
40.9
40.9
40.93
40.81
40.81
40.97
40.77
40.78
40.75
40.75
40.73
40.74
40.72
40.76
40.76
40.73
40.66
40.6
40.61
40.58
40.52
40.49
40.48
40.51
40.49
40.53
40.52
40.5
40.51
40.49
40.42
40.44
40.33
40.39
40.45
40.46
40.44
40.44
40.34
40.36
40.31
40.31
40.31
40.34
40.31
40.3
40.3
40.26
40.27
40.27
40.27
40.26
40.26
40.34
40.34
40.43
40.43
40.41
40.49
40.54
40.55
40.54
40.43
40.55
40.51
40.54
40.51
40.51
40.56
40.5
40.57
40.57
40.66
40.67
40.65
40.7
40.76
40.77
40.78
40.78
40.78
40.82
40.83
40.84
40.86
40.91
40.9
40.83
40.8
40.77
40.74
40.72
40.81
40.81
40.79
40.82
40.84
40.91
40.9
40.86
40.87
40.82
40.79
40.81
40.75
40.76
40.74
40.8
40.66
40.68
40.68
40.67
40.65
40.75
40.66
40.76
40.68
40.68
40.64
40.63
40.62
40.65
40.64
40.64
40.58
40.59
40.6
40.65
40.68
40.69
40.72
40.7
40.73
40.71
40.75
40.77
40.74
40.75
40.76
40.69
40.72
40.67
40.65
40.68
40.62
40.64
40.67
40.66
40.65
40.63
40.63
40.59
40.61
40.6
40.67
40.62
40.64
40.61
40.62
40.62
40.61
40.61
40.6
40.63
40.63
40.61
40.55
40.56
40.55
40.52
40.52
40.54
40.55
40.55
40.6
40.6
40.62
40.63
40.65
40.66
40.63
40.67
40.73
40.76
40.75
40.65
40.68
40.69
40.69
40.74
40.71
40.74
40.74
40.83
40.83
40.91
40.92
40.95
40.93
40.94
40.9
40.9
40.89
40.94
40.85
40.85
40.85
40.84
40.87
40.82
40.82
40.82
40.87
40.77
40.75
40.78
40.75
40.77
40.77
40.79
40.78
40.86
40.95
40.94
40.93
40.91
40.92
40.92
40.94
40.92
40.95
40.99
41.02
40.91
40.9
40.89
40.85
40.85
40.89
40.94
40.97
41
41
40.98
40.96
40.92
40.99
40.9
40.91
40.88
40.82
40.84
40.84
41.39
41.45
41.55
41.42
41.39
41.43
41.44
41.41
41.39
41.44
41.4
41.4
41.4
41.38
41.39
41.39
41.39
41.52
41.5
41.43
41.44
41.47
41.44
41.44
41.44
41.5
41.5
41.43
41.41
41.43
41.37
41.34
41.35
41.41
41.37
41.36
41.38
41.36
41.36
41.18
41.24
41.24
41.3
41.29
41.21
41.17
41.21
41.21
41.21
41.14
41.21
41.22
41.19
41.14
41.08
41.08
41.07
41.07
41.05
41
41.02
41.09
41.03
41.12
40.98
41.01
41.12
41.12
41.07
41.12
41.1
41.12
41.14
41.09
41.15
41.17
41.16
41.08
41.09
41.09
41.13
41.09
41.09
41.09
41.12
41.1
41.13
41.13
41.12
41.15
41.12
41.17
41.18
41.18
41.17
41.19
41.11
41.25
41.29
41.27
41.29
41.28
41.31
41.14
41.28
41.3
41.32
41.32
41.33
41.36
41.33
41.41
41.38
41.38
41.37
41.42
41.37
41.43
41.43
41.41
41.45
41.43
41.49
41.54
41.45
41.53
41.5
41.48
41.44
41.41
41.4
41.4
41.44
41.45
41.43
41.45
41.42
41.47
41.5
41.49
41.51
41.53
41.54
41.53
41.53
41.53
41.53
41.51
41.51
41.52
41.51
41.53
41.5
41.48
41.47
41.47
41.48
41.51
41.53
41.42
41.42
41.43
41.44
41.44
41.5
41.46
41.41
41.42
41.4
41.41
41.4
41.4
41.42
41.4
41.44
41.4
41.4
41.37
41.42
41.4
41.46
41.46
41.43
41.45
41.45
41.44
41.44
41.4
41.45
41.45
41.41
41.41
41.37
41.36
41.38
41.38
41.38
41.42
41.36
41.4
41.39
41.38
41.42
41.47
41.42
41.47
41.39
41.55
41.56
41.58
41.54
41.59
41.51
41.58
41.61
41.6
41.58
41.58
41.61
41.6
41.56
41.53
41.52
41.45
41.44
41.45
41.46
41.47
41.44
41.46
41.44
41.44
41.45
41.44
41.43
41.41
41.42
41.44
41.46
41.44
41.44
41.44
41.42
41.42
41.42
41.36
41.36
41.36
41.36
41.41
41.41
41.37
41.35
41.39
41.38
41.34
41.35
41.36
41.37
41.38
41.36
41.37
41.37
41.37
41.38
41.37
41.37
41.36
41.36
41.38
41.37
41.34
41.36
41.36
41.34
41.33
41.33
41.33
41.32
41.29
41.29
41.29
41.3
41.58
41.68
41.86
41.92
41.92
41.93
41.9
42.03
42.07
42.04
42.01
41.86
42.13
42.13
42.13
42.13
42.17
42.2
42.22
42.26
42.27
42.3
42.31
42.25
42.26
42.22
42.17
42.28
42.18
42.19
42.17
42.17
42.17
42.17
41.96
41.96
41.98
41.97
41.92
41.92
42.03
42.04
41.99
42.03
42.03
42.04
42.09
42.09
42.13
42.03
42.09
42.15
42.15
42.08
42.06
42.11
42.1
42.12
42.11
42.11
42.13
42.12
42.12
42.09
42.08
42.12
42.14
42.13
42.12
42.13
42.14
42.13
42.15
42.16
42.13
42.16
42.17
42.17
42.17
42.21
42.33
42.33
42.36
42.39
42.38
42.38
42.38
42.33
42.29
42.31
42.35
42.27
42.38
42.37
42.33
42.33
42.3
42.29
42.37
42.38
42.36
42.35
42.37
42.37
42.34
42.28
42.3
42.34
42.39
42.4
42.4
42.33
42.3
42.36
42.35
42.38
42.37
42.37
42.37
42.37
42.38
42.41
42.43
42.37
42.46
42.49
42.49
42.51
42.51
42.44
42.48
42.46
42.44
42.39
42.38
42.41
42.39
42.42
42.39
42.42
42.42
42.42
42.41
42.43
42.45
42.47
42.46
42.47
42.54
42.55
42.56
42.53
42.54
42.55
42.54
42.54
42.53
42.53
42.51
42.54
42.55
42.54
42.58
42.55
42.55
42.57
42.54
42.55
42.57
42.56
42.51
42.5
42.49
42.5
42.56
42.56
42.53
42.54
42.51
42.52
42.5
42.5
42.5
42.5
42.5
42.54
42.53
42.5
42.51
42.53
42.51
42.54
42.51
42.48
42.51
42.5
42.5
42.5
42.49
42.51
42.49
42.5
42.51
42.5
42.51
42.48
42.48
42.49
42.48
42.45
42.45
42.45
42.44
42.44
42.45
42.45
42.45
42.44
42.45
42.45
42.44
42.43
42.43
42.42
42.44
42.44
42.42
42.43
42.34
42.3
42.33
42.33
42.33
42.33
42.33
42.3
42.32
42.34
42.37
42.37
42.37
42.35
42.35
42.37
42.36
42.36
42.37
42.37
42.34
42.34
42.34
42.35
42.35
42.38
42.34
42.34
42.34
42.34
42.35
42.33
42.35
42.39
42.4
42.43
42.4
42.35
42.37
42.37
42.35
42.39
42.38
42.39
42.38
42.35
42.35
42.31
42.33
42.29
42.38
42.38
42.25
42.26
42.36
42.25
42.24
42.24
42.24
42.25
42.25
42.23
42.22
42.22
42.24
42.24
42.24
42.21
42.26
42.22
42.23
42.25
42.26
42.27
42.28
42.29
42.27
42.32
42.29
42.31
42.3
42.24
42.29
42.25
42.24
42.23
42.24
42.24
42.25
42.24
42.19
42.21
42.23
42.2
42.21
42.24
42.14
42.17
42.14
42.15
42.13
42.19
42.17
42.19
42.13
42.2
42.22
42.24
42.25
42.26
42.29
42.32
42.3
42.25
42.28
42.25
42.25
42.16
42.16
42.26
42.25
42.16
42.11
42.12
42
42.01
42.03
42.02
42.01
41.97
41.94
41.94
41.95
41.98
41.99
41.99
42
41.96
41.92
41.97
41.94
41.92
41.9
41.9
41.86
41.84
41.78
41.8
41.79
41.75
41.77
41.8
41.74
41.78
41.78
41.79
41.78
41.81
41.8
41.76
41.76
41.77
41.73
41.65
41.69
41.63
41.6
41.66
41.7
41.64
41.68
41.71
41.66
41.65
41.63
41.65
41.76
41.7
41.74
41.78
41.76
41.82
41.78
41.79
41.8
41.79
41.82
41.8
41.8
41.82
41.76
41.83
41.69
41.68
41.68
41.67
41.7
41.66
41.71
41.65
41.68
41.67
41.62
41.65
41.68
41.63
41.63
41.68
41.67
41.66
41.65
41.65
41.63
41.62
41.6
41.64
41.54
41.54
41.62
41.58
41.58
41.59
41.63
41.64
41.63
41.65
41.65
41.64
41.67
41.65
41.66
41.64
41.62
41.65
41.67
41.71
41.69
41.71
41.68
41.66
41.64
41.66
41.66
41.65
41.67
41.67
41.66
41.78
41.8
41.72
41.79
41.76
41.77
41.78
41.79
41.79
41.79
41.92
41.95
41.83
41.84
41.89
41.91
41.9
41.89
41.89
41.9
41.9
41.87
41.88
41.9
41.88
41.89
41.87
41.87
41.86
41.88
41.9
41.87
41.88
41.88
41.87
41.9
41.86
41.9
41.9
41.9
41.92
41.89
41.89
41.87
41.85
41.86
41.87
41.89
41.86
41.83
41.85
41.85
41.85
41.84
41.86
41.87
41.85
41.85
41.85
41.88
41.89
41.85
41.88
41.9
41.92
41.93
41.92
41.91
41.92
41.97
41.99
41.97
41.94
41.97
41.92
41.96
41.94
41.94
41.96
41.93
41.96
41.94
41.92
41.93
41.95
41.93
41.95
41.9
41.9
41.91
41.94
41.9
41.86
41.93
41.94
41.88
41.9
41.92
41.89
41.89
41.83
41.88
41.83
41.84
41.85
41.86
41.86
41.86
41.83
41.85
41.87
41.87
41.84
41.87
41.85
41.84
41.85
41.86
41.86
41.84
41.86
41.86
41.87
41.85
41.86
41.81
41.84
41.83
41.81
41.81
41.79
41.85
41.8
41.85
41.87
41.85
41.83
41.83
41.81
41.84
41.82
41.79
41.79
41.76
41.79
41.79
41.78
41.79
41.78
41.77
41.76
41.75
41.77
41.77
41.74
41.74
41.74
41.75
41.74
41.76
41.78
41.79
41.81
41.85
41.86
41.85
41.88
41.88
41.89
41.88
41.88
41.87
41.87
41.86
41.88
41.89
41.88
41.87
41.89
41.9
41.88
41.81
41.81
41.81
41.82
41.82
41.87
41.84
41.87
41.86
41.89
41.91
41.9
41.92
41.89
41.88
41.86
41.84
41.86
41.85
41.83
41.8
41.8
41.81
