87.84
87.81
87.75
87.59
87.46
87.46
87.44
87.44
87.43
87.44
87.42
87.36
87.38
87.45
87.26
87.22
87.36
87.22
87.22
87.27
87.27
87.52
87.48
87.55
87.6
87.59
87.57
87.58
87.6
87.63
87.63
87.58
87.54
87.58
87.6
87.6
87.6
87.6
87.59
87.59
87.6
87.61
87.62
87.6
87.6
87.68
87.56
87.66
87.6
87.6
87.6
87.67
87.43
87.4
87.66
87.66
87.42
87.4
87.32
87.41
87.39
87.38
87.33
87.35
87.36
87.35
87.31
87.32
87.32
87.34
87.34
87.56
87.5
87.51
87.54
87.56
87.62
87.67
87.57
87.64
87.66
87.56
87.55
87.56
87.58
87.61
87.6
87.52
87.57
87.51
87.56
87.55
87.54
87.57
87.57
87.54
87.55
87.56
87.48
87.52
87.54
87.53
87.54
87.54
87.55
87.55
87.48
87.45
87.48
87.47
87.47
87.51
87.51
87.44
87.44
87.43
87.42
87.39
87.38
87.39
87.33
87.41
87.41
87.4
87.25
87.29
87.29
87.26
87.26
87.26
87.31
87.41
87.34
87.34
87.27
87.23
87.13
87.13
87.15
87.13
87.09
87.09
87.09
87.1
87.07
87.09
87.02
87.01
87.11
87.1
87.15
87.21
87.3
87.3
87.27
87.3
87.3
87.25
87.32
87.3
87.27
87.27
87.25
87.22
87.2
87.15
87.15
87.23
87.1
87.15
87.23
87.21
87.24
87.28
87.22
87.25
87.22
87.21
87.18
87.26
87.26
87.21
87.18
87.24
87.29
87.29
87.27
87.21
87.23
87.18
87.14
87.14
87.1
87.1
86.99
86.99
87.05
87.01
87
87.04
87.06
87.07
86.99
86.99
87.07
87.04
87
86.94
86.96
86.94
86.96
87.03
87.02
86.98
87.01
87
86.99
87.08
87.01
86.96
86.93
86.95
86.94
86.95
86.95
86.95
86.96
86.96
86.95
87.08
87
87.02
86.97
86.96
86.96
86.95
86.99
87.03
87.04
87.14
87.14
87.11
87.14
87.03
87.15
87.22
87
87.21
87.3
87.26
87.29
87.29
87.33
87.29
87.29
87.3
87.32
87.32
87.34
87.38
87.31
87.3
87.31
87.3
87.3
87.31
87.29
87.25
87.32
87.42
87.54
87.44
87.38
87.37
87.37
87.27
87.28
87.43
87.26
87.26
87.28
87.25
87.3
87.39
87.29
87.29
87.26
87.27
87.13
86.51
86.46
86.59
86.38
86.57
86.55
86.62
86.63
86.5
86.53
86.56
86.55
86.54
86.72
86.75
86.75
86.44
86.75
86.74
86.85
86.78
86.74
86.7
86.85
86.73
86.78
86.69
86.65
86.71
86.71
86.71
86.57
86.53
86.74
86.74
86.72
86.69
86.72
86.74
86.79
86.73
86.91
86.91
86.85
86.87
86.85
86.76
86.74
86.76
86.75
86.75
86.8
86.77
86.84
86.84
86.82
86.83
86.89
86.89
86.82
86.72
86.79
86.78
86.75
86.7
86.7
86.7
86.7
86.79
86.78
86.7
86.76
86.72
86.72
86.69
86.62
86.61
86.6
86.65
86.71
86.71
86.71
86.74
86.73
86.73
86.7
86.67
86.7
86.66
86.56
86.63
86.56
86.46
86.47
86.44
86.41
86.41
86.34
86.36
86.29
86.33
86.29
86.26
86.26
86.24
85.97
85.93
85.93
85.93
85.75
85.78
85.7
85.7
85.77
85.72
85.72
85.71
85.67
85.74
85.76
85.7
85.8
85.69
85.7
85.64
85.63
85.68
85.61
85.6
85.73
85.74
85.7
85.64
85.59
85.69
85.73
85.48
85.53
85.54
85.49
85.43
85.47
85.47
85.71
85.7
85.69
85.73
85.55
85.71
85.52
85.5
85.54
85.54
85.6
85.6
85.64
85.6
85.61
85.62
85.48
85.46
85.41
85.42
85.54
85.52
85.6
85.6
85.7
85.36
85.4
85.42
85.58
85.51
85.53
85.53
85.51
85.47
85.46
85.45
85.37
85.37
85.45
85.47
85.49
85.39
85.33
85.29
85.34
85.33
85.36
85.18
85.18
85.32
85.14
85.29
85.25
85.19
85.1
85.15
85.19
85.22
85.1
85.13
85.24
85.13
85.18
85.29
85.16
85.3
85.13
85.26
85.26
85.25
85.27
85.33
85.35
85.35
85.37
85.38
85.35
85.34
85.35
85.37
85.5
85.48
85.48
85.42
85.47
85.49
85.48
85.46
85.43
85.43
85.45
85.43
85.37
85.26
85.18
85.39
85.12
85.09
85.09
85.15
85.2
85.32
85.39
85.37
85.35
85.36
85.28
85.29
85.24
85.43
85.46
85.5
85.49
85.5
85.63
85.67
85.67
85.73
85.67
85.7
85.75
85.84
85.84
85.93
85.9
85.93
86
86.01
86.01
86.04
86.07
86
85.99
86
85.97
85.99
85.96
85.98
85.86
85.86
85.96
85.97
85.94
85.98
86.02
86.06
86.05
86.12
86.14
86.2
86.28
86.23
86.05
86.11
86.18
86.17
86.3
86.28
86.27
86.18
86.22
86.16
85.97
86.14
85.83
85.83
85.85
85.89
86.13
86.05
86.2
86.05
86.08
86
86.04
86.01
86
85.92
86.1
85.89
85.89
86.21
86.33
86.46
86.2
86.22
86.33
86.39
86.39
86.37
86.37
86.46
86.46
86.46
86.59
86.61
86.61
86.61
86.79
86.81
86.81
86.82
86.83
86.84
86.84
86.84
86.67
86.67
86.47
86.46
86.43
86.42
86.59
86.61
86.56
86.56
86.58
86.56
86.63
86.63
86.38
86.67
86.67
86.43
86.33
86.25
86.26
86.25
86.25
86.29
86.3
86.38
86.45
86.35
86.18
86.09
86.27
86.21
86.21
86.39
86.39
86.38
86.44
86.47
86.56
86.56
86.49
86.44
86.54
86.57
86.61
86.44
86.22
86.22
86.37
86.17
86.19
86.38
86.36
86.19
86.19
86.09
86.08
86.08
86.08
86.13
86.09
86.13
86.16
86.15
86.06
86.02
86.18
86.13
86.13
86.16
86.32
86.23
86.23
86.2
86.2
86.21
86.17
86.18
86.16
86.2
86.2
86.28
86.32
86.32
86.18
86.3
86.39
86.43
86.38
86.35
86.53
86.58
86.52
86.52
86.66
86.55
86.62
86.73
86.68
86.55
86.69
86.69
86.59
86.87
86.86
86.87
86.63
86.71
86.78
86.7
86.8
86.8
86.67
86.82
86.78
86.74
86.75
86.85
86.85
86.85
86.86
86.86
86.83
86.82
86.83
86.84
86.85
86.83
86.9
86.88
86.89
86.87
86.89
86.89
86.93
86.89
86.91
86.87
86.87
86.96
86.93
86.94
86.96
86.99
86.95
87.03
86.95
87.03
86.94
86.97
86.86
86.93
86.88
87.04
87.01
87
87
86.9
86.91
87
86.98
86.92
86.97
86.85
86.98
86.75
86.75
86.82
86.81
86.81
86.9
86.85
86.87
86.85
86.73
86.73
86.87
86.71
86.88
86.87
86.85
86.78
86.73
86.74
86.75
86.75
86.75
86.76
86.75
86.87
86.75
86.82
86.79
86.83
86.86
86.76
86.89
86.75
86.76
86.77
86.77
86.79
86.82
86.78
86.78
86.84
86.78
86.82
86.85
86.82
86.75
86.77
86.91
86.95
86.93
86.92
86.94
86.91
86.93
86.93
86.81
86.79
86.94
86.91
86.92
86.92
86.86
86.85
86.89
86.89
86.77
86.78
86.81
86.81
86.86
86.89
86.98
86.94
86.92
86.92
86.88
86.91
86.89
86.86
86.9
86.91
86.9
86.9
86.9
86.86
86.89
86.92
86.9
86.92
86.89
86.92
86.91
86.95
87.13
87.24
87.12
87.25
87.25
87.25
87.17
87.2
87.2
87.2
87.19
87.18
87.14
87.21
87.16
87.17
87.2
87.19
87.21
87.22
87.2
87.2
87.2
87.14
87.15
87.15
87.13
87.12
87.13
87.36
87.13
87.11
87.53
87.53
87.59
87.79
87.68
87.67
87.67
87.71
87.74
87.73
87.75
87.74
87.76
87.76
87.73
87.77
87.73
87.84
87.92
87.77
87.77
87.87
87.92
87.9
87.83
87.8
87.85
87.84
87.84
87.82
87.97
87.88
87.99
88.08
88.14
88.17
88.11
88.2
88.22
88.24
88.24
88.25
88.2
88.24
88.19
88.2
88.25
88.22
88.17
88.18
88.22
88.21
88.24
88.21
88.2
88.19
88.21
88.13
88.09
88.07
88.05
88.2
88.07
88.14
87.99
88.13
88.11
87.91
87.92
87.93
87.94
87.99
87.97
87.99
88
88
88.01
87.99
87.97
88.1
88.07
88.06
88
87.99
88
88
87.93
87.97
88
88
87.98
87.98
88.01
88
88.01
88.01
88.01
87.99
88
88
87.98
87.82
87.94
87.93
87.84
87.86
87.81
87.95
87.95
87.85
87.92
87.85
87.97
87.97
87.96
87.97
87.99
87.98
88
87.93
87.89
87.92
87.98
87.92
87.9
87.9
87.93
87.89
87.94
87.93
87.95
87.93
87.92
87.92
87.87
87.93
87.93
87.89
87.87
87.94
87.89
87.89
87.96
87.99
88.07
88.07
88.04
88.02
88
88.05
87.93
87.93
88.02
88.06
88.05
87.97
87.96
87.93
87.93
87.93
88.02
88.04
88.01
88.04
88
88.03
87.96
87.96
88.02
87.93
88
88.01
88.03
88
87.94
87.98
88.01
88
87.98
87.97
87.96
87.96
87.95
87.96
87.97
87.95
87.95
87.95
87.88
87.85
87.85
87.91
87.87
87.96
87.92
87.81
87.82
87.81
87.82
87.78
87.79
87.79
87.89
87.77
87.77
87.79
87.81
87.81
87.86
87.82
87.8
87.74
87.71
87.74
87.75
87.75
87.72
87.73
87.73
87.75
87.75
87.74
87.74
87.75
87.75
87.76
87.75
87.75
87.75
87.74
87.77
87.76
87.72
87.75
87.76
87.75
87.75
87.77
87.81
87.81
87.81
87.81
87.77
87.82
87.75
87.75
87.8
87.71
87.81
87.8
87.75
87.74
87.75
87.74
87.75
87.74
87.75
87.75
87.75
87.75
87.75
87.75
87.73
87.74
87.71
87.72
87.69
87.74
87.75
87.73
87.75
87.73
87.73
87.75
87.76
87.75
87.8
87.78
87.73
87.78
87.76
87.74
87.7
87.69
87.68
87.67
87.68
87.61
87.61
87.63
87.64
87.66
87.6
87.67
87.61
87.65
87.55
87.54
87.56
87.57
87.54
87.52
87.52
87.54
87.58
87.64
87.71
87.72
87.75
87.74
87.74
87.43
87.43
87.43
87.51
87.4
87.51
87.48
87.48
87.48
87.48
87.32
87.32
87.42
87.42
87.36
87.44
87.44
87.44
87.25
87.25
87.35
87.35
87.39
87.3
87.38
87.35
87.35
87.36
87.45
87.45
87.4
87.32
87.36
87.29
87.27
87.39
87.41
87.39
87.36
87.4
87.23
87.25
87.21
87.13
87.07
87.38
87.37
87.4
86.89
86.85
86.71
86.71
86.71
86.84
86.86
86.91
86.84
86.79
86.84
86.74
86.78
86.75
86.75
86.72
86.85
86.84
86.88
86.86
86.86
87
86.98
86.86
87.01
87.01
86.99
87
86.98
87.02
86.87
86.88
86.86
86.84
86.83
86.89
86.86
86.67
86.67
86.59
86.81
86.54
86.56
86.81
86.81
86.63
86.65
86.62
86.61
86.68
86.68
86.78
86.78
86.75
86.74
86.62
86.68
86.68
86.61
86.72
86.75
86.75
86.82
86.76
86.76
86.78
86.86
86.86
86.89
86.82
86.82
86.82
86.85
86.9
86.95
86.94
87.05
87.08
87.1
87.1
87.07
87
87
87.02
87
87
87.05
87.16
87.21
87.25
87.14
87.25
87.15
87.15
87.19
87.19
87.22
87.17
87.19
87.2
87.2
87.19
87.17
87.16
87.11
87.11
87.04
87.07
87.02
87.11
86.98
86.99
87.05
87.08
86.96
87.12
87.08
87.08
86.94
86.94
86.96
86.98
87
87
87.02
87.04
86.97
86.95
86.96
87
86.97
86.96
87.03
86.89
86.75
86.75
86.77
86.77
86.75
86.75
86.77
86.74
86.74
86.81
86.79
86.79
86.85
86.97
86.98
86.98
87.04
87.01
87.01
87.01
87.01
87.01
87.05
87.07
87.05
87.05
87.01
87.01
87.05
87.05
87.05
87.05
87.02
87.05
87.03
87.03
87.03
86.88
86.99
86.9
87.05
86.89
86.85
86.9
86.9
86.9
86.89
86.95
86.94
86.94
86.98
86.95
86.95
86.95
86.97
86.99
86.99
86.99
87
87
86.97
86.95
87.02
86.99
86.97
86.98
86.99
86.99
86.99
86.98
86.98
87.01
87.01
87.01
86.99
86.85
86.9
86.88
87
87
86.91
86.88
86.93
87.07
87.12
86.88
87.06
86.88
87.01
86.89
87.01
86.88
86.88
86.88
86.95
86.91
86.97
87.09
87.01
86.98
87
87
87.01
87.02
87.08
87.06
87.09
87.03
87.12
87.09
87.24
87.2
87.08
87.23
87.17
87.21
87.32
87.25
87.25
87.2
87.33
87.17
87.16
87.3
87.15
87.15
87.24
87.14
87.15
87.14
87.14
87.03
86.99
86.96
87
87
86.97
87.09
87.08
87.04
87.03
87.04
87.01
87.1
87.04
87.03
87.07
87.01
87.01
87.01
87.02
87.01
87.04
87.01
