38.01
37.99
37.99
37.97
37.96
37.96
37.88
37.88
37.88
37.85
37.84
37.83
37.86
37.84
37.85
37.87
37.77
37.85
37.85
37.77
37.72
37.72
37.71
37.72
37.73
37.76
37.68
37.67
37.67
37.69
37.69
37.67
37.65
37.65
37.63
37.58
37.56
37.58
37.55
37.63
37.54
37.51
37.53
37.5
37.47
37.47
37.48
37.48
37.49
37.47
37.47
37.46
37.48
37.37
37.39
37.5
37.4
37.49
37.49
37.44
37.42
37.4
37.42
37.43
37.45
37.39
37.42
37.41
37.41
37.42
37.4
37.49
37.49
37.51
37.54
37.56
37.55
37.55
37.51
37.54
37.52
37.54
37.58
37.56
37.56
37.55
37.51
37.48
37.53
37.53
37.5
37.53
37.53
37.49
37.51
37.52
37.52
37.52
37.52
37.53
37.5
37.5
37.48
37.5
37.47
37.47
37.33
37.33
37.35
37.32
37.39
37.42
37.35
37.36
37.35
37.37
37.35
37.36
37.33
37.35
37.32
37.37
37.31
37.32
37.34
37.35
37.35
37.36
37.34
37.35
37.37
37.33
37.4
37.37
37.34
37.32
37.26
37.4
37.28
37.37
37.25
37.26
37.27
37.3
37.28
37.29
37.24
37.24
37.24
37.28
37.29
37.29
37.37
37.37
37.38
37.38
37.39
37.25
37.39
37.38
37.38
37.36
37.39
37.37
37.28
37.32
37.32
37.37
37.39
37.37
37.4
37.42
37.3
37.27
37.41
37.44
37.44
37.43
37.42
37.45
37.43
37.36
37.4
37.38
37.36
37.46
37.42
37.45
37.43
37.45
37.44
37.38
37.38
37.38
37.39
37.37
37.38
37.39
37.36
37.38
37.39
37.4
37.41
37.36
37.4
37.37
37.31
37.37
37.31
37.31
37.31
37.33
37.31
37.35
37.33
37.32
37.32
37.33
37.31
37.31
37.27
37.3
37.28
37.3
37.28
37.28
37.25
37.22
37.19
37.3
37.29
37.31
37.31
37.3
37.28
37.28
37.27
37.31
37.3
37.4
37.39
37.35
37.37
37.36
37.37
37.42
37.32
37.34
37.37
37.4
37.39
37.39
37.38
37.4
37.4
37.4
37.4
37.39
37.38
37.42
37.4
37.4
37.4
37.43
37.4
37.37
37.38
37.38
37.46
37.48
37.52
37.47
37.47
37.47
37.47
37.51
37.49
37.5
37.54
37.52
37.56
37.57
37.62
37.66
37.64
37.64
37.6
37.53
37.49
37.42
37.37
37.25
37.37
37.2
37.13
37.2
37.18
37.17
37.12
37.24
37.17
37.19
37.22
37.22
37.19
37.18
37.21
37.18
37.14
37.05
37.05
37.03
37.07
37.04
37.03
37.01
36.99
37.03
37.02
37.02
36.97
37.04
37.08
37.08
37
36.99
36.95
36.94
36.94
36.96
36.98
36.97
36.94
36.98
37
36.98
36.97
36.91
36.89
36.89
36.88
36.83
36.82
36.81
36.85
36.88
36.83
36.83
36.74
36.71
36.69
36.66
36.65
36.63
36.63
36.67
36.64
36.6
36.74
36.62
36.69
36.61
36.67
36.67
36.53
36.49
36.47
36.49
36.6
36.62
36.6
36.61
36.62
36.65
36.65
36.62
36.63
36.57
36.64
36.54
36.51
36.47
36.48
36.47
36.44
36.48
36.5
36.47
36.43
36.45
36.43
36.43
36.35
36.4
36.38
36.37
36.34
36.34
36.36
36.34
36.31
36.4
36.41
36.36
36.44
36.44
36.39
36.31
36.28
36.38
36.28
36.27
36.24
36.18
36.21
36.29
36.24
36.23
36.31
36.33
36.28
36.32
36.35
36.36
36.37
36.34
36.39
36.38
36.34
36.31
36.32
36.32
36.44
36.44
36.38
36.43
36.38
36.41
36.38
36.38
36.43
36.36
36.43
36.42
36.41
36.43
36.41
36.4
36.42
36.38
36.36
36.34
36.31
36.35
36.42
36.42
36.47
36.43
36.42
36.43
36.42
36.41
36.42
36.4
36.37
36.4
36.3
36.26
36.2
36.34
36.22
36.34
36.21
36.29
36.3
36.17
36.17
36.12
36.12
36.1
36.13
36.12
36.08
36.14
36.08
36.12
36.1
36.15
36.17
36.12
36.1
36.12
36.16
36.08
36.14
36.16
36.11
36.18
36.17
36.12
36.11
36.11
36.08
36.13
36.1
36.09
36.09
36.1
36.1
36.11
36.1
36.12
36.18
36.13
36.23
36.25
36.25
36.33
36.11
36.31
36.3
36.34
36.37
36.33
36.38
36.35
36.31
36.3
36.38
36.26
36.25
36.24
36.22
36.25
36.29
36.28
36.24
36.24
36.25
36.24
36.2
36.29
36.32
36.31
36.3
36.28
36.26
36.26
36.21
36.23
36.24
36.21
36.21
36.28
36.33
36.37
36.38
36.43
36.45
36.43
36.22
36.48
36.51
36.5
36.41
36.41
36.39
36.43
36.44
36.44
36.39
36.39
36.44
36.46
36.49
36.5
36.52
36.52
36.51
36.54
36.51
36.54
36.5
36.59
36.56
36.54
36.55
36.54
36.63
36.6
36.63
36.61
36.62
36.61
36.49
36.59
36.47
36.47
36.52
36.53
36.61
36.6
36.63
36.62
36.63
36.59
36.61
36.58
36.57
36.51
36.46
36.42
36.43
36.81
36.8
36.73
36.71
36.69
36.71
36.8
36.82
36.81
36.77
36.79
36.79
36.79
36.75
36.78
36.78
36.78
36.83
36.85
36.85
36.87
36.84
36.81
36.81
36.81
36.78
36.78
36.69
36.69
36.77
36.78
36.79
36.77
36.77
36.76
36.75
36.78
36.76
36.76
36.74
36.69
36.69
36.72
36.72
36.71
36.65
36.66
36.66
36.65
36.67
36.71
36.73
36.7
36.7
36.63
36.65
36.69
36.69
36.75
36.78
36.79
36.83
36.82
36.81
36.83
36.8
36.81
36.79
36.77
36.82
36.78
36.75
36.75
36.71
36.74
36.72
36.77
36.71
36.69
36.69
36.72
36.72
36.72
36.72
36.71
36.67
36.65
36.66
36.68
36.68
36.61
36.63
36.61
36.61
36.65
36.7
36.72
36.75
36.72
36.72
36.74
36.74
36.72
36.73
36.7
36.72
36.72
36.7
36.68
36.68
36.67
36.73
36.7
36.69
36.67
36.74
36.8
36.87
36.87
36.84
36.78
36.9
36.87
36.89
36.8
36.9
36.88
36.88
36.99
36.84
36.85
36.99
36.85
36.97
36.83
36.85
36.9
36.94
36.89
36.9
36.88
36.9
36.65
36.65
36.65
36.64
36.64
36.63
36.66
36.63
36.7
36.72
36.66
36.73
36.69
36.74
36.76
36.76
36.76
36.76
36.76
36.78
36.79
36.79
36.79
36.83
36.83
36.85
36.84
36.87
36.84
36.88
36.89
36.89
36.91
36.82
36.9
36.91
36.96
36.93
36.95
36.95
36.98
36.99
37.03
37
37
36.93
37.02
36.99
37.01
36.97
36.99
36.96
36.98
37.01
36.99
36.98
36.99
36.96
36.97
36.98
36.97
36.99
36.98
37.03
36.99
37.03
37.02
37.02
36.98
36.99
36.99
37
36.95
36.94
36.98
36.91
36.99
36.93
36.95
36.95
36.96
36.92
36.88
36.87
36.87
36.85
36.79
36.79
36.81
36.81
36.81
36.84
36.81
36.81
36.8
36.83
36.82
36.81
36.81
36.78
36.77
36.78
36.78
36.76
36.74
36.76
36.77
36.77
36.77
36.85
36.84
36.78
36.84
36.79
36.78
36.79
36.77
36.83
36.83
36.81
36.82
36.79
36.83
36.81
36.81
36.83
36.85
36.83
36.84
36.83
36.92
36.92
36.86
36.92
36.94
36.94
36.92
36.9
36.92
36.92
36.9
37.39
37.42
37.47
37.49
37.49
37.47
37.49
37.4
37.47
37.48
37.5
37.48
37.5
37.49
37.48
37.48
37.48
37.49
37.55
37.55
37.59
37.62
37.63
37.62
37.66
37.62
37.6
37.63
37.65
37.64
37.65
37.64
37.66
37.69
37.6
37.5
37.52
37.52
37.53
37.51
37.53
37.52
37.5
37.52
37.54
37.53
37.51
37.5
37.54
37.57
37.62
37.59
37.59
37.56
37.54
37.52
37.52
37.53
37.56
37.57
37.6
37.61
37.6
37.61
37.66
37.68
37.67
37.69
37.69
37.68
37.68
37.71
37.73
37.71
37.69
37.64
37.63
37.6
37.65
37.63
37.63
37.63
37.65
37.66
37.67
37.66
37.65
37.62
37.65
37.59
37.58
37.63
37.63
37.57
37.57
37.6
37.56
37.58
37.55
37.52
37.53
37.54
37.56
37.6
37.58
37.56
37.57
37.57
37.59
37.6
37.6
37.62
37.58
37.55
37.56
37.55
37.54
37.55
37.54
37.56
37.54
37.54
37.55
37.56
37.58
37.54
37.54
37.55
37.55
37.56
37.54
37.54
37.53
37.49
37.48
37.47
37.48
37.47
37.47
37.46
37.43
37.44
37.44
37.42
37.44
37.45
37.45
37.44
37.44
37.46
37.48
37.47
37.46
37.44
37.47
37.46
37.46
37.47
37.45
37.49
37.5
37.52
37.51
37.53
37.51
37.49
37.5
37.51
37.5
37.52
37.52
37.49
37.49
37.49
37.49
37.49
37.52
37.52
37.52
37.51
37.51
37.49
37.48
37.48
37.53
37.57
37.59
37.49
37.51
37.51
37.52
37.56
37.58
37.58
37.57
37.58
37.58
37.58
37.58
37.59
37.58
37.58
37.58
37.56
37.58
37.6
37.6
37.57
37.6
37.6
37.57
37.54
37.55
37.55
37.56
37.56
37.55
37.56
37.56
37.59
37.54
37.54
37.54
37.56
37.57
37.55
37.56
37.52
37.49
37.56
37.48
37.56
37.46
37.45
37.43
37.44
37.47
37.47
37.47
37.46
37.47
37.47
37.46
37.46
37.44
37.46
37.46
37.46
37.46
37.49
37.47
37.51
37.5
37.5
37.51
37.51
37.52
37.53
37.53
37.56
37.57
37.6
37.6
37.63
37.53
37.6
37.6
37.61
37.6
37.6
37.61
37.62
37.63
37.65
37.61
37.6
37.59
37.6
37.59
37.58
37.56
37.56
37.56
37.56
37.57
37.56
37.56
37.56
37.53
37.54
37.55
37.56
37.55
37.54
37.53
37.53
37.51
37.53
37.56
37.53
37.51
37.53
37.51
37.5
37.51
37.51
37.51
37.54
37.54
37.55
37.55
37.56
37.56
37.56
37.54
37.54
37.54
37.54
37.54
37.54
37.52
37.55
37.51
37.51
37.46
37.47
37.47
37.47
37.45
37.45
37.44
37.42
37.43
37.44
37.41
37.4
37.39
37.42
37.42
37.45
37.46
37.34
37.44
37.36
37.36
37.35
37.34
37.31
37.34
37.25
37.22
37.15
37.2
37.19
37.16
37.11
37.06
36.99
36.98
36.94
37
36.94
36.94
36.97
36.98
36.95
36.94
36.97
36.96
36.94
36.99
37.05
37.01
36.97
36.99
37
36.99
36.96
36.97
37.02
36.96
36.95
36.95
36.96
36.95
36.94
36.94
36.9
36.87
36.84
36.97
36.83
36.79
36.74
36.76
36.79
36.83
36.84
36.83
36.81
36.83
36.79
36.8
36.85
36.83
36.84
36.85
36.9
36.9
36.94
36.94
36.94
36.94
36.95
36.94
36.92
36.92
36.9
36.94
36.96
36.82
36.82
36.79
36.81
36.85
36.81
36.81
36.79
36.84
36.78
36.85
36.73
36.74
36.72
36.83
36.76
36.75
36.76
36.7
36.72
36.67
36.69
36.74
36.71
36.69
36.7
36.71
36.71
36.67
36.7
36.77
36.82
36.81
36.76
36.85
36.84
36.85
36.84
36.84
36.85
36.83
36.85
36.9
36.93
36.92
36.9
36.85
36.88
36.89
36.91
36.91
36.89
36.83
36.83
36.9
36.9
36.91
36.85
36.87
36.95
36.99
37.01
37.03
37.01
37.01
36.99
36.98
36.99
37
36.97
36.96
36.96
36.94
37
36.95
36.93
36.92
36.94
36.92
36.94
36.92
36.95
36.94
36.89
36.9
36.91
36.91
36.95
36.94
36.94
36.92
36.93
36.93
36.92
36.94
36.93
36.96
36.85
36.85
36.87
36.88
36.92
36.91
36.88
36.83
36.82
36.82
36.83
36.84
36.87
36.88
36.82
36.81
36.87
36.85
36.85
36.86
36.86
36.88
36.88
36.87
36.95
36.94
36.92
36.95
36.96
36.96
36.94
36.93
36.96
36.94
36.88
36.88
36.91
36.91
36.92
36.93
36.91
36.91
36.91
36.93
36.93
36.85
36.87
36.88
36.93
36.88
36.86
36.9
36.98
37
36.99
36.98
36.97
36.97
36.91
36.9
36.9
36.9
36.9
36.9
36.9
36.9
36.9
36.9
36.88
36.88
36.89
36.88
36.89
36.87
36.87
36.87
36.88
36.9
36.9
36.9
36.9
36.89
36.89
36.86
36.88
36.9
36.89
36.9
36.93
36.92
36.98
37.02
36.93
37.03
37.02
37.01
36.99
36.97
36.97
36.98
36.97
36.92
36.98
36.97
36.96
36.99
36.98
36.96
36.96
36.96
36.98
36.98
36.99
36.98
36.98
36.97
36.99
36.99
37.03
37.02
37.05
37.06
37.04
37.05
37.1
37.08
37.09
37.06
37.06
37.04
37.04
37.05
37.03
37.05
37.03
37.04
37.04
37.08
37.03
36.96
36.96
36.96
36.95
36.97
36.99
37
36.99
36.95
36.96
36.98
37
36.99
36.96
36.94
36.94
36.9
36.92
36.94
36.94
36.9
36.91
36.91
