46.55
46.55
46.5
46.49
46.49
46.47
46.46
46.51
46.42
46.38
46.37
46.36
46.43
46.41
46.38
46.38
46.39
46.47
46.45
46.41
46.37
46.44
46.42
46.47
46.37
46.49
46.49
46.49
46.49
46.51
46.54
46.52
46.51
46.47
46.46
46.48
46.47
46.47
46.47
46.41
46.41
46.43
46.45
46.4
46.4
46.44
46.37
46.41
46.42
46.4
46.33
46.43
46.3
46.3
46.31
46.31
46.31
46.35
46.31
46.33
46.33
46.31
46.26
46.29
46.28
46.29
46.3
46.28
46.32
46.37
46.39
46.47
46.42
46.46
46.43
46.47
46.47
46.46
46.43
46.46
46.41
46.38
46.38
46.4
46.38
46.39
46.36
46.36
46.38
46.42
46.36
46.44
46.44
46.4
46.42
46.4
46.38
46.36
46.37
46.38
46.38
46.38
46.4
46.4
46.4
46.43
46.42
46.4
46.39
46.4
46.39
46.4
46.37
46.37
46.36
46.38
46.37
46.38
46.38
46.35
46.36
46.33
46.33
46.34
46.36
46.36
46.39
46.33
46.35
46.33
46.34
46.29
46.33
46.32
46.32
46.31
46.27
46.27
46.33
46.29
46.3
46.32
46.33
46.37
46.34
46.33
46.33
46.3
46.29
46.3
46.3
46.31
46.31
46.37
46.39
46.39
46.41
46.42
46.42
46.38
46.38
46.39
46.41
46.4
46.35
46.33
46.36
46.36
46.33
46.36
46.37
46.42
46.38
46.33
46.38
46.42
46.4
46.36
46.38
46.39
46.39
46.32
46.35
46.33
46.29
46.28
46.4
46.35
46.31
46.31
46.34
46.31
46.32
46.26
46.28
46.27
46.33
46.28
46.3
46.32
46.35
46.37
46.4
46.35
46.27
46.35
46.31
46.31
46.29
46.29
46.32
46.38
46.32
46.33
46.35
46.32
46.34
46.37
46.34
46.33
46.31
46.34
46.33
46.36
46.33
46.34
46.35
46.33
46.36
46.44
46.35
46.4
46.4
46.38
46.41
46.4
46.43
46.44
46.42
46.45
46.46
46.47
46.5
46.47
46.47
46.51
46.49
46.51
46.57
46.57
46.58
46.58
46.57
46.63
46.54
46.56
46.53
46.51
46.54
46.6
46.49
46.51
46.49
46.5
46.47
46.45
46.43
46.43
46.46
46.47
46.54
46.51
46.49
46.47
46.51
46.49
46.49
46.47
46.5
46.45
46.47
46.46
46.47
46.47
46.45
46.46
46.46
46.4
46.35
46.63
46.58
46.52
46.54
46.58
46.58
46.66
46.64
46.55
46.64
46.74
46.7
46.54
46.54
46.66
46.63
46.55
46.58
46.59
46.58
46.54
46.49
46.52
46.48
46.45
46.48
46.54
46.46
46.5
46.49
46.51
46.57
46.52
46.48
46.63
46.65
46.65
46.65
46.57
46.59
46.6
46.57
46.57
46.61
46.63
46.61
46.62
46.62
46.63
46.66
46.63
46.63
46.62
46.63
46.61
46.61
46.62
46.63
46.54
46.64
46.54
46.5
46.5
46.49
46.44
46.46
46.44
46.47
46.48
46.47
46.44
46.47
46.42
46.45
46.39
46.45
46.31
46.46
46.35
46.37
46.38
46.39
46.33
46.33
46.35
46.34
46.33
46.31
46.28
46.29
46.33
46.29
46.3
46.32
46.33
46.36
46.36
46.37
46.29
46.27
46.27
46.22
46.26
46.26
46.23
46.27
46.28
46.25
46.22
46.24
46.21
46.18
46.19
46.22
46.25
46.21
46.18
46.22
46.12
46.06
46.07
46.06
46.1
46.07
46.03
45.99
46.1
46.01
46.04
46.02
46.04
46.01
46.04
46.03
46.05
45.94
45.91
45.92
45.91
45.9
45.89
45.9
45.94
46
46.01
45.97
45.96
45.95
46
46
46.01
45.95
46.02
46.06
45.95
45.96
46.09
46.1
46.13
46.15
46.14
46.14
46.15
46.15
46.17
46.2
46.15
46.19
46.18
46.15
46.17
46.18
46.12
46.13
46.13
46.13
46.09
46.06
46.05
46
45.94
45.95
45.94
45.89
45.9
46.06
45.86
45.86
45.83
45.81
45.76
45.82
45.81
45.79
45.72
45.67
45.75
45.72
45.74
45.77
45.75
45.75
45.74
45.71
45.75
45.78
45.8
45.79
45.8
45.8
45.79
45.75
45.72
45.7
45.73
45.75
45.75
45.8
45.8
45.79
45.77
45.74
45.79
45.8
45.81
45.81
45.78
45.83
45.85
45.82
45.81
45.83
45.82
45.82
45.8
45.75
45.68
45.63
45.59
45.58
45.54
45.6
45.6
45.63
45.68
45.72
45.74
45.74
45.75
45.75
45.72
45.72
45.75
45.75
45.81
45.85
45.81
45.75
45.69
45.87
45.86
45.87
45.9
45.93
45.92
45.9
45.91
45.91
45.93
45.92
45.9
45.91
45.94
45.93
45.92
45.88
45.87
45.87
45.82
45.9
45.83
45.85
45.85
45.81
45.86
45.9
45.89
45.9
45.92
45.92
45.94
45.95
45.95
46.04
45.99
46.02
45.99
46
46.03
46.05
46.06
46.04
45.95
46.01
45.97
45.86
45.9
45.87
45.83
45.83
45.78
45.86
45.85
45.85
45.92
45.91
45.89
45.89
45.82
45.79
45.78
45.65
45.68
45.63
45.88
45.81
45.78
45.76
45.79
45.8
45.72
45.63
45.53
45.55
45.63
45.71
45.7
45.69
45.69
45.73
45.75
45.75
45.75
45.76
45.82
45.83
45.85
45.88
45.74
45.8
45.73
45.7
45.7
45.71
45.72
45.76
45.75
45.75
45.76
45.79
45.79
45.77
45.75
45.68
45.7
45.7
45.7
45.67
45.7
45.68
45.69
45.69
45.75
45.75
45.8
45.82
45.79
45.69
45.66
45.67
45.69
45.72
45.79
45.78
45.79
45.83
45.87
45.87
45.9
45.91
45.87
45.85
45.81
45.89
45.81
45.81
45.84
45.85
45.85
45.86
45.83
45.81
45.79
45.79
45.82
45.8
45.78
45.73
45.74
45.74
45.72
45.74
45.71
45.71
45.72
45.77
45.8
45.81
45.81
45.84
45.7
45.93
45.91
45.93
45.93
45.91
45.95
45.94
45.94
45.97
45.96
45.97
45.96
46.02
46.02
46.01
46.03
46
46.01
46.06
46.15
46.28
46.28
46.1
46.33
46.35
46.27
46.26
46.18
46.19
46.29
46.3
46.41
46.4
46.44
46.39
46.26
46.26
46.36
46.33
46.32
46.35
46.31
46.25
46.22
46.23
46.39
46.3
46.3
46.31
46.29
46.29
46.29
46.3
46.33
46.33
46.32
46.33
46.31
46.3
46.31
46.31
46.3
46.33
46.29
46.29
46.3
46.29
46.33
46.36
46.35
46.35
46.33
46.33
46.33
46.33
46.33
46.31
46.32
46.28
46.36
46.31
46.35
46.32
46.25
46.26
46.24
46.26
46.3
46.33
46.29
46.3
46.25
46.32
46.26
46.24
46.24
46.28
46.23
46.27
46.3
46.28
46.26
46.25
46.28
46.28
46.25
46.26
46.29
46.3
46.28
46.35
46.36
46.36
46.38
46.29
46.26
46.25
46.29
46.27
46.26
46.3
46.29
46.29
46.35
46.33
46.32
46.28
46.24
46.21
46.22
46.22
46.15
46.15
46.12
46.16
46.2
46.23
46.17
46.12
46.17
46.24
46.24
46.23
46.26
46.23
46.22
46.21
46.19
46.17
46.15
46.15
46.17
46.2
46.2
46.18
46.17
46.2
46.19
46.16
46.14
46.16
46.17
46.18
46.21
46.21
46.22
46.19
46.2
46.19
46.17
46.19
46.2
46.21
46.22
46.2
46.22
46.22
46.19
46.22
46.25
46.24
46.21
46.2
46.19
46.22
46.22
46.85
46.93
46.95
46.99
47.01
47
47.1
47.13
47.18
47.19
47.2
47.2
47.03
47.29
47.3
47.35
47.34
47.37
47.37
47.43
47.43
47.43
47.43
47.46
47.46
47.37
47.37
47.44
47.36
47.36
47.4
47.43
47.37
47.37
47.38
47.41
47.44
47.46
47.43
47.44
47.45
47.46
47.48
47.45
47.53
47.49
47.49
47.49
47.49
47.51
47.56
47.61
47.6
47.59
47.63
47.6
47.6
47.62
47.59
47.54
47.55
47.6
47.57
47.57
47.6
47.62
47.71
47.53
47.73
47.66
47.71
47.7
47.7
47.67
47.71
47.64
47.67
47.68
47.67
47.66
47.65
47.66
47.66
47.66
47.65
47.68
47.67
47.6
47.59
47.69
47.5
47.51
47.47
47.44
47.47
47.47
47.48
47.5
47.52
47.47
47.46
47.49
47.49
47.49
47.49
47.49
47.5
47.51
47.49
47.49
47.55
47.55
47.51
47.49
47.49
47.5
47.47
47.52
47.51
47.5
47.53
47.49
47.47
47.52
47.49
47.51
47.48
47.47
47.45
47.46
47.41
47.43
47.42
47.4
47.43
47.45
47.45
47.46
47.48
47.48
47.47
47.48
47.44
47.49
47.49
47.46
47.51
47.51
47.51
47.52
47.51
47.51
47.5
47.49
47.48
47.5
47.52
47.51
47.49
47.52
47.54
47.54
47.53
47.53
47.54
47.53
47.52
47.55
47.54
47.57
47.54
47.49
47.49
47.5
47.56
47.49
47.5
47.55
47.49
47.53
47.53
47.51
47.5
47.51
47.55
47.57
47.5
47.57
47.57
47.56
47.59
47.53
47.58
47.61
47.6
47.59
47.6
47.58
47.61
47.56
47.6
47.58
47.59
47.59
47.6
47.58
47.59
47.61
47.63
47.6
47.58
47.57
47.56
47.55
47.53
47.5
47.53
47.54
47.55
47.51
47.6
47.58
47.58
47.62
47.64
47.66
47.65
47.6
47.56
47.64
47.59
47.58
47.59
47.6
47.59
47.59
47.61
47.61
47.61
47.58
47.59
47.58
47.53
47.54
47.49
47.5
47.5
47.51
47.48
47.51
47.51
47.54
47.58
47.56
47.49
47.51
47.49
47.51
47.57
47.56
47.53
47.55
47.56
47.59
47.5
47.53
47.57
47.54
47.55
47.62
47.59
47.62
47.59
47.56
47.54
47.56
47.62
47.51
47.55
47.52
47.49
47.49
47.5
47.51
47.51
47.5
47.49
47.5
47.49
47.48
47.51
47.5
47.49
47.49
47.49
47.5
47.49
47.51
47.49
47.52
47.54
47.54
47.54
47.56
47.53
47.51
47.54
47.55
47.55
47.59
47.56
47.59
47.58
47.55
47.56
47.59
47.6
47.6
47.59
47.6
47.54
47.54
47.58
47.54
47.54
47.53
47.53
47.53
47.52
47.51
47.54
47.58
47.58
47.58
47.58
47.6
47.6
47.58
47.59
47.62
47.62
47.7
47.68
47.77
47.75
47.76
47.71
47.77
47.8
47.72
47.65
47.62
47.61
47.59
47.56
47.58
47.58
47.54
47.55
47.54
47.64
47.56
47.62
47.64
47.61
47.63
47.57
47.62
47.63
47.62
47.57
47.59
47.6
47.59
47.6
47.58
47.6
47.51
47.55
47.56
47.54
47.55
47.53
47.49
47.52
47.46
47.5
47.55
47.45
47.39
47.38
47.34
47.33
47.27
47.28
47.22
47.27
47.29
47.29
47.26
47.27
47.22
47.22
47.22
47.25
47.25
47.25
47.25
47.26
47.26
47.25
47.26
47.33
47.25
47.36
47.32
47.3
47.36
47.35
47.29
47.26
47.24
47.24
47.22
47.23
47.26
47.26
47.19
47.15
47.15
47.27
47.04
47.06
47.03
47.08
47.2
47.09
47.11
47.05
47.06
47.07
47.01
47.08
47.04
47.02
47
47.01
47
46.93
47.01
47.04
47
47.08
47
46.99
46.99
47
47
47
47
47.01
47.03
47.05
47.1
47.07
47.06
47.06
47.06
47.08
47.07
47.05
47.06
47.05
47.1
47.15
47.16
47.21
47.2
47.1
47.25
47.24
47.24
47.24
47.26
47.26
47.4
47.4
47.37
47.37
47.37
47.4
47.37
47.33
47.32
47.32
47.33
47.34
47.34
47.34
47.35
47.37
47.35
47.34
47.33
47.35
47.36
47.36
47.37
47.37
47.35
47.31
47.31
47.29
47.26
47.27
47.27
47.31
47.23
47.27
47.22
47.23
47.23
47.27
47.24
47.21
47.21
47.19
47.2
47.2
47.21
47.24
47.19
47.2
47.25
47.25
47.27
47.27
47.28
47.24
47.24
47.24
47.4
47.39
47.38
47.4
47.39
47.38
47.39
47.41
47.35
47.36
47.37
47.3
47.38
47.4
47.36
47.34
47.4
47.36
47.36
47.32
47.31
47.24
47.28
47.29
47.28
47.33
47.26
47.3
47.33
47.33
47.33
47.29
47.31
47.26
47.2
47.22
47.22
47.21
47.2
47.21
47.21
47.19
47.2
47.21
47.16
47.16
47.15
47.17
47.21
47.19
47.15
47.16
47.18
47.2
47.21
47.17
47.28
47.29
47.2
47.19
47.19
47.21
47.21
47.29
47.26
47.25
47.26
47.29
47.29
47.21
47.31
47.32
47.3
47.33
47.19
47.37
47.2
47.3
47.3
47.33
47.33
47.33
47.34
47.35
47.36
47.32
47.36
47.36
47.36
47.35
47.36
47.36
47.31
47.35
47.37
47.37
47.34
47.4
47.37
47.39
47.42
47.46
47.42
47.44
47.44
47.44
47.42
47.44
47.42
47.4
47.42
47.42
47.46
47.42
47.44
47.37
47.35
47.35
47.3
47.29
47.33
47.29
47.31
47.29
47.28
47.31
47.3
47.28
47.28
47.26
47.27
47.29
47.28
47.23
47.22
47.23
47.18
47.19
