36.55
36.54
36.6
36.56
36.55
36.55
36.5
36.63
36.6
36.44
36.46
36.42
36.57
36.63
36.61
36.56
36.63
36.58
36.58
36.56
36.62
36.58
36.58
36.63
36.6
36.59
36.63
36.69
36.7
36.73
36.73
36.77
36.69
36.72
36.68
36.72
36.79
36.68
36.85
36.85
36.83
36.83
36.87
36.78
36.74
36.74
36.78
36.72
36.74
36.64
36.64
36.62
36.66
36.62
36.61
36.75
36.73
36.6
36.75
36.67
36.62
36.58
36.6
36.59
36.61
36.61
36.65
36.66
36.62
36.62
36.61
36.67
36.66
36.65
36.77
36.8
36.74
36.69
36.73
36.76
36.8
36.71
36.73
36.77
36.72
36.73
36.68
36.64
36.63
36.65
36.65
36.67
36.68
36.66
36.66
36.71
36.73
36.72
36.66
36.66
36.68
36.59
36.62
36.67
36.51
36.55
36.31
36.31
36.21
36.13
36.22
36.28
36.29
36.16
36.16
36.09
36.08
36.11
36.09
36.09
36.09
35.99
36.02
36.03
36.08
36.01
36.1
36.01
35.98
35.95
35.96
35.94
35.96
35.97
36.01
36.04
35.9
35.95
35.99
35.92
35.87
35.92
35.95
35.95
35.95
35.94
35.92
35.95
35.95
35.99
35.98
35.91
36.01
36.03
35.98
35.94
35.97
35.98
36
36.01
36.01
36.01
36.06
36.03
35.99
36.02
35.99
35.95
35.96
36.03
35.96
36.06
36.08
35.98
36
36.03
36.02
36
36.02
35.99
35.95
35.89
35.88
35.88
35.9
35.84
35.93
35.93
35.91
35.91
35.86
35.79
35.85
35.81
35.9
35.79
35.85
35.83
35.85
35.86
35.86
35.89
35.89
35.92
35.94
35.88
35.86
35.74
35.74
35.73
35.76
35.74
35.78
35.77
35.81
35.81
35.74
35.86
35.84
35.79
35.71
35.7
35.68
35.78
35.71
35.77
35.76
35.76
35.79
35.89
35.9
35.87
35.89
35.97
36.02
35.94
35.9
35.95
35.83
35.92
35.93
35.96
35.87
35.95
35.92
35.97
35.97
35.89
35.91
35.95
35.9
35.92
35.92
35.91
35.9
35.88
35.91
35.89
35.97
35.99
35.89
35.99
36
36.03
36.03
36.08
36.09
36.14
36.18
36.18
36.19
36.18
36.17
36.2
36.2
36.18
36.16
36.15
36.2
36.2
36.26
36.26
36.31
36.35
36.38
36.4
36.36
36.27
36.3
36.3
36.32
36.44
36.83
36.92
36.74
36.88
36.88
36.81
36.84
37
37.05
36.69
37.08
37.17
37.14
36.93
36.92
36.86
36.96
36.97
37.05
37.07
37.01
36.88
36.86
36.84
36.79
36.77
36.98
36.77
36.81
36.97
37.24
37.24
37.33
37.44
37.28
37.36
37.38
37.4
37.6
37.58
37.6
37.66
37.6
37.5
37.5
37.51
37.63
37.61
37.63
37.5
37.58
37.56
37.58
37.62
37.62
37.62
37.59
37.7
37.6
37.61
37.46
37.5
37.46
37.4
37.39
37.45
37.36
37.32
37.32
37.33
37.36
37.37
37.21
37.4
37.12
37.26
37.3
37.26
37.28
37.27
37.4
37.48
37.46
37.54
37.39
37.37
37.29
37.31
37.16
37.16
37.16
37.22
37.16
37.08
37.05
37
37.11
37.16
37.03
37.11
36.96
37.05
37.02
36.95
36.89
36.89
36.95
36.95
36.99
36.97
36.98
36.99
37.08
37.11
37
37.01
36.98
37.04
37.02
36.99
37.03
37.13
36.88
36.94
36.9
36.9
36.89
36.96
36.98
36.93
36.95
36.9
36.86
36.81
36.93
36.82
36.8
36.88
36.79
36.78
36.88
36.84
36.83
36.81
36.91
36.93
36.83
37.01
36.82
36.85
37.16
37.32
37.41
37.43
37.56
37.55
37.46
37.4
37.43
37.45
37.52
37.54
37.62
37.62
37.58
37.55
37.59
37.6
37.6
37.65
37.67
37.69
37.62
37.7
37.47
37.47
37.32
37.32
37.28
37.52
37.26
37.47
37.21
37.49
37.27
37.24
37.2
37.14
37.12
37.12
37.16
37.17
37.09
37.14
37.24
37.3
37.33
37.09
37.31
37.36
37.37
37.31
37.25
37.37
37.33
37.31
37.38
37.37
37.2
37.37
37.23
37.39
37.4
37.49
37.54
37.51
37.46
37.5
37.5
37.52
37.48
37.68
37.72
37.72
37.79
37.85
37.54
37.54
37.87
37.89
37.87
37.86
37.83
37.86
37.71
37.7
37.71
37.67
37.67
37.64
37.66
37.76
37.71
37.88
37.9
37.91
37.92
37.94
37.97
38.07
38.14
37.93
38.19
38.16
37.96
38.31
38.35
38.47
38.51
38.58
38.47
38.51
38.63
38.59
38.65
38.64
38.66
38.76
38.85
38.96
38.95
38.66
38.9
38.77
38.76
38.83
39.15
39.08
39.14
39.14
38.89
38.98
39.13
39.18
39.08
39.2
39.35
39.32
39.29
39.26
39.3
39.18
39.08
39.01
39.08
39.27
39.05
39.12
39.13
39.06
39.08
39.04
38.83
38.86
38.84
38.88
38.71
38.72
38.73
38.79
38.78
38.87
38.9
38.86
38.97
38.8
38.95
38.99
38.97
38.86
38.77
38.6
38.5
38.63
38.39
38.23
38.18
38.28
38.38
38.26
38.16
38.2
38.2
38.2
37.92
37.92
37.92
37.92
38.42
38.4
38.35
38.42
38.35
38.38
38.38
38.38
38.14
38.14
38.01
37.92
37.97
38.11
38.13
38.07
38.06
38.01
38
38.01
37.97
37.97
37.91
38.02
38.02
37.83
37.85
37.84
37.81
37.81
37.81
37.91
37.8
37.95
37.87
37.87
37.78
37.75
37.79
37.73
37.73
38.14
38.07
38.13
38.17
38.1
38.09
38.1
38.05
38.04
38.05
38.03
38.1
38.05
37.95
37.99
37.91
37.95
37.95
37.92
37.96
37.87
37.87
37.88
37.89
37.89
37.89
37.91
37.92
37.92
37.87
37.93
37.92
37.9
37.88
37.88
37.88
37.96
38.03
38.01
38.01
37.98
37.97
37.96
37.99
37.98
37.97
37.98
37.95
38
38.02
38.01
38.05
38.03
38.05
38.03
37.99
37.97
37.98
38.01
38.1
38.1
38.12
38.16
38.18
38.12
38.14
38.11
37.98
38.06
38.06
38.08
37.96
37.92
38.11
37.93
37.95
37.95
37.99
37.98
37.97
37.94
37.94
37.88
37.86
37.91
37.81
37.81
37.77
37.78
37.8
37.8
37.81
37.83
37.84
37.84
37.85
37.8
37.81
37.77
37.76
37.85
37.85
37.72
37.7
37.71
37.74
37.73
37.76
37.75
37.75
37.75
37.74
37.74
37.74
37.72
37.73
37.74
37.7
37.72
37.68
37.73
37.67
37.73
37.65
37.66
37.66
37.66
37.66
37.49
37.39
37.69
37.43
37.44
37.32
37.38
37.43
37.38
37.35
37.36
37.33
37.26
37.26
37.31
37.27
37.28
37.36
37.36
37.31
37.33
37.38
37.4
37.37
37.32
37.35
37.36
37.3
37.33
37.33
37.26
37.25
37.26
37.24
37.23
37.15
37.23
37.09
37.08
37.16
37.15
37.16
37.13
37.12
37.13
37.14
37.14
37.13
37.19
37.25
37.25
37.13
37.12
37.33
37.35
37.29
37.33
37.35
37.3
37.31
37.33
37.35
37.33
37.34
37.34
37.35
37.29
37.28
37.31
37.28
37.28
37.34
37.28
37.32
37.29
37.31
37.28
37.27
37.3
37.25
37.23
37.21
37.2
37.15
37.14
37.14
37.22
37.22
37.18
37.21
37.17
37.22
37.17
37.11
37.13
37.19
37.25
37.35
37.28
37.44
37.38
37.38
37.39
37.36
37.25
37.26
37.38
37.16
37.21
37.47
37.23
37.45
37.31
37.3
37.36
37.33
37.36
37.44
37.37
37.45
37.46
37.44
37.35
37.39
37.46
37.5
37.71
37.85
37.81
37.87
37.83
37.79
37.82
37.81
37.71
37.72
37.73
37.73
37.74
37.73
37.74
37.8
37.79
37.85
37.88
37.89
37.99
37.97
37.96
37.97
37.9
37.96
37.97
37.9
37.92
37.9
37.9
37.96
38
37.89
38.13
38.17
38.17
37.93
38.23
38.15
38.18
38.19
38.28
38.29
38.29
38.28
38.24
38.23
38.18
38.27
38.22
38.32
38.31
38.3
38.28
38.28
38.28
38.21
38.19
38.19
38.22
38.15
38.19
38.17
38.17
38.14
38.14
38.14
38.15
38.13
38.13
38.15
38.14
38.09
38.12
38.1
38.14
38.17
38.17
38.21
38.29
38.29
38.31
38.3
38.32
38.37
38.15
38.29
38.36
38.28
38.29
38.28
38.28
38.3
38.3
38.37
38.37
38.35
38.33
38.34
38.38
38.35
38.39
38.31
38.19
38.19
38.23
38.26
38.29
38.31
38.27
38.27
38.22
38.24
38.22
38.25
38.24
38.25
38.33
38.4
38.35
38.33
38.33
38.4
38.34
38.34
38.49
38.47
38.52
38.56
38.58
38.61
38.71
38.63
38.7
38.74
38.7
38.63
38.7
38.7
38.74
38.63
38.67
38.66
38.7
38.74
38.88
38.86
38.87
38.87
38.91
38.9
38.82
38.92
38.92
38.91
38.82
38.88
38.9
38.92
38.91
38.86
38.83
38.79
38.8
38.76
38.7
38.76
38.66
38.64
38.65
38.66
38.7
38.65
38.67
38.62
38.63
38.62
38.63
38.61
38.63
38.6
38.59
38.56
38.56
38.56
38.63
38.68
38.67
38.65
38.63
38.63
38.6
38.61
38.59
38.57
38.55
38.6
38.47
38.41
38.34
38.37
38.36
38.36
38.45
38.48
38.47
38.5
38.53
38.55
38.6
38.65
38.54
38.54
38.58
38.54
38.64
38.61
38.63
38.62
38.64
38.64
38.68
38.67
38.64
38.62
38.59
38.64
38.67
38.67
38.69
38.6
38.75
38.73
38.72
38.66
38.63
38.64
38.63
38.63
38.63
38.6
38.6
38.61
38.6
38.6
38.65
38.65
38.62
38.69
38.79
38.76
38.72
38.78
38.7
38.71
38.8
38.79
38.85
38.87
38.87
38.9
38.83
38.84
38.86
38.89
38.87
38.87
38.85
38.83
38.85
38.85
38.85
38.9
38.9
38.85
38.84
38.83
38.8
38.8
38.78
38.76
38.79
38.9
38.81
38.8
38.84
38.84
38.91
38.9
38.86
38.88
38.9
38.91
38.79
38.8
38.77
38.79
38.81
38.81
38.81
38.85
38.87
38.92
38.94
38.93
38.93
38.94
38.99
39.1
39.11
39.12
38.57
38.7
38.83
38.91
38.98
38.82
38.82
38.74
38.71
38.58
38.57
38.54
38.65
38.73
38.61
38.61
38.51
38.55
38.58
38.55
38.51
38.59
38.84
38.78
38.55
38.73
38.7
38.73
38.81
38.55
38.58
38.67
38.62
38.6
38.63
38.61
38.6
38.69
38.69
38.65
38.6
38.71
38.67
38.73
38.68
38.67
38.67
38.73
38.73
38.54
38.55
38.61
38.54
38.56
38.62
38.61
38.62
38.58
38.54
38.54
38.34
38.39
38.44
38.51
38.45
38.47
38.5
38.5
38.49
38.46
38.51
38.64
38.64
38.67
38.65
38.46
38.66
38.66
38.58
38.56
38.6
38.61
38.57
38.59
38.57
38.57
38.57
38.45
38.59
38.57
38.39
38.57
38.41
38.43
38.41
38.4
38.41
38.38
38.42
38.36
38.4
38.39
38.41
38.38
38.35
38.33
38.44
38.44
38.52
38.56
38.61
38.61
38.39
38.67
38.62
38.62
38.55
38.58
38.69
38.74
38.53
38.74
38.74
38.74
38.71
38.72
38.71
38.74
38.74
38.74
38.68
38.73
38.73
38.87
38.8
38.81
38.92
38.91
38.93
38.92
38.92
38.99
38.92
38.89
38.88
38.83
38.86
38.86
38.85
38.89
38.86
38.78
38.75
38.71
38.73
38.75
38.75
38.76
38.79
38.85
38.78
38.77
38.7
38.81
38.81
38.85
38.86
38.86
38.77
38.97
38.96
38.89
38.87
38.98
38.87
38.87
38.86
38.86
38.86
38.85
38.83
38.83
38.76
38.7
38.67
38.67
38.63
38.61
38.68
38.71
38.69
38.7
38.77
38.78
38.74
38.75
38.71
38.79
38.82
38.85
38.83
38.79
38.83
38.84
38.84
38.87
38.88
38.89
38.75
38.71
38.81
38.73
38.76
38.79
38.73
38.77
38.78
38.78
38.83
38.82
38.82
38.75
38.78
38.82
38.84
38.81
38.81
38.94
39.03
39.06
38.94
38.93
38.93
38.9
39.06
38.94
38.9
38.88
38.92
38.99
39.03
39
38.97
39.07
39.08
39.11
39.19
39.07
39.17
39.15
39.31
39.4
39.34
39.42
39.56
39.64
39.7
39.69
39.84
39.78
39.71
39.55
39.58
39.64
39.61
39.6
39.77
39.85
39.8
39.86
40.01
40.03
39.99
39.9
39.73
39.96
39.92
40.01
40.17
40.27
40.24
40.17
40.13
40.18
40.17
39.97
40.04
40.12
40.09
40.09
40.08
40.12
40.08
40.08
40.09
40.08
40.07
40.06
40.02
40.07
40.2
40.15
40.19
40.18
40.2
40.11
40.12
40.14
40.19
40.24
40.22
40.25
40.13
40.23
40.26
40.1
40.14
40.16
40.12
40.16
40.07
40.1
40.11
40.12
40.17
40.14
40.28
40.24
40.18
40.26
40.22
40.2
40.16
40.17
40.12
40.19
40.16
40.14
