108.14
108.03
108.01
107.95
107.92
107.92
107.79
107.67
107.63
107.61
107.64
107.59
107.79
107.75
107.55
107.48
107.5
107.49
107.49
107.59
107.59
107.55
107.67
107.49
107.64
107.69
107.64
107.68
107.76
107.67
107.67
107.68
107.56
107.45
107.45
107.42
107.42
107.43
107.26
107.24
107.32
107.38
107.35
107.26
107.31
107.36
107.33
107.28
107.27
107.08
107.08
107.05
106.81
106.79
106.9
107.33
106.95
107.27
106.81
106.99
106.89
106.81
106.9
106.84
106.81
106.75
106.64
106.78
106.78
106.9
106.9
106.85
106.8
106.88
106.9
106.84
106.78
106.66
106.76
106.95
106.9
106.85
106.9
106.94
106.9
106.8
106.85
106.84
106.96
106.92
106.96
106.89
106.83
106.96
106.86
106.93
106.94
106.89
106.97
106.9
106.84
106.83
106.84
106.74
106.68
106.68
106.73
106.51
106.79
106.83
106.83
106.76
106.74
106.81
106.75
106.76
106.65
106.64
106.63
106.56
106.79
106.5
106.5
106.63
106.56
106.57
106.62
106.52
106.55
106.55
106.52
106.72
106.65
106.67
106.61
106.6
106.37
106.43
106.45
106.44
106.66
106.57
106.52
106.57
106.52
106.48
106.47
106.38
106.32
106.4
106.39
106.46
106.42
106.46
106.43
106.37
106.62
106.64
106.57
106.56
106.55
106.57
106.64
106.52
106.5
106.59
106.58
106.5
106.49
106.56
106.59
106.61
106.5
106.65
106.56
106.57
106.54
106.57
106.51
106.43
106.43
106.31
106.24
106.46
106.32
106.45
106.44
106.4
106.38
106.38
106.36
106.35
106.13
106.13
106.01
106.03
106.1
106.12
106.03
106.12
106.05
105.87
106.02
106.02
105.99
106.11
105.87
105.85
105.8
105.84
105.94
105.9
105.95
105.87
105.86
105.9
105.96
105.84
105.87
105.76
105.72
105.71
105.64
105.72
105.69
105.72
105.63
105.52
105.73
105.61
105.58
105.68
105.66
105.63
105.6
105.61
105.64
105.61
105.64
105.62
105.63
105.75
105.62
105.76
105.89
105.93
105.92
106
105.64
105.97
105.98
106.01
105.99
105.91
105.85
105.91
105.95
105.99
106.02
105.95
106.11
106.05
106.03
106.04
105.94
105.95
105.9
105.9
106
106.12
106.17
106.07
106.11
106.05
106.05
106.09
106.04
106.1
106.28
106.2
106.33
106.28
106.37
106.4
106.45
106.45
106.38
106.41
106.26
105.98
106.02
105.8
105.64
105.63
106.02
105.49
105.48
106.08
106.08
105.82
105.88
105.96
105.61
105.96
105.82
105.85
105.89
105.74
105.68
105.64
105.61
105.61
105.69
105.58
105.68
105.7
105.67
105.65
105.6
105.62
105.78
105.82
106.06
106.06
106.33
106.37
106.37
106.34
106.39
106.46
106.53
106.53
107.03
107.12
107.03
106.39
106.87
106.92
106.9
106.9
106.99
106.89
106.86
106.86
106.89
106.91
106.76
106.76
106.71
106.39
106.45
106.36
106.26
106.12
106.19
106.19
106.33
106.31
106.22
106.21
106.1
106.14
106.18
106.13
105.95
105.81
106.22
105.78
105.79
105.81
105.82
105.78
105.79
105.8
105.9
105.93
105.79
105.57
105.86
105.66
105.66
105.64
105.54
105.54
105.63
105.57
105.79
105.73
105.47
105.42
105.28
104.97
105.14
105.14
105.23
105.17
105.01
105.01
105.17
105.18
105.12
105.12
105.09
105.12
105.37
105.19
105.2
105.13
105.2
105.2
105.26
105.17
105.21
105.17
105.23
105.34
105.34
105.63
105.75
105.76
105.72
105.7
105.58
105.54
105.76
105.2
105.1
105.1
105.14
105.05
105.1
105.1
105.32
105.33
105.29
105.39
105.43
105.41
105.44
105.23
105.55
105.35
105.75
105.84
105.82
105.84
105.92
105.92
105.72
105.77
105.72
105.7
105.9
105.91
106.14
106.18
106.2
106.32
105.84
106.31
106.32
106.13
106.09
105.94
105.85
105.93
106.02
105.68
105.67
105.86
105.86
105.68
105.58
105.64
105.77
105.8
105.67
105.67
105.57
105.69
105.24
105.32
105.51
105.32
105.21
105.35
105.41
105.64
105.42
105.55
105.67
105.69
105.78
105.53
105.69
105.7
105.69
105.77
105.55
105.81
105.84
105.79
105.82
105.99
105.69
105.99
105.99
105.49
105.98
105.96
106.16
106.09
106.28
106.15
106.38
106.19
106.37
106.33
106.34
106.19
106.17
106.34
106.39
106.27
106.08
106.03
105.88
105.96
106.26
106.01
106.01
106.13
106.16
106.07
106.31
106.26
106.2
106.22
106.18
106.23
106.16
106.32
106.31
106.43
106.33
106.13
106.28
106.38
106.3
106.34
106.28
106.22
106.48
106.6
106.6
106.72
106.25
106.87
106.83
106.37
106.87
107.01
107.01
106.91
106.87
106.74
106.81
106.65
106.61
106.7
106.59
106.59
106.68
106.75
106.88
106.89
106.9
106.91
107.17
107.24
106.9
107.34
107.38
107.29
107.1
106.99
107.25
107.3
107.34
107.38
107.18
107.25
107.26
106.95
106.91
106.87
106.77
106.77
106.68
106.76
106.77
106.79
106.91
106.82
106.82
106.71
106.71
106.64
106.55
106.34
106.28
106.17
106.17
107.19
107.46
107.41
107.37
107.17
107.06
107.19
107.19
107.33
107.66
107.67
107.67
107.67
107.73
107.73
107.73
107.73
108.12
108.19
108.06
108.14
107.92
108.03
108.03
108.03
108.15
108.15
107.57
107.57
107.7
107.81
107.81
107.85
107.95
107.86
107.79
107.84
107.81
107.81
107.87
107.65
107.65
107.77
107.77
107.72
107.58
107.44
107.44
107.59
107.6
107.65
107.73
107.65
107.48
107.62
107.44
107.46
107.46
107.82
107.83
107.95
107.86
107.85
107.85
107.81
107.89
107.91
107.87
107.83
107.87
107.84
107.71
107.78
107.72
107.75
107.7
107.68
107.51
107.56
107.56
107.67
107.66
107.66
107.66
107.53
107.56
107.51
107.47
107.33
107.33
107.15
107.27
107.35
107.35
107.48
107.44
107.51
107.59
107.6
107.57
107.61
107.6
107.56
107.56
107.55
107.68
107.79
107.76
107.64
107.69
107.72
107.61
107.78
107.75
107.79
107.91
107.82
107.99
107.99
108
107.99
107.92
107.96
107.9
107.89
107.91
107.91
107.91
107.95
108.08
107.74
107.72
107.74
107.91
107.91
107.78
107.83
107.84
107.85
107.71
107.77
107.51
107.51
107.51
107.51
107.45
107.44
107.45
107.47
107.47
107.6
107.62
107.44
107.59
107.57
107.67
107.51
107.59
107.6
107.6
107.6
107.61
107.66
107.66
107.78
107.79
107.81
107.81
107.81
107.86
107.83
107.89
107.83
107.86
107.71
107.88
107.84
107.93
107.95
107.72
107.79
107.79
107.71
107.73
107.83
107.71
107.69
107.66
107.64
107.68
107.8
107.8
107.58
107.57
107.57
107.63
107.61
107.66
107.44
107.63
107.7
107.6
107.62
107.62
107.57
107.61
107.56
107.72
107.72
107.67
107.57
107.62
107.56
107.62
107.57
107.62
107.64
107.65
107.62
107.63
107.67
107.57
107.64
107.47
107.44
107.5
107.45
107.49
107.47
107.48
107.52
107.54
107.59
107.57
107.52
107.44
107.53
107.67
107.51
107.67
107.62
107.61
107.58
107.63
107.55
107.62
107.54
107.57
107.63
107.64
107.64
107.66
107.75
107.77
107.5
107.63
107.67
107.69
107.69
107.68
107.69
107.8
107.76
107.79
107.75
107.8
107.63
107.64
107.69
107.76
107.68
107.74
107.79
107.79
107.72
107.73
107.71
107.79
107.64
107.72
107.72
107.75
107.74
108.99
109.74
109.81
109.74
109.74
109.63
109.7
109.74
109.65
109.7
109.71
109.8
109.84
109.81
109.67
109.68
109.71
109.75
109.85
109.89
109.94
110.08
110.08
110.14
110.17
110.25
110.07
110.17
110.21
110.16
110.17
110.25
110.31
110.31
110.11
110.1
110.02
109.88
109.81
109.9
109.98
110.1
110.01
110.04
110.05
110.02
110.04
110.01
109.97
110.01
110.09
110
110
110.08
110.11
110.08
110.1
110.08
110.08
110.12
110.12
110.22
110.13
110.16
110.08
110.38
110.43
110.42
110.39
110.33
110.38
110.47
110.47
110.52
110.49
110.63
110.61
110.6
110.63
110.63
110.58
110.63
110.69
110.73
110.73
110.69
110.75
110.68
110.72
110.73
110.67
110.74
110.78
110.79
110.65
110.67
110.83
110.85
110.87
110.89
110.9
110.91
110.92
110.92
110.88
110.92
110.94
111.12
111.22
111.23
111.27
111.3
111.38
111.38
111.49
111.43
111.31
111.35
111.37
111.43
111.45
111.39
111.55
111.41
111.44
111.44
111.4
111.39
111.39
111.54
111.27
111.38
111.29
111.11
111.16
111.14
111.11
111.09
111.06
111.1
111.01
110.99
111.2
111.02
110.98
111.06
111.1
111.24
111.26
111.23
111.32
111.27
111.26
111.34
111.32
111.35
111.36
111.31
111.42
111.38
111.41
111.4
111.4
111.33
111.37
111.33
111.32
111.35
111.31
111.31
111.3
111.35
111.35
111.4
111.47
111.46
111.46
111.44
111.48
111.58
111.46
111.49
111.63
111.63
111.75
111.78
111.84
111.85
111.74
111.69
111.68
111.81
111.68
111.67
111.72
111.71
111.76
111.71
111.75
111.8
111.83
111.85
111.88
111.87
111.9
111.93
111.95
111.91
112
112.11
112.06
112
111.99
111.99
112.01
112.05
112.07
112.01
112.05
112.05
111.97
111.91
111.93
111.87
111.94
112.04
111.92
111.77
111.91
111.58
111.54
112
111.62
111.68
111.64
111.68
111.75
111.77
111.73
111.82
111.93
111.81
111.99
111.79
111.85
111.84
111.88
111.94
111.86
111.97
111.97
111.85
111.83
111.86
111.78
111.86
111.84
111.93
111.91
112
112.09
112.08
112.1
112.09
111.93
112.05
112.01
112
112
112.02
112
112.01
112.01
111.97
111.99
111.98
112
111.95
111.96
111.95
111.98
111.97
111.94
112.01
112.03
111.94
112.02
111.94
111.96
112.02
112.02
111.98
111.94
112
111.94
111.87
111.93
111.86
111.83
111.85
111.81
111.82
111.86
111.86
111.89
111.92
111.98
111.8
112.03
112.07
111.79
111.99
112.01
111.95
111.95
112.04
112.12
112.11
112.09
112.07
111.93
111.96
111.94
111.87
111.87
111.79
111.77
111.91
111.59
111.66
111.76
111.79
111.85
111.92
111.88
111.9
111.87
111.9
111.83
111.78
111.9
112.1
112.66
112.47
112.47
112.77
112.97
113.11
113.15
112.98
112.86
112.66
112.55
112.72
112.83
112.62
112.56
112.79
111.98
112.16
112.2
112.22
112.42
112.5
112.48
112.4
112.27
112.44
112.37
112.36
112.36
112.35
112.47
112.11
112.21
112.21
112.13
111.84
111.87
111.72
111.61
111.7
111.71
111.89
111.82
111.82
111.84
111.77
111.85
111.56
111.47
111.49
111.45
111.24
111.23
111.32
111.3
111.32
111.3
111.26
110.89
110.83
111.28
111.3
110.88
110.87
111.26
111.06
111.03
111.01
111.03
111.17
111.28
111.27
110.9
111.01
111.01
111.3
111.27
111.26
111.06
111.11
111.15
111.08
111.18
111.07
111.03
110.83
110.89
110.86
110.66
111.04
110.51
111.03
110.46
110.66
110.73
110.71
110.68
110.76
110.65
110.64
110.82
110.83
110.84
110.54
110.88
110.51
110.9
110.65
111.01
110.8
111.14
110.79
111.12
111.07
111.07
111
111
111.03
110.98
111.17
111.17
111.3
111.19
111.04
111.1
111.1
111.13
111.08
111.08
110.96
111.06
111.06
111.14
111.13
111.23
111.27
111.08
111.42
111.46
111.42
111.66
111.62
111.62
111.74
111.76
111.64
111.59
111.55
111.53
111.45
111.62
111.62
111.36
111.43
111.37
111.43
111.38
111.44
111.49
111.39
111.37
111.16
111.23
111.47
111.49
111.29
111.33
111.31
111.27
111.31
111.33
111.23
111.25
111.3
111.22
111.35
111.31
111.23
111.25
111.28
111.26
111.25
111.16
111.12
111.17
111.11
111.14
111.22
111.28
111.12
111.14
111.41
111.13
111.3
111.36
111.39
111.29
111.26
111.38
111.56
111.53
111.56
111.52
111.55
111.51
111.55
111.51
111.57
111.45
111.39
111.39
111.37
111.44
111.46
111.45
111.42
111.42
111.48
111.46
111.34
111.34
111.41
111.45
111.48
111.42
111.36
111.37
111.55
111.41
111.52
111.56
111.5
111.5
111.5
111.35
111.42
111.42
111.45
111.5
111.49
111.48
111.48
111.47
111.5
111.47
111.57
111.46
111.45
111.59
111.57
111.56
111.58
111.6
111.61
111.6
111.69
111.58
111.72
111.57
111.62
111.63
111.67
111.65
111.71
111.71
111.72
111.78
111.82
111.57
111.97
111.97
112.01
111.58
112.06
112.14
112.07
111.66
112.09
112.07
111.64
112.08
112.13
112.14
112.15
112.14
112.15
112.19
112.29
112.37
112.4
112.39
112.24
112.51
112.26
112.53
112.49
112.36
112.49
112.41
112.52
112.5
112.58
112.66
112.62
112.49
112.47
112.48
112.55
112.53
112.58
112.59
112.54
112.32
112.17
112.12
111.93
111.99
111.94
111.94
112.24
112.27
112.2
112.15
112.19
112.24
112.14
112.16
112.13
112.04
112.08
112.21
112.04
112.18
112.04
112.15
112
112.19
