55.27
55.25
55.24
55.27
55.26
55.26
55.3
55.3
55.25
55.25
55.24
55.2
55.21
55.23
55.2
55.18
55.17
55.2
55.2
55.21
55.18
55.16
55.21
55.26
55.24
55.24
55.23
55.24
55.22
55.25
55.25
55.27
55.27
55.28
55.25
55.22
55.24
55.21
55.17
55.25
55.13
55.17
55.21
55.15
55.07
55.11
55.1
55.06
55.11
55.08
55.08
55.1
55.1
55.1
55.09
55.08
55.1
55.12
55.07
55.09
55.07
55.06
55.07
55.05
55.04
55.02
55.06
55.05
55.05
55.08
55.05
55.13
55.11
55.13
55.17
55.17
55.18
55.2
55.22
55.22
55.21
55.23
55.24
55.21
55.2
55.23
55.19
55.13
55.15
55.14
55.31
55.2
55.15
55.15
55.17
55.15
55.15
55.16
55.17
55.15
55.13
55.07
55.15
55.06
55.04
55.04
54.94
54.93
54.94
54.89
54.9
54.94
54.95
54.9
54.9
54.91
54.86
54.86
54.84
54.83
54.84
54.89
54.84
54.83
54.83
54.86
54.85
54.84
54.85
54.85
54.85
54.89
54.91
54.85
54.84
54.82
54.81
54.9
54.78
54.87
54.73
54.76
54.76
54.8
54.82
54.83
54.82
54.83
54.79
54.8
54.84
54.81
54.85
54.84
54.87
54.84
54.87
54.92
54.91
54.89
54.9
54.89
54.99
54.99
54.89
54.9
54.92
54.94
54.99
54.93
54.96
54.96
54.97
54.99
54.99
54.94
54.95
54.91
54.89
54.94
54.91
54.86
54.84
54.84
54.93
54.8
54.84
54.93
54.89
54.86
54.85
54.79
54.79
54.79
54.76
54.84
54.84
54.79
54.82
54.81
54.84
54.83
54.86
54.85
54.85
54.84
54.8
54.77
54.76
54.77
54.81
54.76
54.85
54.8
54.83
54.86
54.86
54.89
54.88
54.87
54.83
54.84
54.86
54.86
54.84
54.87
54.86
54.81
54.8
54.86
54.86
54.87
54.9
54.91
54.88
54.88
54.88
54.89
54.87
54.93
54.9
54.88
54.88
54.9
54.95
54.87
54.96
54.95
54.97
54.97
54.99
55
55.01
55.02
55.02
55
55.01
54.99
55.03
55.02
54.95
54.96
55.01
55.01
54.96
54.95
54.96
54.93
55
55.03
55.07
55.04
55
55.02
55.02
55.06
55.03
55.03
55.05
55
55.07
55.05
55.07
55.11
55.12
55.12
55.08
55.03
55.01
54.6
54.55
54.5
54.45
54.51
54.32
54.43
54.45
54.4
54.55
54.5
54.46
54.52
54.45
54.5
54.46
54.45
54.46
54.45
54.46
54.44
54.44
54.42
54.38
54.42
54.36
54.38
54.34
54.28
54.22
54.25
54.36
54.44
54.5
54.5
54.49
54.56
54.5
54.51
54.53
54.57
54.54
54.58
54.54
54.57
54.54
54.59
54.59
54.54
54.53
54.53
54.52
54.47
54.53
54.54
54.46
54.47
54.45
54.45
54.41
54.33
54.3
54.27
54.23
54.2
54.2
54.25
54.31
54.13
54.16
54.35
54.37
54.19
54.37
54.35
54.28
54.23
54.18
54.18
54.23
54.23
54.22
54.17
54.17
54.18
54.2
54.2
54.2
54.2
54.08
54.06
54.06
54.09
54.09
54.1
54.12
54.1
54.12
54.1
54.04
54.06
54
53.97
53.85
53.93
53.96
53.95
53.96
53.96
53.99
53.98
53.92
53.92
53.93
53.99
53.99
53.96
53.95
53.85
53.83
53.85
53.87
53.87
53.82
53.74
53.79
53.83
53.74
53.83
53.76
53.81
53.83
53.85
53.88
53.89
53.96
53.94
53.93
53.9
53.85
53.79
53.79
53.84
53.87
53.86
53.83
53.81
53.86
53.88
53.88
53.88
53.95
53.82
53.84
54
54
53.99
53.96
53.98
54
54
54
53.96
53.92
53.97
53.99
53.98
54.04
54.08
54.12
53.94
54.09
54.01
54
53.99
54
53.99
53.93
53.94
53.99
53.99
53.99
53.85
53.83
53.82
53.95
53.95
53.87
53.9
53.91
53.91
53.91
53.91
53.9
53.92
53.86
53.86
53.84
53.86
53.91
53.9
53.88
53.89
53.93
53.81
53.9
53.88
53.87
53.84
53.92
53.88
53.82
53.85
53.88
53.88
53.88
53.96
53.99
53.99
53.99
54.01
53.97
53.95
54.06
54.06
54.12
54.12
54.1
53.9
54.1
53.95
54.06
54.06
54.11
54.1
54.1
54.09
54.09
54.09
54.09
54.04
54.03
54.04
54.03
54.07
54.09
54.08
54.08
54.09
54.1
54.1
54.1
54.07
54.08
54.19
54.17
54.1
54.1
54.17
54.15
54.17
54.17
54.18
54.2
54.23
54.29
54.27
54.28
54.29
54.27
54.28
54.31
54.33
54.33
54.31
54.24
54.23
54.24
54.2
54.22
54.21
54.19
54.19
54.27
54.26
54.32
54.32
54.33
54.32
54.32
54.35
54.33
54.35
54.43
54.39
54.37
54.33
54.35
54.43
54.37
54.36
54.31
54.3
54.31
54.29
54.29
54.27
54.26
54.26
54.24
54.26
54.29
54.27
54.32
54.3
54.31
54.29
54.27
54.23
54.23
54.24
54.2
54.17
54.17
54.5
54.5
54.53
54.45
54.44
54.45
54.49
54.51
54.52
54.51
54.52
54.52
54.52
54.57
54.57
54.57
54.57
54.6
54.57
54.56
54.57
54.56
54.53
54.53
54.53
54.48
54.48
54.42
54.42
54.45
54.48
54.52
54.52
54.55
54.53
54.51
54.51
54.45
54.45
54.53
54.38
54.38
54.37
54.38
54.36
54.28
54.27
54.27
54.29
54.28
54.34
54.35
54.28
54.28
54.19
54.19
54.26
54.26
54.35
54.38
54.35
54.36
54.45
54.45
54.36
54.36
54.39
54.36
54.34
54.38
54.32
54.24
54.27
54.29
54.24
54.24
54.22
54.21
54.19
54.19
54.26
54.24
54.24
54.24
54.22
54.22
54.22
54.24
54.23
54.22
54.17
54.2
54.2
54.2
54.24
54.28
54.22
54.33
54.28
54.26
54.28
54.28
54.28
54.28
54.26
54.28
54.29
54.28
54.33
54.33
54.34
54.39
54.39
54.38
54.38
54.42
54.38
54.51
54.51
54.52
54.54
54.54
54.6
54.45
54.58
54.55
54.54
54.53
54.66
54.5
54.51
54.66
54.53
54.62
54.56
54.55
54.56
54.56
54.56
54.53
54.54
54.53
54.42
54.43
54.43
54.43
54.41
54.4
54.42
54.41
54.42
54.44
54.45
54.46
54.46
54.42
54.42
54.43
54.45
54.46
54.45
54.46
54.48
54.48
54.54
54.54
54.53
54.54
54.53
54.56
54.54
54.56
54.55
54.55
54.56
54.45
54.53
54.51
54.54
54.51
54.54
54.55
54.56
54.57
54.59
54.59
54.54
54.49
54.6
54.54
54.52
54.56
54.55
54.51
54.52
54.53
54.56
54.56
54.49
54.53
54.51
54.49
54.54
54.51
54.57
54.52
54.54
54.57
54.58
54.58
54.59
54.58
54.57
54.56
54.54
54.53
54.52
54.58
54.51
54.52
54.5
54.47
54.46
54.41
54.38
54.4
54.39
54.42
54.37
54.4
54.4
54.41
54.41
54.42
54.42
54.38
54.41
54.37
54.48
54.47
54.43
54.49
54.44
54.47
54.47
54.45
54.41
54.4
54.44
54.48
54.48
54.47
54.47
54.49
54.47
54.44
54.42
54.42
54.42
54.42
54.43
54.46
54.45
54.41
54.44
54.4
54.42
54.41
54.41
54.42
54.44
54.41
54.47
54.47
54.41
54.46
54.47
54.47
54.45
54.42
54.47
54.44
54.47
54.43
54.44
54.47
54.5
54.5
54.51
54.51
54.37
54.47
54.44
54.46
54.45
54.48
54.51
54.51
54.49
54.52
54.54
54.54
54.53
54.52
54.54
54.52
54.54
54.56
54.58
54.52
54.53
54.59
54.58
54.59
54.59
54.63
54.64
54.34
54.35
54.4
54.39
54.38
54.37
54.36
54.35
54.33
54.3
54.33
54.31
54.32
54.35
54.35
54.31
54.47
54.46
54.46
54.42
54.42
54.41
54.38
54.37
54.37
54.36
54.38
54.38
54.37
54.37
54.38
54.39
54.38
54.37
54.37
54.4
54.4
54.4
54.4
54.38
54.38
54.34
54.33
54.32
54.33
54.33
54.36
54.36
54.37
54.36
54.37
54.36
54.36
54.31
54.35
54.29
54.29
54.28
54.26
54.26
54.23
54.23
54.22
54.21
54.19
54.17
54.15
54.16
54.17
54.2
54.2
54.17
54.16
54.2
54.24
54.21
54.24
54.25
54.24
54.24
54.17
54.21
54.2
54.22
54.16
54.17
54.17
54.14
54.12
54.12
54.14
54.11
54.1
54.1
54.08
54.08
54.05
54.05
54.01
54.01
54.01
54.01
54
53.99
53.99
54.01
54.02
54
54.01
53.99
54
54.01
54
54.01
54.01
54.02
54.02
54.02
54.02
54.02
54.02
54.03
54.03
54.03
54.02
54.06
54.06
54.09
54.08
54.06
54.05
54.05
54.05
54.06
54.04
54.06
54.05
54.04
54.04
54.02
54.03
54
54.01
54.01
53.99
54.03
54.03
54.01
53.99
53.99
54
54.01
54.04
53.99
54.08
54.08
54.12
54.12
54.09
54.08
54.08
54.08
54.08
54.06
54.02
54.01
53.98
54.08
54.01
54.01
54.01
54.04
54.04
54.04
54.04
54.06
54.04
54.03
54.02
53.99
53.99
53.99
53.99
53.99
53.99
53.96
53.91
53.93
53.94
53.95
53.97
53.98
53.99
53.95
53.97
53.97
54.01
54.01
53.99
54.01
53.99
53.97
54
54.01
54.01
54
54.03
54.02
54.02
54.02
54.01
54.02
54.04
54.03
54.01
54.01
54.03
54.08
54.11
54.16
54.17
54.17
54.19
54.2
54.2
54.22
54.22
54.24
54.24
54.27
54.26
54.26
54.25
54.24
54.21
54.22
54.2
54.22
54.24
54.24
54.2
54.24
54.2
54.24
54.23
54.22
54.22
54.2
54.2
54.2
54.2
54.21
54.22
54.22
54.19
54.2
54.22
54.21
54.21
54.19
54.22
54.22
54.18
54.17
54.15
54.17
54.2
54.21
54.22
54.21
54.22
54.24
54.25
54.25
54.24
54.23
54.24
54.25
54.25
54.26
54.25
54.26
54.26
54.26
54.27
54.23
54.26
54.2
54.2
54.19
54.15
54.15
54.16
54.15
54.14
54.18
54.2
54.2
54.2
54.16
54.17
54.15
54.15
54.17
54.15
54.21
54.22
54.13
54.09
54.16
54.14
54.15
54.14
54.13
54.13
54.03
54
53.91
53.87
53.83
53.83
53.87
53.8
53.76
53.7
53.68
53.69
53.73
53.72
53.62
53.67
53.7
53.69
53.67
53.75
53.76
53.83
53.85
53.86
53.59
53.8
53.8
53.79
53.74
53.76
53.74
53.72
53.71
53.74
53.71
53.74
53.76
53.67
53.66
53.61
53.56
53.56
53.52
53.55
53.51
53.5
53.52
53.58
53.57
53.51
53.49
53.51
53.47
53.47
53.49
53.48
53.48
53.49
53.54
53.51
53.57
53.54
53.53
53.56
53.57
53.57
53.55
53.53
53.54
53.52
53.51
53.45
53.46
53.42
53.43
53.4
53.42
53.43
53.35
53.44
53.29
53.26
53.25
53.4
53.24
53.27
53.27
53.26
53.27
53.2
53.2
53.2
53.18
53.26
53.25
53.21
53.24
53.18
53.21
53.18
53.22
53.22
53.26
53.26
53.27
53.31
53.28
53.29
53.27
53.27
53.29
53.28
53.21
53.23
53.38
53.36
53.33
53.35
53.34
53.35
53.37
53.3
53.29
53.26
53.26
53.32
53.33
53.26
53.32
53.27
53.31
53.3
53.33
53.32
53.29
53.3
53.31
53.29
53.31
53.3
53.29
53.34
53.29
53.29
53.31
53.25
53.24
53.24
53.26
53.21
53.18
53.23
53.22
53.16
53.12
53.16
53.17
53.23
53.12
53.17
53.17
53.15
53.15
53.16
53.13
53.18
53.15
53.13
53.09
53.05
53.08
53.1
53.08
53.08
53.06
53.01
52.97
53.02
53.02
52.98
53.06
53.06
53.01
52.97
53.03
53.03
53.03
53.06
53.01
53.05
53.08
53.02
53.18
53.17
53.18
53.18
53.23
53.22
53.19
53.18
53.15
53.15
53.11
53.18
53.2
53.19
53.17
53.19
53.19
53.15
53.17
53.18
53.18
53.18
53.1
53.11
53.12
53.09
53.11
53.11
53.09
53.11
53.12
53.21
53.18
53.18
53.1
53.15
53.14
53.14
53.23
53.24
53.24
53.21
53.23
53.22
53.23
53.18
53.19
53.2
53.2
53.19
53.2
53.2
53.19
53.22
53.19
53.19
53.24
53.23
53.19
53.17
53.17
53.22
53.23
53.22
53.23
53.24
53.27
53.32
53.35
53.37
53.37
53.35
53.18
53.18
53.2
53.34
53.32
53.24
53.21
53.24
53.24
53.29
53.3
53.28
53.27
53.26
53.27
53.24
53.29
53.29
53.31
53.29
53.3
53.36
53.31
53.37
53.39
53.39
53.37
53.4
53.45
53.45
53.44
53.46
53.48
53.46
53.49
53.49
53.48
53.44
53.46
53.45
53.45
53.44
53.46
53.37
53.4
53.37
53.38
53.39
53.42
53.42
53.43
53.45
53.42
53.47
53.47
53.45
53.46
53.42
53.43
53.38
53.46
53.38
53.44
53.35
53.35
53.35
