78.64
78.51
78.5
78.5
78.5
78.5
78.48
78.48
78.48
78.48
78.48
78.31
78.34
78.34
78.33
78.33
78.33
78.23
78.23
78.23
78.23
78.49
78.49
78.49
78.62
78.62
78.59
78.68
78.68
78.61
78.61
78.59
78.59
78.59
78.63
78.63
78.63
78.63
78.37
78.37
78.37
78.37
78.5
78.42
78.35
78.44
78.44
78.44
78.44
78.44
78.44
78.44
78.38
78.16
78.52
78.13
78.13
78.26
78.26
78.29
78.36
78.36
78.36
78.36
78.36
78.25
78.24
78.24
78.24
78.18
78.18
78.19
78.5
78.5
78.5
78.5
78.5
78.49
78.51
78.46
78.51
78.37
78.37
78.37
78.37
78.37
78.37
78.53
78.53
78.53
78.53
78.53
78.53
78.53
78.53
78.53
78.53
78.53
78.22
78.22
78.22
78.36
78.36
78.24
78.1
78.1
78.16
78.16
78.16
78.16
78.16
78.18
78.18
78.09
78.09
78.09
78.1
78.1
78.1
78.1
78.1
78.1
78.1
78.1
78.1
78.1
78.1
77.97
77.97
77.97
78.03
78.06
78.06
78.06
78.06
78.06
77.96
77.96
77.96
77.96
77.96
77.98
77.9
77.9
77.9
77.9
77.9
77.9
77.9
77.9
77.84
77.84
78.06
78.06
78.06
78.06
78.06
78.06
78.06
78.06
78.06
78.06
78.06
78.02
78.02
78.02
78.02
78.04
78.03
78.03
77.96
77.96
78.28
77.91
78.17
78.17
78.17
78.1
78.1
78.21
78.21
78.21
78.21
78.21
78.09
78.22
78.22
78.22
78.18
78.15
78.06
78.06
78.06
78.06
77.89
77.89
77.9
77.9
77.9
77.9
77.9
77.9
77.9
77.9
77.9
77.82
77.91
77.83
77.82
77.82
77.73
77.73
77.73
77.73
77.73
77.73
77.73
77.73
77.73
77.86
77.86
77.84
77.84
77.87
77.93
77.93
77.88
77.88
77.9
77.88
77.93
77.93
77.9
77.9
77.9
77.9
77.9
77.95
77.95
77.95
77.88
77.83
77.83
77.83
77.99
77.93
77.93
77.97
77.97
77.97
77.88
77.88
77.88
77.88
77.88
77.88
77.92
77.9
77.9
77.9
77.85
77.85
77.77
77.77
77.77
77.75
77.75
77.75
77.81
77.81
77.8
77.8
77.7
77.71
77.71
77.71
77.75
77.75
77.74
77.72
77.78
77.78
77.83
77.9
77.87
77.87
77.9
77.76
77.7
77.31
77.31
77.31
77.31
77.31
77.02
77.01
77.01
77.01
77.01
77.01
77.01
77.01
77.01
77.01
77.12
77.12
77.12
77.12
77.12
77.07
77.08
77.08
77.08
77.08
77.08
77.08
77.08
77.03
76.87
76.9
76.9
76.9
77.1
77.1
77.05
77.05
77.05
77.03
77.03
77.06
77.06
77.06
77.1
77.1
77.1
77.08
76.98
76.98
76.98
76.98
76.98
76.98
76.98
76.98
76.96
77.1
77.1
77.1
77.1
77.1
76.96
76.93
76.91
76.91
76.91
76.91
77.01
77.01
77.01
77.01
76.94
76.94
76.9
76.9
76.9
76.9
76.9
76.8
76.67
76.84
76.84
76.77
76.85
76.85
76.85
76.85
76.62
76.51
76.51
76.56
76.67
76.67
76.46
76.47
76.47
76.54
76.54
76.54
76.54
76.54
76.54
76.38
76.38
76.38
76.35
76.35
76.35
76.35
76.42
76.4
76.25
76.25
76.25
76.25
76.14
76.18
76.18
76
76
75.97
75.97
75.97
75.97
75.97
75.97
75.79
75.84
75.82
76.07
75.83
75.83
75.83
75.83
75.83
75.83
75.83
75.83
75.83
75.83
75.72
75.73
75.73
75.91
75.91
75.91
75.91
75.91
75.91
75.93
75.93
75.93
75.93
75.93
76.1
76.1
76.1
76.1
76.1
75.93
76
75.98
75.98
75.98
75.98
75.98
76.34
76.35
76.35
76.27
76.3
76.25
76.15
76.14
76.14
76.14
76.14
76.04
76.04
76.04
76
75.98
75.98
75.98
75.91
75.91
75.91
75.84
75.87
75.87
75.87
75.87
75.87
75.87
75.64
75.64
75.73
75.74
75.74
75.88
76
75.83
75.83
75.83
75.82
75.75
75.75
75.75
75.85
75.72
75.72
75.59
75.63
75.63
75.79
75.79
75.79
75.79
75.63
75.66
75.76
75.76
75.75
75.75
75.75
75.87
75.87
75.85
75.85
75.74
75.91
75.91
75.71
75.71
75.83
75.64
75.72
75.61
75.61
75.78
75.41
75.41
75.54
75.54
75.54
75.47
75.47
75.55
75.6
75.55
75.55
75.54
75.71
75.76
75.76
75.76
75.65
75.74
75.74
75.83
75.83
75.83
75.83
75.86
75.86
75.86
76.07
76.07
76.19
75.87
76.2
76.2
76.2
76.2
76.13
76.14
76.11
76.11
76.13
76.14
76.14
76.14
76.14
75.96
75.96
75.96
76.15
76.08
76.21
76.07
76.13
76.19
76.19
76.33
76.28
76.32
76.23
76.35
76.28
76.38
76.33
76.33
76.39
76.28
76.19
76.19
76.07
76.15
76.15
76.12
76.18
76.31
76.28
76.3
76.34
76.27
76.24
76.31
76.25
76.26
76.28
76.17
76.16
76.16
77.17
77.54
77.54
77.01
77.02
76.97
77.24
77.24
77.58
77.58
77.51
77.51
77.51
77.46
77.46
77.46
77.46
77.67
77.7
77.61
77.65
77.66
77.57
77.57
77.57
77.43
77.43
77.17
77.25
77.46
77.46
77.46
77.46
77.5
77.37
77.48
77.39
77.4
77.4
77.36
77.36
77.36
77.37
77.16
77.24
77.22
77.17
77.17
77.17
77.17
77.23
77.23
77.28
77.28
77.28
77.03
77.26
77.26
77.27
77.27
77.27
77.27
77.33
77.32
77.28
77.25
77.25
77.25
77.25
77.33
77.21
77.01
77.01
77.01
77.01
77.01
76.89
76.89
76.89
76.89
76.98
76.87
76.87
76.87
76.96
76.92
76.92
76.92
76.92
76.97
76.86
76.86
76.97
76.97
76.97
76.9
76.92
76.78
76.93
76.93
76.85
76.85
76.85
76.95
76.95
76.95
77.14
77.04
77.04
76.81
76.81
77.01
77.07
77.02
76.96
77.05
76.98
77.18
77.18
77.04
77.07
77.16
77.16
77.16
77.16
77.16
77.2
76.94
77.26
77.08
76.94
77.24
77.24
77.07
77.07
77.07
77.04
77.04
77.04
77.04
77.12
77.21
77.06
77.06
77.06
76.95
76.95
76.95
76.93
76.91
76.91
77.09
77.09
77.09
77.09
77.09
77.09
77.09
77.09
77.09
77.09
77.09
77.09
77.09
77.2
77.19
77.19
77.19
77.19
77.14
77.14
77.1
77.1
77.15
77.08
77.02
77.02
77.19
77.21
77.21
77.21
77.21
77.21
77.38
77.3
77.3
77.3
77.3
77.3
77.3
77.28
77.28
77.32
77.28
77.28
77.31
77.31
77.31
77.31
77.21
77.19
77.19
77.18
77.18
77.18
77.18
77.18
77.18
77.33
77.33
77.45
77.45
77.45
77.46
77.46
77.38
77.38
77.28
77.21
77.38
77.38
77.32
77.4
77.19
77.19
77.19
77.19
77.26
77.2
77.24
77.14
77.29
77.2
77.2
77.28
77.25
77.19
77.19
77.19
77.25
77.36
77.25
77.26
77.33
77.29
77.25
77.2
77.15
77.29
77.3
77.3
77.29
77.29
77.29
77.38
77.29
77.26
77.26
77.26
77.33
77.35
77.39
77.38
77.4
77.4
77.35
77.35
77.39
77.28
77.3
77.32
77.32
77.43
77.43
77.3
77.36
77.44
77.44
77.44
77.44
77.45
77.3
77.48
77.56
78.23
78.23
78.23
78.23
78.35
78.35
78.35
78.35
78.35
78.35
78.35
78.13
78.13
78.13
78.13
78.41
78.46
78.7
78.7
78.9
79.06
78.88
78.88
78.88
78.83
78.83
78.83
78.83
78.54
78.67
78.69
78.61
78.61
78.5
78.45
78.63
78.46
78.46
78.46
78.5
78.5
78.5
78.45
78.45
78.45
78.45
78.45
78.45
78.49
78.53
78.37
78.37
78.41
78.56
78.5
78.5
78.5
78.48
78.42
78.42
78.61
78.63
78.53
78.65
78.65
78.65
78.78
78.69
78.69
78.69
78.69
78.69
78.68
78.79
78.79
78.68
78.68
78.46
78.46
78.83
78.45
78.56
78.4
78.47
78.47
78.26
78.25
78.25
78.25
78.35
78.33
78.33
78.35
78.33
78.33
78.33
78.33
78.2
78.22
78.28
78.29
78.38
78.49
78.49
78.22
78.33
78.33
78.26
78.41
78.49
78.34
78.34
78.33
78.18
78.18
78.25
78.25
78.25
78.25
78.43
78.43
78.25
78.25
78.43
78.43
78.43
78.43
78.43
78.43
78.46
78.38
78.4
78.08
78.06
78.1
78.28
78.28
78.17
78.14
78.12
78.18
78.11
78.11
78.04
78.13
78.11
78.2
78.26
78.28
78.31
78.32
78.24
78.24
78.24
78.32
78.28
78.29
78.18
78.35
78.3
78.29
78.29
78.29
78.3
78.24
78.26
78.26
78.26
78.29
78.3
78.26
78.26
78.26
78.26
78.28
78.45
78.4
78.4
78.41
78.41
78.41
78.41
78.41
78.38
78.36
78.51
78.54
78.54
78.54
78.54
78.54
78.55
78.5
78.49
78.5
78.5
78.5
78.5
78.54
78.54
78.39
78.48
78.61
78.61
78.66
78.66
78.66
78.6
78.47
78.62
78.7
78.7
78.7
78.64
78.64
78.64
78.64
78.64
78.64
78.69
78.72
78.72
78.79
78.79
78.72
78.77
78.77
78.77
78.77
78.68
78.68
78.68
78.68
78.68
78.69
78.73
78.76
78.87
78.87
78.8
78.8
78.8
78.8
78.72
78.72
78.51
78.51
78.63
78.63
78.63
78.71
78.75
78.75
78.75
78.75
78.75
78.75
78.75
78.82
78.66
78.77
78.77
78.77
78.85
78.75
78.88
78.88
78.88
78.84
78.92
78.92
78.92
78.92
78.95
78.95
78.92
78.93
78.91
78.91
78.9
78.83
78.83
78.88
78.88
78.94
78.94
78.9
78.9
78.89
78.89
78.92
78.91
78.93
78.94
78.91
78.82
78.78
78.8
78.89
78.85
78.84
78.87
78.9
78.84
78.84
78.8
78.89
78.86
78.8
78.75
78.82
78.74
78.9
78.87
78.99
78.99
78.94
78.94
78.97
78.96
78.85
78.99
78.89
78.86
78.93
78.86
78.97
78.82
78.7
78.74
78.76
78.75
78.79
78.74
78.74
78.73
78.73
78.73
78.81
78.81
78.17
78.17
78.61
78.61
78.61
78.28
78.28
78.4
78.23
78.07
78.07
78.06
78.06
77.73
78.02
78.02
78.02
78.16
78.16
77.99
77.8
78.21
77.93
77.99
77.92
77.92
77.98
77.98
77.93
77.93
77.93
77.98
78.13
77.9
77.9
77.9
77.93
77.93
77.93
77.93
77.93
77.93
77.8
77.8
77.97
77.97
77.87
77.88
77.85
77.83
77.91
77.91
77.61
77.73
77.73
77.62
77.62
77.79
77.53
77.53
77.65
77.65
77.54
77.54
77.54
77.54
77.68
77.68
77.68
77.68
77.71
77.71
77.78
77.78
77.67
77.67
77.87
77.87
77.62
77.68
77.5
77.62
77.62
77.62
77.67
77.67
77.75
77.75
77.68
77.68
77.68
77.68
77.68
77.5
77.29
77.34
77.44
77.44
77.44
77.44
77.44
77.4
77.4
77.55
77.34
77.34
77.34
77.36
77.38
77.38
77.46
77.5
77.5
77.44
77.44
77.44
77.44
77.42
77.28
77.28
77.28
77.28
77.45
77.45
77.45
77.45
77.43
77.43
77.43
77.43
77.38
77.38
77.38
77.48
77.48
77.42
77.42
77.32
77.32
77.42
77.42
77.45
77.45
77.45
77.4
77.4
77.4
77.4
77.41
77.28
77.28
77.28
77.28
77.28
77.28
77.28
77.28
77.11
77.15
77.18
77.18
77.18
77.16
77.2
77.2
77.2
77.2
77.2
77.09
77.04
77.04
77.04
77.04
77.04
76.96
76.96
76.93
76.94
76.94
76.94
76.94
76.94
76.94
76.85
76.85
76.85
76.85
76.85
76.85
76.8
76.8
76.8
76.8
76.8
76.8
76.83
76.94
77.1
77.1
77.1
77.04
77.15
77.15
77.15
77.15
77.15
77.15
77.15
77.15
77.11
77.11
77.11
77.07
77.01
76.99
76.99
77.05
77.05
76.96
76.96
76.96
77.05
77.05
77.05
77.05
77.05
76.91
77
77
77
77.01
77.03
77.02
77.02
76.92
76.98
76.92
76.99
77.02
77.02
77.02
77.02
77.02
77.02
76.89
76.89
76.92
76.83
76.9
76.92
76.92
76.92
76.92
76.92
76.82
76.82
76.82
76.88
76.83
76.86
76.86
76.86
76.86
76.86
76.86
76.9
76.91
76.99
76.83
76.83
76.83
76.99
76.84
76.84
76.85
76.85
76.98
77.01
77.06
76.88
77.11
76.92
77.14
77.17
77.22
77.16
77.11
77.18
77.1
77.18
77.18
77.18
77.09
77.14
77.21
77.18
77.36
77.32
77.31
77.28
77.28
77.36
77.32
77.34
77.29
77.29
77.3
77.27
77.38
77.38
77.38
77.31
77.36
77.32
77.39
77.32
77.18
77.18
77.08
77.08
77
77.02
77.03
76.96
76.97
76.97
77.06
77.04
77.04
77.01
77.06
77.06
77.04
77.04
77.07
77
77.03
76.97
