35.75
35.76
35.68
35.67
35.64
35.64
35.63
35.71
35.73
35.76
35.67
35.63
35.65
35.66
35.65
35.55
35.57
35.67
35.67
35.6
35.6
35.59
35.56
35.66
35.7
35.72
35.8
35.87
35.92
35.9
35.9
35.9
35.96
35.99
35.78
35.93
35.93
35.82
35.8
35.84
35.88
35.87
35.89
35.85
35.82
35.76
35.78
35.68
35.71
35.7
35.7
35.79
35.7
35.64
35.65
35.67
35.62
35.62
35.53
35.6
35.62
35.54
35.57
35.55
35.53
35.57
35.47
35.46
35.46
35.47
35.47
35.56
35.58
35.56
35.55
35.51
35.48
35.56
35.48
35.48
35.49
35.48
35.51
35.51
35.5
35.42
35.39
35.39
35.33
35.32
35.88
35.35
35.34
35.32
35.32
35.21
35.24
35.23
35.12
35.11
35.06
35.03
34.83
34.67
34.67
34.67
34.67
34.67
34.73
34.71
34.71
34.95
34.75
35.03
35.06
35.03
34.96
34.98
35.04
35.05
34.97
35.01
35.01
34.92
34.88
34.94
34.94
34.95
34.98
34.98
34.95
34.94
34.89
34.9
34.91
34.9
34.94
34.86
34.9
34.83
34.83
34.84
34.85
34.83
34.88
34.86
34.87
34.78
34.8
34.82
34.85
34.83
34.89
34.89
34.89
34.85
34.78
34.87
34.84
34.87
34.87
34.83
34.9
34.89
34.84
34.84
34.87
34.89
34.85
34.84
34.83
34.86
34.79
34.9
34.86
34.89
34.85
34.86
34.75
34.83
34.83
34.79
34.76
34.76
34.79
34.79
34.71
34.74
34.72
34.7
34.76
34.7
34.71
34.71
34.69
34.73
34.68
34.66
34.67
34.7
34.69
34.69
34.71
34.72
34.72
34.68
34.69
34.68
34.65
34.67
34.72
34.67
34.67
34.66
34.63
34.64
34.64
34.64
34.7
34.67
34.69
34.69
34.68
34.68
34.67
34.69
34.68
34.68
34.69
34.7
34.68
34.67
34.62
34.58
34.6
34.56
34.55
34.57
34.5
34.59
34.57
34.6
34.52
34.51
34.5
34.51
34.47
34.48
34.51
34.48
34.49
34.47
34.48
34.49
34.45
34.48
34.45
34.46
34.52
34.54
34.55
34.56
34.55
34.52
34.47
34.44
34.41
34.39
34.41
34.37
34.36
34.35
34.34
34.35
34.35
34.29
34.31
34.31
34.37
34.35
34.35
34.4
34.41
34.36
34.42
34.42
34.44
34.44
34.39
34.56
34.46
34.53
34.63
34.54
34.57
34.63
34.66
34.65
34.53
34.45
34.45
34.35
34.44
34.42
34.4
34.4
34.32
34.36
34.36
34.35
34.41
34.32
34.28
34.33
34.3
34.27
34.21
34.2
34.2
34.36
34.42
34.23
34.53
34.53
34.48
34.5
34.48
34.48
34.49
34.44
34.46
34.46
34.35
34.38
34.38
34.29
34.27
34.26
34.3
34.3
34.16
34.2
34.19
34.21
34.15
34.15
34.17
34.17
34.11
34.18
34.07
34.13
34.19
34.2
34.02
33.97
33.96
33.91
33.79
33.82
33.82
33.82
33.84
33.98
33.67
33.99
33.44
33.91
33.44
33.32
33.21
33.21
33.22
33.25
33.27
33.26
33.13
33.04
32.88
32.85
32.64
32.51
32.43
32.5
32.72
32.73
32.77
32.79
32.76
32.71
32.67
32.75
32.62
32.56
32.72
32.63
32.59
32.59
32.85
32.8
32.71
32.71
32.82
32.81
32.83
32.79
32.65
32.65
32.64
32.56
32.6
32.61
32.57
32.59
32.65
32.63
32.7
32.7
32.69
32.79
32.8
32.72
32.73
32.7
32.71
32.72
32.79
32.81
32.81
32.75
32.77
32.77
32.96
33.02
33.03
32.94
32.99
33.03
33.04
33.01
33.04
32.99
32.98
33.02
33.05
33.12
33.09
33.14
33.1
33.05
33.1
33.08
33.11
33.1
33.08
33.21
33.22
33.24
33.19
33.2
33.19
33.11
33.07
33.16
33.15
33.03
32.99
33.03
33
33.01
33.06
33.03
32.87
33
33
32.91
32.89
32.91
32.92
32.92
32.96
32.91
32.9
32.95
32.88
32.84
32.93
32.9
32.97
32.96
32.95
32.94
33
32.99
33.02
33.06
33.01
33.08
32.98
33.1
33.12
33.14
33.03
33.09
33.08
33.06
33.1
33.1
33.1
33.12
33.11
33.1
33.08
33.09
33.11
33.1
33.13
33.15
33.15
33.17
33.14
33.11
33.12
33.12
33.1
33.12
33.15
33.14
33.2
33.14
33.14
33.11
33.12
33.24
33.21
33.28
33.27
33.31
33.29
33.34
33.38
33.48
33.52
33.51
33.29
33.34
33.63
33.53
33.58
33.59
33.51
33.56
33.61
33.65
33.65
33.71
33.69
33.73
33.65
33.7
33.66
33.72
33.74
33.7
33.64
33.67
33.63
33.66
33.66
33.7
33.65
33.65
33.6
33.61
33.66
33.61
33.51
33.62
33.66
33.61
33.57
33.65
33.69
33.62
33.6
33.64
33.65
33.65
33.61
33.58
33.63
33.67
33.69
33.67
33.62
33.56
33.69
33.69
33.62
33.63
33.7
33.67
33.7
33.7
33.68
33.65
33.66
33.68
33.67
33.66
33.64
33.58
33.58
33.77
33.7
33.67
33.67
33.68
33.68
33.65
33.65
33.6
33.67
33.7
33.7
33.7
33.66
33.71
33.71
33.71
33.71
33.6
33.5
33.56
33.51
33.51
33.51
33.51
33.56
33.56
33.46
33.45
33.45
33.52
33.54
33.55
33.51
33.49
33.48
33.45
33.51
33.51
33.42
33.42
33.42
33.54
33.45
33.4
33.35
33.32
33.32
33.32
33.31
33.3
33.31
33.3
33.31
33.08
33.04
33.06
33.06
33.22
33.13
33.13
33.13
33.14
33.08
33.1
33.09
33.12
33.12
33.12
33.18
33.21
33.2
33.24
33.23
33.25
33.25
33.27
33.14
33.14
33.14
33.27
33.21
33.21
33.21
33.26
33.21
33.23
33.2
33.17
33.2
33.22
33.31
33.28
33.28
33.28
33.33
33.21
33.39
33.33
33.38
33.4
33.4
33.41
33.38
33.39
33.38
33.39
33.42
33.4
33.4
33.44
33.52
33.53
33.52
33.51
33.59
33.63
33.56
33.56
33.62
33.78
33.8
33.75
33.81
33.78
33.81
33.78
33.81
33.85
33.65
33.6
33.67
33.66
33.66
33.68
33.78
33.78
33.8
33.83
33.82
33.86
33.88
33.9
33.96
33.96
33.87
33.86
33.86
33.88
33.87
33.88
33.89
33.81
33.85
33.87
33.78
33.82
33.89
33.76
33.76
33.81
33.73
33.71
33.71
33.64
33.66
33.68
33.64
33.81
33.63
33.58
33.59
33.58
33.58
33.61
33.59
33.58
33.59
33.7
33.67
33.71
33.71
33.71
33.74
33.77
33.78
33.8
33.8
33.81
33.86
33.85
33.85
33.78
33.86
33.85
33.86
33.86
33.86
33.85
33.86
33.86
33.86
33.85
33.98
34
33.98
34.02
34.01
34
33.98
33.97
33.99
33.98
33.96
33.95
33.96
33.95
33.91
33.96
33.98
33.98
33.99
34
33.92
33.89
33.92
33.94
33.9
33.92
33.9
33.93
33.92
33.92
33.95
33.87
33.93
33.88
33.91
33.9
33.85
33.87
33.88
33.85
33.86
33.9
33.9
33.88
33.87
33.86
33.89
33.89
33.85
33.87
33.88
33.85
33.81
33.82
33.86
33.83
33.84
33.9
33.86
33.91
33.92
33.85
33.97
33.99
34
34
33.99
34
34.02
33.94
33.94
33.94
33.96
33.98
33.94
34.03
34.04
34.05
33.95
33.99
34.1
34.24
34.42
34.4
34.4
34.46
34.41
34.36
34.24
34.37
34.38
34.38
34.35
34.39
34.39
34.41
34.42
34.51
34.51
34.52
34.56
34.61
34.6
34.58
34.64
34.57
34.61
34.59
34.55
34.52
34.5
34.52
34.58
34.58
34.53
34.49
34.5
34.49
34.46
34.46
34.46
34.45
34.4
34.37
34.45
34.46
34.41
34.4
34.38
34.36
34.35
34.42
34.42
34.32
34.3
34.27
34.3
34.29
34.31
34.3
34.28
34.28
34.28
34.23
34.26
34.3
34.3
34.24
34.19
34.23
34.22
34.23
34.29
34.26
34.08
34.29
34.13
34.1
34.16
34.18
34.14
34.19
34.25
34.25
34.28
34.28
34.3
34.31
34.29
34.28
34.31
34.38
34.38
34.31
34.3
34.3
34.33
34.29
34.34
34.33
34.33
34.28
34.29
34.29
34.3
34.2
34.24
34.27
34.33
34.34
34.35
34.3
34.22
34.21
34.28
34.25
34.29
34.3
34.33
34.38
34.32
34.33
34.37
34.36
34.35
34.36
34.37
34.36
34.36
34.37
34.35
34.36
34.4
34.38
34.4
34.4
34.38
34.4
34.39
34.38
34.38
34.39
34.39
34.42
34.39
34.39
34.4
34.4
34.4
34.4
34.44
34.43
34.4
34.38
34.42
34.4
34.33
34.38
34.39
34.42
34.38
34.35
34.43
34.4
34.37
34.35
34.37
34.36
34.35
34.32
34.32
34.34
34.34
34.4
34.4
34.34
34.37
34.35
34.34
34.39
34.42
34.36
34.33
34.33
34.4
34.43
34.4
34.34
34.4
34.4
34.35
34.35
34.32
34.3
34.29
34.24
34.24
34.23
34.28
34.31
34.31
34.28
34.26
34.24
34.22
34.25
34.24
34.25
34.26
34.27
34.27
34.23
34.24
34.24
34.25
34.22
34.19
34.17
34.17
34.17
34.15
34.16
34.21
34.17
34.17
34.2
34.13
34.1
34.08
34.07
34.1
34.08
34.08
34.15
34.13
34.11
34.14
34.15
34.16
34.17
34.22
34.22
34.25
34.24
34.22
34.25
34.22
34.29
34.25
34.23
34.23
34.28
34.3
34.3
34.26
34.24
34.26
34.26
34.28
34.27
34.33
34.31
34.35
34.35
34.34
34.26
34.36
34.37
34.38
34.39
34.4
34.4
34.42
34.4
34.4
34.39
34.41
34.4
34.35
34.36
34.37
34.38
34.4
34.4
34.4
34.4
34.44
34.45
34.38
34.41
34.45
34.42
34.41
34.4
34.42
34.42
34.44
34.44
34.38
34.44
34.4
34.41
34.45
34.43
34.4
34.4
34.45
34.4
34.42
34.4
34.42
34.44
34.4
34.38
34.37
34.44
34.44
34.42
34.39
34.33
34.37
34.41
34.4
34.35
34.34
34.35
34.32
34.3
34.36
34.37
34.31
34.31
34.3
34.33
34.35
34.39
34.4
34.38
34.42
34.42
34.42
34.3
34.27
34.37
34.37
34.41
34.41
34.43
34.41
34.32
34.32
34.26
34.25
34.29
34.26
34.39
34.39
34.3
34.38
34.38
34.34
34.33
34.32
34.31
34.39
34.37
34.35
34.35
34.31
34.31
34.31
34.35
34.32
34.3
34.24
34.19
34.16
34.1
34.11
34.15
34.13
34.12
34.08
34.09
34.08
34.08
34.15
34.08
34.08
34.03
34.03
34.02
33.93
33.91
33.85
33.94
33.95
33.85
33.96
33.94
33.9
33.86
33.82
33.96
33.85
33.82
33.83
33.87
33.87
33.86
33.87
33.87
33.87
33.9
33.98
34.01
34.01
33.98
33.87
33.83
33.8
33.75
33.68
33.68
33.7
33.7
33.7
33.7
33.74
33.75
33.76
33.78
33.73
33.82
33.86
33.89
33.95
33.94
33.93
33.9
33.9
33.85
33.92
33.87
33.82
33.86
33.89
33.86
33.86
33.85
33.85
33.85
33.87
33.91
33.92
33.93
33.91
33.93
33.91
33.87
33.89
33.9
33.94
33.97
33.85
33.96
33.96
33.96
33.98
34.01
34.01
34
34.03
34.03
34.02
34.03
34.12
34.06
34.15
34.12
34.09
34.08
34.08
34.08
34.08
34.12
34.1
34.1
34.09
34.07
34.11
34.12
34.1
34.1
34.01
34.01
34.02
33.99
34.03
34.04
34.04
34.05
34.05
33.93
33.96
34.04
33.95
33.98
34
34.02
34.03
34.05
34.04
34.03
34.03
34.07
34.04
34.04
33.97
33.98
33.97
33.94
33.98
34.04
33.89
33.87
33.87
33.87
33.87
33.87
33.92
33.9
33.91
33.91
33.91
33.88
33.89
33.9
33.94
33.95
33.95
33.94
33.9
33.9
33.91
33.92
33.95
33.94
33.93
33.94
33.95
33.94
33.94
33.96
34
34.02
34.01
34.01
34.03
34.02
34
34.01
33.97
33.99
34.01
34.03
34
34.03
34.07
34.13
34.12
34.06
34.1
34.12
34.12
34.1
34.1
34.13
34.16
34.17
34.2
34.17
34.22
34.19
34.26
34.26
34.27
34.26
34.25
34.26
34.25
34.22
34.22
34.27
34.25
34.26
34.28
34.29
34.29
34.26
34.25
34.29
34.25
34.24
34.22
34.23
34.28
34.15
34.29
34.29
34.28
34.31
34.26
34.35
34.27
34.32
34.32
34.31
34.18
34.2
34.22
34.24
34.23
34.25
34.22
34.2
34.2
34.18
34.19
34.19
34.2
34.19
34.2
34.23
34.21
34.24
34.22
34.25
34.23
34.26
34.24
34.25
34.27
34.3
34.26
34.31
34.31
34.29
34.27
34.28
34.29
34.32
34.31
34.35
34.29
34.35
34.28
34.29
34.29
34.28
34.28
34.35
34.38
34.38
34.4
34.42
34.41
34.43
34.45
34.39
34.4
34.36
34.34
34.39
34.4
34.33
34.28
34.24
34.26
