78.96
78.88
78.88
78.76
78.95
78.77
78.72
78.74
78.79
78.71
78.71
78.66
78.75
78.74
78.73
78.64
78.57
78.62
78.62
78.56
78.61
78.63
78.6
78.77
78.67
78.71
78.66
78.69
78.73
78.71
78.81
78.8
78.71
78.69
78.7
78.74
78.84
78.86
78.89
78.81
78.71
78.74
78.76
78.66
78.63
78.65
78.63
78.56
78.62
78.61
78.62
78.64
78.38
78.68
78.62
78.33
78.23
78.65
78.27
78.26
78.23
78.18
78.2
78.21
78.19
78.15
78.21
78.19
78.22
78.26
78.18
78.42
78.33
78.36
78.42
78.35
78.35
78.3
78.22
78.25
78.2
78.28
78.35
78.17
78.33
78.15
78.07
78.06
78.09
78.06
78.08
78.1
78.12
78.09
78.1
78.11
78.1
78.09
78.04
78.1
78.09
78.06
78.1
78.06
77.93
77.93
77.65
77.66
77.7
77.7
77.67
77.63
77.63
77.63
77.45
77.47
77.47
77.52
77.49
77.48
77.44
77.37
77.38
77.33
77.51
77.22
77.25
77.18
77.21
77.18
77.16
77.31
77.13
77.29
77.29
77.25
77.31
77.29
77.27
77.22
77.23
77.29
77.14
77.17
77.18
77.13
77.19
77.11
77.1
77.17
77.25
77.11
77.12
77.35
77.11
77.07
77.36
77.41
77.41
77.44
77.34
77.3
77.32
77.32
77.33
77.28
77.3
77.28
77.26
77.33
77.35
77.41
77.39
77.24
77.3
77.42
77.37
77.29
77.29
77.32
77.31
77.32
77.24
77.25
77.26
77.35
77.33
77.36
77.36
77.24
77.35
77.24
77.25
77.23
77.25
77.25
77.28
77.24
77.2
77.18
77.25
77.36
77.3
77.3
77.34
77.25
77.21
77.22
77.17
77.16
77.17
77.18
77.18
77.18
77.16
77.18
77.24
77.29
77.16
77.16
77.11
77.13
77.15
77.15
77.13
77.12
77.03
76.91
76.89
77.05
77.06
77.09
77.07
77.06
77.05
76.94
77.03
76.95
76.91
77
77
76.98
77.04
77.02
77.03
77.16
76.91
77.11
77.14
77.14
77.14
77.13
77.12
77.12
77.1
77.11
77.11
77.12
77.13
77.11
77.19
77.19
77.17
77.2
77.11
77.12
77.11
77.13
77.17
77.19
77.29
77.26
77.17
77.2
77.2
77.13
77.2
77.15
77.22
77.28
77.3
77.31
77.34
77.37
77.37
77.37
77.36
77.27
77.26
77.22
77.13
77.16
77.25
77.04
77.36
77.33
77.56
77.48
77.53
77.34
77.24
77.28
77.48
77.34
77.26
77.18
77.22
77.02
77.03
76.92
76.97
76.93
76.92
76.81
76.63
76.94
76.64
76.79
76.68
76.75
76.76
76.96
77.01
76.99
77
77.05
77.01
76.97
77.08
77.01
77.12
77.14
76.94
77.22
77.19
77.14
77.09
77.11
77
76.98
77
76.87
76.93
76.98
76.94
76.91
76.85
76.85
77.01
76.72
76.75
76.75
76.75
76.74
76.65
76.62
76.68
76.71
76.67
76.57
76.66
76.54
76.69
76.63
76.54
76.48
76.37
76.44
76.48
76.47
76.47
76.45
76.47
76.43
76.52
76.45
76.5
76.45
76.21
76.24
76.21
76.15
76.25
76.06
76.03
76.06
76.02
76
76.01
76.01
75.89
75.92
75.91
75.96
75.93
75.88
75.86
75.94
76.03
75.91
75.88
75.95
76
75.89
76.12
76.07
76.02
76.01
75.97
76.04
75.85
75.87
75.74
75.72
75.75
75.74
75.87
75.9
75.91
75.93
75.88
75.9
75.93
75.9
75.95
75.79
75.92
75.73
75.96
75.62
75.57
75.69
75.74
75.72
75.71
75.72
75.83
75.77
75.7
75.85
75.72
75.93
75.98
75.83
76.05
76.05
75.78
76.19
76
75.95
75.94
75.96
75.92
75.94
75.92
76
76.02
75.97
76.04
76.14
76.02
76.09
76.09
76.04
76.03
76
76.08
75.85
75.74
75.66
75.67
75.7
75.71
75.79
75.85
75.83
75.77
75.74
75.69
75.63
75.64
75.57
75.53
75.63
75.39
75.49
75.62
75.58
75.66
75.62
75.73
75.54
75.45
75.64
75.67
75.7
75.64
75.72
75.59
75.53
75.59
75.63
75.58
75.61
75.7
75.65
75.66
75.6
75.64
75.57
75.55
75.68
75.74
75.86
75.85
75.96
76.03
76.09
76.05
76.06
76.05
76.14
76.13
76.11
76.06
76.07
75.91
75.89
76.11
76.11
75.85
75.91
75.94
75.99
75.96
76.08
76.11
76.12
76.1
76.12
76.04
76.25
76.29
76.11
76.11
76.36
76.13
76.12
76.33
76.35
76.45
76.49
76.48
76.54
76.6
76.47
76.46
76.63
76.7
76.61
76.73
76.74
76.76
76.54
76.62
76.62
76.55
76.54
76.74
76.61
76.6
76.57
76.49
76.66
76.72
76.71
76.7
76.84
76.73
76.9
76.92
76.86
77.06
77
76.95
76.89
76.9
76.92
76.92
76.94
76.93
76.85
76.94
76.86
76.81
76.75
76.66
76.82
76.57
76.57
76.55
76.54
76.51
76.57
76.51
76.54
76.57
76.46
76.42
76.43
76.16
76.23
76.15
76.8
76.83
76.83
76.83
76.83
76.57
76.89
76.86
76.95
76.97
76.96
76.78
76.78
77.17
77.2
77.16
77.32
77.25
77.15
77
77.33
77.08
77.35
77.12
77.12
77.29
77.29
76.64
76.63
76.76
76.78
76.73
76.77
76.79
76.75
76.77
76.79
76.67
76.67
76.61
76.56
76.56
76.68
76.59
76.53
76.51
76.43
76.43
76.55
76.5
76.65
76.59
76.53
76.45
76.33
76.4
76.49
76.49
76.68
76.71
76.68
76.84
76.75
76.72
76.87
76.76
76.83
76.79
76.72
76.81
76.71
76.44
76.55
76.43
76.52
76.45
76.39
76.41
76.34
76.34
76.36
76.36
76.36
76.33
76.29
76.34
76.29
76.35
76.32
76.28
76.37
76.31
76.35
76.3
76.45
76.29
76.29
76.5
76.49
76.39
76.4
76.43
76.4
76.35
76.42
76.29
76.3
76.39
76.34
76.28
76.34
76.4
76.44
76.47
76.48
76.5
76.63
76.68
76.68
76.72
76.57
76.79
76.63
76.6
76.61
76.78
76.57
76.74
76.78
76.69
76.88
76.68
76.7
76.86
76.66
76.79
76.78
76.86
76.83
76.7
76.8
76.78
76.74
76.47
76.47
76.42
76.42
76.46
76.46
76.46
76.45
76.47
76.47
76.47
76.41
76.48
76.48
76.43
76.42
76.49
76.41
76.42
76.44
76.45
76.52
76.47
76.48
76.48
76.45
76.46
76.45
76.47
76.46
76.48
76.47
76.35
76.44
76.33
76.45
76.36
76.32
76.33
76.32
76.35
76.43
76.34
76.33
76.2
76.11
76.15
76.21
76.39
76.07
76.12
76.05
76.08
76.11
76.1
76.03
76.04
76.08
76.1
76.07
76.12
76.1
76.05
76.06
76.12
76.09
76.11
76.11
76.08
76.09
76.01
76.01
76.01
76.01
76.04
75.98
75.99
75.99
76.01
75.99
75.95
76.02
75.88
75.88
75.91
75.92
75.91
75.87
75.88
75.9
75.94
75.93
75.86
75.98
76.04
76.09
76.04
76.05
76.01
76.01
76.02
75.96
75.98
76.01
76.01
75.98
76.03
76.03
75.99
75.99
76.03
76.01
75.99
76
76.01
76.03
76.09
76.09
76.07
76.06
76.02
76.05
75.92
75.95
75.98
75.97
75.98
76.02
75.99
76.02
76.01
76.01
76.07
76.08
76.06
76.01
76.05
76.1
76.08
76.1
76.46
76.27
76.32
76.3
76.32
76.41
76.31
76.31
76.2
76.18
76.12
76.11
76.21
76.21
76.33
76.27
76.28
76.43
76.44
76.49
76.66
76.65
76.62
76.61
76.59
76.8
76.68
76.78
76.91
76.9
76.9
76.95
76.98
76.85
76.99
76.95
77
76.95
76.94
76.94
76.99
76.95
76.99
76.92
77
77.05
77.07
77.07
76.95
76.91
77.19
77.27
77.26
77.22
77.22
77.22
77.17
77.17
77.12
77.12
77.14
77.1
77.24
77.35
77.38
77.44
77.12
77.14
77.44
77.38
77.44
77.51
77.5
77.4
77.54
77.5
77.47
77.48
77.48
77.45
77.38
77.36
77.36
77.4
77.44
77.41
77.39
77.4
77.38
77.39
77.34
77.34
77.35
77.3
77.27
77.34
77.3
77.36
77.35
77.34
77.35
77.3
77.3
77.3
77.26
77.28
77.32
77.36
77.38
77.39
77.4
77.42
77.43
77.42
77.41
77.42
77.36
77.4
77.4
77.4
77.37
77.43
77.4
77.39
77.51
77.42
77.47
77.46
77.47
77.49
77.52
77.57
77.59
77.53
77.47
77.57
77.55
77.52
77.68
77.7
77.71
77.48
77.54
77.71
77.6
77.8
77.82
77.84
77.9
77.89
77.86
77.85
77.89
77.85
77.9
77.92
77.85
77.89
77.84
77.95
78.01
78.03
77.99
77.98
78.03
78.02
77.92
77.97
77.97
78
77.95
77.97
77.9
77.92
77.97
77.91
77.93
77.93
77.91
77.97
77.89
77.97
77.96
77.98
77.96
78.11
78.12
78.06
77.97
78.04
77.99
78.04
78
77.98
77.97
77.96
77.93
77.95
77.97
77.93
77.92
77.98
77.96
77.97
77.97
77.95
77.96
77.94
77.96
77.96
77.94
77.95
77.96
77.96
78
78
78.02
77.97
77.99
78.04
77.99
77.96
77.97
77.93
77.97
77.97
77.92
77.93
77.85
77.77
77.86
77.83
77.78
77.81
77.94
77.81
77.83
77.86
77.87
77.89
77.87
77.93
77.88
77.9
77.83
77.88
77.9
77.94
77.92
77.97
77.92
78.05
77.99
78
77.97
77.99
77.99
77.99
77.96
77.99
78.01
78.04
78.04
78.05
77.97
77.99
78.02
78.03
78.03
78.09
78.08
78.05
78.08
78.01
78.02
78.1
78.08
78.07
78.12
78.13
78.09
78.11
78.11
78.11
78.12
78.1
78.09
78.1
78.1
78.09
78.1
78.09
78.09
78.04
78.06
78.03
78.01
78.03
78
78.03
78.06
78.02
78.05
78.08
78.08
78.06
78.08
78.08
78.11
78.11
78.15
78.1
78.07
78.06
78.09
78.13
78.17
78.13
78.21
78.15
78.06
77.98
78.04
78.01
78.22
78.03
78.06
78.04
78.07
78.05
78.11
78.2
78.21
78.16
78.21
78.18
78.11
78.11
78.11
78.11
78.18
78.04
78.21
78.45
78.43
78.41
78.5
78.54
78.49
78.45
78.27
78.14
78.3
78.14
78.24
78.33
78.22
78.05
78.02
78.07
78.06
78.12
78.17
78.18
78.06
78.06
78.07
78.18
78.22
78.16
78.21
78.18
78.17
77.99
78.02
78.01
77.86
77.97
78
78.02
77.98
77.97
77.85
77.95
78.08
77.95
78.04
77.98
77.9
77.88
77.85
77.8
77.89
77.8
77.87
77.92
77.98
77.96
77.89
77.92
77.88
77.99
77.99
77.78
78.08
77.8
78
77.8
77.77
77.75
77.68
77.7
77.77
77.75
77.77
77.7
77.67
77.82
77.69
77.8
77.61
77.6
77.59
77.57
77.6
77.58
77.59
77.45
77.43
77.44
77.6
77.27
77.3
77.25
77.26
77.33
77.32
77.37
77.36
77.44
77.39
77.42
77.47
77.41
77.37
77.37
77.56
77.57
77.37
77.67
77.7
77.74
77.46
77.7
77.71
77.69
77.81
77.8
77.77
77.81
77.8
77.72
77.87
77.88
77.86
77.82
77.84
77.88
77.89
77.84
77.79
77.8
77.76
77.83
77.77
77.77
77.9
77.96
77.93
77.97
78
77.89
78.02
77.96
78.04
78.06
77.92
78.04
77.97
77.96
78
77.97
77.93
77.8
77.74
77.75
77.76
77.75
77.76
77.82
77.86
77.74
77.77
77.82
77.83
77.69
77.73
77.78
77.76
77.77
77.73
77.78
77.75
77.72
77.76
77.78
77.74
77.71
77.75
77.69
77.66
77.65
77.76
77.58
77.51
77.51
77.53
77.51
77.55
77.61
77.62
77.56
77.55
77.52
77.56
77.54
77.56
77.59
77.65
77.7
77.76
77.77
77.76
77.77
77.87
77.84
77.84
77.79
77.82
77.77
77.75
77.79
77.76
77.88
77.86
77.86
77.78
77.79
77.81
77.85
77.83
77.74
77.68
77.8
77.7
77.77
77.76
77.77
77.87
77.86
77.88
77.83
77.88
77.89
77.83
77.7
77.76
77.74
77.69
77.75
77.82
77.81
77.78
77.79
77.79
77.73
77.7
77.77
77.77
77.73
77.77
77.74
77.78
77.82
77.84
77.85
77.9
77.9
77.89
77.86
77.78
77.78
77.84
77.84
77.9
77.89
77.85
77.86
77.94
77.8
77.78
77.96
77.78
77.95
77.78
77.9
77.89
77.89
77.82
77.82
77.84
77.88
77.88
77.89
77.88
77.86
77.8
77.84
77.85
77.81
77.79
77.83
77.73
77.72
77.74
77.82
77.77
77.82
77.81
77.76
77.83
77.86
77.9
77.93
77.96
77.99
78
78
77.99
78
77.92
77.94
77.86
77.88
77.87
77.9
77.8
77.76
77.74
77.75
77.76
77.96
77.76
77.91
77.89
77.89
77.89
77.88
77.8
77.82
77.79
77.78
77.76
77.76
77.77
77.89
77.86
77.85
77.89
