191.91
191.79
191.81
191.76
191.86
191.86
191.82
191.39
191.23
191.13
191.05
190.89
190.99
191.02
191
190.85
190.66
190.64
190.64
190.73
190.9
190.95
190.69
190.87
190.83
190.75
190.61
190.68
190.7
190.73
190.73
190.66
190.53
190.43
190.34
190.56
190.22
190.4
190.26
190.09
190
189.91
189.92
189.8
189.82
189.76
189.88
189.96
189.87
189.77
189.77
189.82
189.69
189.87
189.87
189.52
189.49
189.59
189.97
189.75
189.76
189.67
189.64
189.64
189.73
189.63
189.7
189.72
189.72
189.66
189.72
189.91
190.02
190.08
189.97
189.95
190.19
190.14
190.08
190.07
189.98
189.97
189.96
190.02
190.02
189.96
190.22
189.81
189.73
189.87
189.9
189.81
189.94
190.02
189.88
189.6
189.9
189.83
189.78
189.43
189.64
189.62
189.2
189.19
189.16
189.16
188.47
188.52
188.54
188.58
188.65
188.97
188.78
188.73
188.74
188.74
188.66
188.74
188.56
188.5
188.55
188.45
188.57
188.61
188.65
188.64
188.53
188.67
188.65
188.59
188.63
188.59
188.69
188.52
188.41
188.31
188.09
188.73
188.21
188.6
188.54
188.2
188.28
188.27
188.34
188.25
188.19
188.25
188.22
188.23
188.22
188.21
188.65
188.27
188.7
188.71
188.47
188.18
189.06
189.01
188.96
188.98
189
189.05
188.87
188.85
189.01
188.79
188.9
188.97
188.98
189.01
188.91
189.1
188.95
189.07
189.01
188.95
188.78
188.95
188.95
188.92
188.78
188.88
188.98
188.72
188.9
188.98
188.98
188.84
188.78
188.62
188.63
188.63
188.51
188.76
188.64
188.5
188.52
188.52
188.54
188.5
188.56
188.52
188.51
188.43
188.32
188.23
188.21
188.1
188.14
188.1
188.1
188.08
188.06
188.01
188.04
188.2
188.02
187.96
187.78
187.83
187.78
187.84
187.77
187.81
187.64
187.82
187.64
187.78
187.74
187.73
187.75
187.69
187.65
187.64
187.64
187.66
187.52
187.6
187.7
187.69
187.63
187.56
187.64
187.65
187.7
187.64
187.64
187.7
187.58
187.59
187.6
187.7
187.71
187.56
187.59
187.69
187.82
187.85
187.67
187.75
187.8
187.89
187.62
187.74
187.67
187.56
187.66
187.69
188.09
187.74
187.81
187.9
187.9
188.11
188.1
188.01
188.33
187.88
188.39
188.54
188.91
189.01
188.97
188.97
188.67
188.54
188.3
187.81
187.52
187.51
187.08
187.2
187.3
187.69
187.57
187.46
187.52
187.73
187.51
187.62
187.54
187.6
187.49
187.51
187.46
187.5
187.26
187.07
186.77
186.55
186.82
186.84
186.85
186.77
186.63
186.68
186.33
186.52
186.89
186.51
187.2
187.2
187.26
187.33
187.25
187.13
187.21
187.39
187.3
187.3
187.09
187.51
187.39
187.33
187.35
187.25
187.23
187.23
187.03
186.9
186.84
186.77
186.86
186.87
186.7
186.7
186.46
186.95
186.31
186.27
186.19
186.23
186.22
186.18
186.09
185.89
186.16
185.97
185.96
185.81
185.8
186.01
185.5
185.29
185.08
185.26
185.49
185.48
185.59
185.52
185.5
185.53
185.6
185.64
185.47
185.41
185.22
185.31
185.32
185.2
185.2
185.27
185.2
185.3
185.31
185.25
185.12
185.16
185.09
185.09
184.93
185.08
185.02
185.05
184.95
184.95
185.05
184.79
184.86
185.14
185.09
185.09
185.13
184.92
185.06
184.59
185.12
185.09
184.66
184.69
184.49
184.42
184.41
184.62
184.45
184.6
184.36
184.62
184.61
184.59
184.66
184.66
184.69
184.65
184.83
184.59
184.76
184.63
184.54
184.54
185.22
185.15
184.9
184.84
184.89
185.02
184.96
184.85
184.89
184.84
185.29
184.89
184.82
185.31
184.9
185.23
185.18
185.04
184.96
184.9
184.73
185.01
184.88
185.19
184.77
185.13
184.9
185.05
185.05
184.95
184.93
184.91
184.93
184.92
184.46
184.38
184.28
184.77
184.44
184.65
184.58
184.39
184.38
184.21
184.26
184.3
184.2
184.16
184.22
184.01
184.08
184.18
184.01
184.09
184.03
184.23
184.17
184.16
184.08
184.21
184.41
184.2
184.36
184.41
184.28
184.54
184.19
184.16
184.19
184.31
184.04
184.38
184.18
184.4
184.22
184.24
184.2
184.32
184.23
184.34
184.62
184.73
184.41
184.74
184.35
185.09
185
185.03
184.89
184.96
184.94
184.93
184.91
184.77
184.63
184.49
184.95
184.93
184.93
184.81
184.82
184.77
184.57
184.56
184.58
184.59
184.57
184.51
184.5
184.55
185.1
185.06
185.01
185.05
184.44
185.11
185.15
185.15
185.03
185.13
185.32
185.09
185.69
185.13
185.84
186.08
186.02
185.33
185.94
185.41
185.35
186.01
185.94
185.84
185.85
185.8
185.84
185.64
185.8
185.8
185.73
185.62
185.71
185.77
185.84
185.74
185.7
185.9
185.83
185.84
186.18
185.77
185.91
185.86
185.76
185.8
186.04
185.92
185.96
185.91
185.8
185.83
185.3
185.68
185.25
185.25
185.42
185.37
185.63
185.64
185.68
185.71
185.6
185.48
185.61
185.55
185.65
185.25
184.94
184.75
184.68
186.17
186.11
186.19
186.52
186.23
186.58
186.68
186.7
186.74
187.21
187.05
187.05
187.05
187.39
187.53
187.53
187.53
187.7
187.71
187.81
187.62
187.71
187.6
187.6
187.6
187.2
187.2
187.14
187.04
187.13
187.2
187.34
187.21
187.28
187.32
187.26
187.3
187.33
187.33
187
187.33
187.33
187.03
186.99
186.98
186.6
186.92
186.92
186.7
186.77
186.8
186.91
186.67
186.62
186.21
186.34
186.44
186.44
186.53
186.49
186.59
186.76
186.64
186.68
186.79
186.57
186.61
186.65
186.8
186.71
186.37
185.97
186.25
186.09
186.2
186.23
185.92
186.21
185.94
185.94
186.04
186.09
186.09
186.09
186.18
186.17
185.98
186.14
186.15
185.96
185.93
186.08
185.99
185.99
186.24
186
186.5
186.56
186.38
186.41
186.37
186.45
186.38
186.34
186.29
186.29
186.41
186.41
186.44
186.43
186.44
186.52
186.57
186.49
186.48
186.97
187.02
186.9
186.9
187.14
186.99
187.44
187.42
187.04
187.42
187.41
187.29
187.45
187.86
187.88
187.34
187.79
187.88
187.72
187.7
187.58
187.67
187.91
187.75
187.85
187.71
187.8
187.18
186.94
186.94
186.82
186.75
186.66
186.76
186.66
186.87
186.78
186.93
186.97
186.9
186.89
186.87
186.86
186.9
186.8
186.93
186.75
186.74
186.74
186.91
187.08
187.14
187.1
187.11
187.13
187.21
187.24
187.24
187.29
187.38
187.2
187.37
187.3
187.59
187.54
187.37
187.37
187.51
187.55
187.58
187.64
187.48
187.36
187.31
187.67
187.28
187.28
187.31
187.27
187.3
187.46
187.35
187.36
187.3
187.22
187.26
187.39
187.3
187.41
187.41
187.41
187.37
187.26
187.41
187.49
187.47
187.41
187.21
187.32
187.07
187.19
187.02
187.29
186.91
186.92
187.02
187.02
187
186.79
186.73
186.74
186.69
186.75
186.72
186.68
186.75
186.74
186.8
186.88
186.74
186.7
186.72
187.02
187
186.98
186.97
186.9
186.81
186.87
187
186.88
186.76
186.75
186.8
186.91
186.91
186.93
186.85
187.1
187.01
186.82
186.87
186.92
186.9
187.06
187.13
187.2
187.03
187.01
187.11
187.04
187.08
187.12
187.19
187.15
187.13
187.06
187.39
187.39
187.07
187.35
187.31
187.32
187.23
187.17
187.18
187.15
187.17
189.71
189.69
189.73
189.75
189.75
189.81
189.9
189.68
189.83
189.82
189.89
189.75
189.95
189.91
190.05
190.08
190.03
190.12
190.36
190.25
190.32
190.48
190.48
190.53
190.38
190.59
190.38
190.54
190.51
190.43
190.44
190.57
190.43
190.4
190.12
189.72
189.99
189.88
189.94
189.95
189.92
189.97
189.81
189.79
189.79
189.85
189.91
189.88
189.8
189.81
190.26
189.85
189.85
190.16
190.05
190.03
190.01
190.09
190.15
190.15
190.21
190.27
190.08
190.05
190.36
190.19
190.4
190.4
190.61
190.62
190.59
190.66
190.78
190.75
190.8
190.6
190.63
190.79
190.46
190.37
190.34
190.42
190.43
190.42
190.43
190.41
190.4
190.32
190.3
190.3
190.42
190.4
190.31
190.39
190.38
190.39
190.36
190.36
190.38
190.26
190.25
190.35
190.37
190.41
190.29
190.36
190.36
190.44
190.43
190.42
190.4
190.36
190.34
190.22
190.12
190.28
190.1
190.16
190.11
190.03
190.06
190.04
190.04
190.14
190.11
190.14
190.06
190.07
190.07
190.09
190
190.02
190.03
190
189.87
189.94
189.92
189.88
189.86
189.83
189.84
189.78
189.86
189.83
189.81
189.99
190.03
189.95
189.95
190.06
190.18
190.13
190.09
190.07
190.08
190
190
190.05
190.11
190.04
190.12
190.12
190.1
190.07
190.07
190.03
190.02
189.99
189.99
189.96
190.02
189.93
190.02
189.98
189.99
190.04
189.99
189.98
189.98
189.95
189.92
189.82
190.04
190.04
189.95
190.1
190.16
189.83
190.19
189.79
190.15
190.12
190.16
190.19
190.11
190.18
190
190.08
190.09
190.09
190.09
190.03
190.06
189.99
189.97
190
190.06
189.97
190.09
190.13
189.99
189.85
189.81
189.72
189.73
189.77
189.81
189.83
189.82
189.74
189.69
189.64
189.74
189.74
189.73
189.71
189.76
189.55
189.52
189.63
189.58
189.55
189.53
189.59
189.62
189.39
189.58
189.58
189.59
189.63
189.65
189.65
189.6
189.51
189.46
189.54
189.63
189.68
189.59
189.57
189.57
189.78
189.67
189.74
189.61
189.68
189.66
189.85
189.91
189.88
189.94
189.7
189.71
190.19
189.8
189.87
190
190.17
190.15
190.35
190.29
190.45
190.4
190.51
190.38
190.22
190.36
190.15
190.48
190.41
190.23
190.18
190.2
190.2
190.22
190.3
190.3
190.32
190.25
190.31
190.31
190.32
190.34
190.3
190.26
190.23
190.23
190.31
190.3
190.34
190.27
190.31
190.25
190.22
190.18
190.25
190.29
190.28
190.3
190.24
190.25
190.27
190.26
190.32
190.27
190.3
190.32
190.31
190.24
190.2
190.07
190.07
190.13
190.3
189.89
189.93
189.89
189.9
189.94
189.95
189.93
189.91
189.95
189.91
189.93
189.87
189.88
190.05
190.08
190.21
190.15
189.87
190.07
190.27
190.27
190.25
190.24
190.07
190.08
189.88
189.57
189.39
189
189.29
189.05
189.18
189.01
188.79
188.68
188.78
188.6
188.34
188.54
188.54
188.6
188.35
188.55
188.52
188.41
188.55
188.45
188.99
188.88
188.72
188.69
189
188.81
188.85
188.82
188.83
188.73
188.62
188.69
188.64
188.61
188.47
188.44
188.83
188.29
188.11
188.12
187.98
187.85
187.59
187.51
187.52
187.69
187.65
187.44
187.43
187.48
187.33
187.44
187.56
187.51
187.49
187.47
187.64
187.76
187.95
187.78
187.85
187.91
187.88
188
187.98
187.98
188.09
187.92
187.67
187.72
187.75
187.72
187.76
187.85
187.76
187.74
187.53
187.53
187.5
187.28
187.16
187.18
187.09
187.74
187.21
187.47
187.29
187.28
187.32
187.32
187.23
187.4
187.26
187.18
187.16
187.26
187.29
187.17
187.12
187.38
187.45
187.43
187.36
187.57
187.59
187.67
187.57
187.51
187.52
187.4
187.76
187.76
187.99
187.93
187.65
187.8
187.81
187.92
187.95
187.95
187.84
187.92
187.92
188.24
188.26
187.77
188.35
187.91
188.26
188.41
188.16
188.46
188.44
188.44
188.36
188.38
188.48
188.41
188.35
188.36
188.2
188.03
188.03
188.04
188
188.03
187.89
187.96
187.94
187.94
187.92
188
187.83
188.03
188.03
188.12
187.81
187.94
187.92
187.8
187.87
187.93
187.84
187.9
187.92
187.93
187.72
187.86
187.71
187.74
187.75
187.86
187.79
187.57
187.45
187.49
187.5
187.5
187.38
187.68
187.44
187.39
187.76
187.5
187.55
187.6
187.74
187.87
187.64
188.11
188.18
188.17
188.17
188.21
188.21
188.21
188.11
188.28
187.87
188.1
187.82
187.82
188.01
188.02
187.96
187.98
187.99
187.96
188.06
188.01
187.9
187.94
187.94
187.79
188.07
188.04
187.76
187.9
188.09
187.75
188.12
188.1
188.08
188.08
187.83
187.83
187.82
187.82
187.97
188.04
188.04
188.07
187.95
187.98
187.87
187.95
187.96
187.95
187.92
187.86
187.89
187.85
187.89
187.91
187.85
187.85
187.93
187.89
187.88
187.83
187.82
187.91
187.83
187.94
187.85
187.86
188.05
188.21
187.65
187.6
187.57
188.13
188.06
188.05
187.99
187.99
187.98
187.79
187.75
187.83
187.83
187.89
188.01
187.91
187.89
187.84
187.88
187.9
187.99
188.01
187.93
187.99
187.93
188.01
188.1
188.12
187.9
188.13
188.13
188.08
188.29
188.32
188.21
188.33
188.34
188.36
188.33
188.34
188.24
188.21
188.07
188.35
188.16
188.11
188.15
187.88
187.81
187.81
187.97
187.97
187.99
187.97
187.95
187.83
187.92
187.94
187.95
187.78
187.74
187.67
187.76
187.96
187.59
187.56
187.51
187.31
187.41
187.4
