159.99
159.95
159.95
159.89
159.76
159.66
159.65
159.6
159.52
159.45
159.39
159.34
159.49
159.6
159.61
159.6
159.59
159.72
159.65
159.66
159.63
159.83
159.89
159.97
159.58
160.01
160
159.91
159.9
159.9
159.95
159.9
159.8
159.78
159.73
159.73
159.87
159.82
159.88
159.8
159.71
159.82
159.88
159.79
159.87
159.97
159.99
160.02
159.85
159.88
159.84
159.88
159.75
160.03
160
159.84
159.82
159.88
159.74
159.91
159.88
159.92
159.91
159.92
160.01
159.97
160.06
160.04
160.05
160.12
160.01
160.35
160.25
160.15
160.25
160.32
160.38
160.4
160.34
160.43
160.28
160.11
160.33
160.28
160.31
160.01
159.93
160
160
159.95
159.96
159.97
159.9
159.88
159.95
159.93
159.96
159.97
159.92
159.92
159.84
159.82
159.93
159.95
159.9
159.95
159.53
159.61
159.53
159.63
159.64
159.54
159.62
159.62
159.49
159.63
159.55
159.55
159.46
159.47
159.59
159.45
159.51
159.48
159.53
159.47
159.46
159.45
159.46
159.43
159.43
159.45
159.43
159.47
159.43
159.42
159.4
159.34
159.35
159.32
159.45
159.3
159.31
159.43
159.46
159.42
159.48
159.46
159.43
159.59
159.44
159.42
159.74
159.74
159.79
159.64
159.75
159.41
159.72
159.7
159.68
159.68
159.71
159.68
159.57
159.59
159.6
159.71
159.53
159.61
159.64
159.67
159.74
159.54
159.68
159.72
159.71
159.53
159.66
159.75
159.68
159.57
159.69
159.65
159.7
159.56
159.73
159.65
159.67
159.61
159.44
159.4
159.44
159.5
159.57
159.43
159.49
159.37
159.37
159.54
159.61
159.6
159.61
159.57
159.48
159.43
159.45
159.47
159.37
159.4
159.35
159.41
159.4
159.35
159.33
159.35
159.42
159.43
159.49
159.39
159.38
159.38
159.31
159.43
159.36
159.35
159.37
159.25
159.3
159.37
159.52
159.39
159.37
159.37
159.39
159.35
159.42
159.28
159.29
159.38
159.37
159.38
159.34
159.28
159.29
159.38
159.24
159.34
159.34
159.48
159.37
159.41
159.48
159.51
159.44
159.38
159.47
159.36
159.52
159.48
159.46
159.49
159.42
159.55
159.46
159.55
159.49
159.49
159.6
159.67
159.79
159.8
159.6
159.74
159.72
159.66
159.68
159.6
159.62
159.77
159.68
159.71
159.75
159.77
159.73
159.77
159.67
159.55
159.48
159.44
159.31
159.07
159.15
159.15
159.25
159.4
159.59
159.55
159.54
159.49
159.25
159.16
159.17
159.29
159.15
158.79
158.85
158.74
158.35
158.51
158.41
158.31
158.48
158.34
158.34
158.37
158.26
158.24
158.2
158.37
158.48
158.22
158.73
158.58
158.73
158.75
158.73
158.63
158.64
158.81
158.64
158.75
158.62
158.71
158.54
158.48
158.54
158.53
158.49
158.55
158.41
158.52
158.53
158.51
158.43
158.16
158.05
158.02
157.93
157.98
157.94
157.91
157.94
157.84
157.84
158.11
158.23
157.73
158.32
158.33
157.86
157.92
157.86
157.67
157.55
157.35
158.23
158.25
157.28
157.22
157.18
157.06
157.08
157.04
157.04
157.12
156.93
157
156.71
156.56
156.55
156.52
156.6
156.43
156.2
155.74
155.86
155.93
155.88
155.81
155.69
155.98
156.02
156.1
156.16
155.78
156.22
156.16
156.08
156.4
156.33
156.37
156.38
156.4
156.61
156.49
156.34
156.23
156.23
156.29
156.3
156.36
156.29
156.61
156.22
156.25
156.29
156.38
156.51
156.5
156.42
156.47
156.3
156.49
156.45
156.54
156.45
156.44
156.49
156.4
156.3
156.56
156.55
156.51
156.43
156.51
156.42
156.44
156.45
156.46
156.5
156.45
156.45
156.48
156.5
156.48
156.48
156.49
156.39
156.37
156.38
156.34
156.26
156.34
156.27
156.24
156.25
156.21
156.35
156.35
156.28
156.05
155.97
155.85
155.91
155.9
155.77
155.77
155.65
155.46
155.47
155.51
155.79
155.52
155.6
155.76
155.57
155.45
155.45
155.45
155.46
155.21
155.26
155.4
155.18
155.24
155.28
155.35
155.52
155.39
155.28
155.43
155.47
155.5
155.44
155.53
155.66
155.6
155.35
155.67
155.39
155.49
155.51
155.53
155.69
155.63
155.63
155.74
155.76
155.85
156.09
155.77
156.11
156
156.05
155.97
155.92
156.34
156.27
155.87
156.25
156.37
156.33
156.36
156.18
156.11
156.05
156.27
155.98
156.22
155.92
155.86
155.88
155.99
156.02
156.09
156.12
156.12
156.1
156.08
156.1
156.26
156.41
156.47
156.62
156.61
156.53
156.52
156.59
156.59
156.55
156.61
156.62
156.57
156.64
156.65
156.58
156.6
156.54
156.54
156.51
156.57
156.55
156.41
156.29
156.23
156.15
156.17
156.17
156.23
156.15
156.22
156.23
156.37
156.49
156.45
156.52
156.35
156.48
156.45
156.49
156.4
156.68
156.54
156.42
156.42
156.51
156.52
156.62
156.7
156.63
156.51
156.61
156.59
156.42
156.51
156.45
156.36
156.43
156.46
156.62
156.56
156.65
156.77
156.68
156.71
156.63
156.48
156.67
156.43
156.02
156.22
156.2
155.96
155.86
155.83
155.75
155.94
155.87
155.82
155.86
155.32
155.12
155.29
156.02
155.38
155.13
154.78
154.96
155.07
155.18
155.18
155.13
155.14
155.2
155.1
155.06
155.15
155.04
155.01
154.99
155.01
155.08
155.11
155.16
154.96
155
154.99
155.05
155.06
155.03
154.64
154.55
154.64
155.04
154.64
154.59
154.66
154.67
154.56
154.57
154.68
154.68
154.73
154.76
154.68
154.6
154.41
154.44
154.54
154.59
154.65
154.67
154.74
154.78
154.77
154.73
154.78
154.78
154.78
154.83
154.87
154.76
154.73
154.58
154.64
154.65
154.59
154.49
154.69
154.34
154.38
154.35
154.35
154.42
154.4
154.52
154.45
154.4
154.47
154.44
154.41
154.27
154.18
154.3
154.3
154.4
154.41
154.46
154.49
154.52
154.38
154.48
154.55
154.48
154.49
154.54
154.43
154.52
154.55
154.54
154.57
154.52
154.66
154.75
154.79
154.79
154.67
154.72
155
155.01
154.97
154.98
154.96
155.03
154.89
154.89
154.78
154.97
154.74
154.8
155.09
154.86
155.09
155.05
154.91
154.94
154.99
154.99
154.99
155.13
155.03
154.9
155.06
154.97
154.94
155.14
155.14
154.93
154.98
154.98
154.97
154.93
154.95
154.97
154.99
154.96
154.92
154.95
154.94
154.96
154.98
154.97
154.95
154.96
155.1
155.1
155.2
155.11
155.13
155.14
155.07
155.12
155.15
155.14
155.09
155.1
155.13
154.98
155.09
155
155.07
154.97
155.03
154.92
154.93
154.93
155.05
155.07
155
155.02
154.91
154.93
154.95
154.86
155.03
154.85
154.79
154.79
154.88
154.84
154.63
154.69
154.67
154.88
154.73
154.76
154.79
154.81
154.74
154.85
154.89
154.86
154.73
154.75
154.73
154.65
154.65
154.61
154.55
154.73
154.56
154.51
154.53
154.51
154.49
154.41
154.36
154.27
154.22
154.24
154.1
154.19
154.1
154.24
154.22
154.23
154.27
154.2
154.3
154.4
154.49
154.45
154.49
154.32
154.41
154.44
154.36
154.38
154.37
154.36
154.4
154.42
154.44
154.42
154.39
154.54
154.58
154.49
154.46
154.52
154.52
154.63
154.63
154.7
154.69
154.64
154.73
154.71
154.62
154.74
154.79
154.77
154.83
154.73
154.79
154.89
154.86
154.98
154.9
154.98
154.9
154.85
154.95
154.76
154.95
157.23
157.17
157.14
157.26
157.18
157.22
156.91
157.01
156.83
156.97
157.02
157.06
156.99
157.22
156.92
156.76
156.79
156.79
156.99
157.1
157.3
157.63
157.72
157.71
157.9
157.83
157.73
157.87
157.81
157.88
157.68
157.49
157.52
157.59
157.61
157.81
157.77
157.81
157.79
157.8
157.79
157.8
157.77
157.75
157.81
157.78
157.77
157.73
157.71
157.74
157.77
157.77
157.81
157.83
157.98
158.05
158.08
158.08
158.13
158.16
158.14
158.23
158.11
158.07
158.16
158.18
158.3
158.13
158.47
158.29
158.21
158.3
158.39
158.39
158.14
158.17
158.4
158.21
158.25
158.12
158.27
158.1
158.24
158.23
158.1
158.24
158.19
158.1
158.24
158.1
158.09
158.2
158.19
158.08
158.1
158.08
158.03
158.04
158.08
158.05
157.99
158.01
158.1
158.21
158.12
158.19
158.22
158.22
158.17
158.12
158.1
158.07
158.11
158.21
158.07
158.22
157.99
158.05
158.03
158.06
158.11
158.15
158.19
158.22
158.13
158.17
158.18
158.23
158.16
158.23
158.22
158.19
158.24
158.17
158.16
158.18
158.1
158.13
158.19
158.16
158.23
158.22
158.18
158.18
158.24
158.23
158.25
158.23
158.31
158.25
158.29
158.28
158.35
158.32
158.34
158.42
158.33
158.33
158.33
158.46
158.54
158.57
158.54
158.58
158.59
158.56
158.5
158.54
158.53
158.49
158.55
158.51
158.52
158.52
158.53
158.55
158.57
158.55
158.53
158.55
158.52
158.59
158.57
158.54
158.61
158.72
158.82
158.8
158.85
158.86
158.86
158.82
158.84
158.84
158.84
158.83
158.84
158.76
158.8
158.78
158.78
158.84
158.89
158.93
158.95
158.97
158.92
158.93
158.97
158.97
158.96
158.91
158.86
158.87
158.89
158.93
158.87
158.89
158.89
158.84
158.71
158.66
158.65
158.68
158.67
158.65
158.65
158.57
158.5
158.48
158.52
158.53
158.55
158.49
158.4
158.52
158.4
158.45
158.51
158.45
158.58
158.49
158.43
158.53
158.39
158.3
158.58
158.52
158.28
158.29
158.31
158.3
158.55
158.48
158.46
158.45
158.4
158.45
158.51
158.6
158.55
158.63
158.56
158.66
158.67
158.68
158.75
158.76
158.81
158.89
158.84
158.98
158.96
158.97
158.91
158.95
158.83
158.74
158.7
158.73
158.95
158.96
158.79
158.81
158.8
158.84
158.77
158.78
158.78
158.79
158.77
158.76
158.69
158.63
158.64
158.65
158.53
158.52
158.51
158.57
158.63
158.62
158.55
158.62
158.59
158.51
158.6
158.62
158.65
158.64
158.63
158.57
158.59
158.57
158.45
158.54
158.58
158.56
158.56
158.48
158.38
158.43
158.55
158.4
158.36
158.37
158.36
158.27
158.25
158.2
158.27
158.28
158.25
158.25
158.29
158.33
158.3
158.22
158.31
158.41
158.35
159.07
159.41
159.75
159.69
159.71
159.85
160.29
160.05
159.69
159.14
158.82
158.79
158.71
158.82
158.9
158.68
158.44
158.42
158.45
158.51
158.4
158.46
158.5
159
159.06
158.9
159.42
159.49
159.61
159.38
159.34
159.3
159.22
159.69
159.82
159.67
159.78
159.85
159.72
159.69
159.54
159.61
159.42
159.59
159.58
159.55
159.51
159.36
159.12
159.74
159.01
158.99
158.88
158.89
158.71
158.82
158.73
158.85
158.6
158.54
158.16
158.3
158.33
158.35
158.18
158.26
158.24
158.21
158.23
158.19
158.16
158.23
158.29
158.22
158.21
158.14
158.19
157.94
157.91
157.84
157.84
157.75
157.72
157.77
157.73
157.72
157.66
157.66
157.76
157.35
157.27
157.32
157.29
157.43
157.52
157.61
157.51
157.5
157.53
157.54
157.39
157.61
157.55
157.52
157.4
157.55
157.5
157.29
157.32
157.48
157.55
157.61
157.53
157.53
157.54
157.61
157.62
157.57
157.73
157.86
157.6
157.76
158.11
158.03
157.95
157.85
157.86
157.95
157.91
157.83
157.69
157.86
157.73
157.9
157.67
157.89
157.92
157.73
157.7
158.05
158
158.11
158.1
158.11
158.08
158.07
158.03
158.12
158.03
158
158.05
158.06
158.12
158.09
158.03
158.03
158.02
158.13
158.11
158.14
158.07
158.17
158.02
158.01
158.11
158.1
158.13
158.05
158.04
158.14
158.24
158.09
158.11
158.2
158.21
158.18
158.38
158.1
158.26
158.18
158.23
158.35
158.26
158.2
158.17
158.26
158.27
158.28
158.36
158.32
158.43
158.42
158.27
158.3
158.43
158.36
158.38
158.4
158.42
158.48
158.46
158.44
158.35
158.34
158.3
158.28
158.23
158.2
158.26
158.16
158.23
158.12
158.02
158.04
158.06
158.08
158
158
158.06
158.03
158.04
157.97
158.05
158.24
158.27
158.2
158.21
158.25
158.33
158.44
158.47
158.42
158.43
158.27
158.31
158.42
158.37
158.39
158.46
158.48
158.49
158.47
158.51
158.5
158.4
158.5
158.29
158.48
158.44
158.38
158.26
158.3
158.32
158.3
158.22
158.35
158.42
158.38
158.31
158.24
158.21
158.28
158.13
158.1
158.15
158.08
158.04
158.15
158.29
158.25
158.32
158.32
158.25
158.29
158.11
158.14
158.11
158.14
158.33
158.1
158.33
158.44
158.47
158.46
158.52
158.49
158.58
158.58
158.73
158.66
158.6
158.72
158.7
158.69
158.73
158.93
158.93
158.67
158.93
158.99
159
159.19
159.2
159.12
159.18
159.14
159.2
159.22
159.08
159.11
159.23
159.1
159.23
159.14
159.19
158.98
159.06
159.05
158.99
158.78
158.9
158.83
159.02
159.04
159.19
159.24
158.99
159.17
159.19
159.2
159.15
159.11
159.14
159.18
159.2
159.11
159.06
159.05
