65.3
65.37
65.33
65.26
65.21
65.21
65.2
65.15
65.12
65.07
65.09
65.09
65.1
65.1
65
64.93
64.9
64.97
64.97
64.96
64.96
64.93
64.92
64.93
64.96
64.92
64.98
65.03
65
65.01
65.01
65.03
65.03
64.92
64.98
64.91
64.91
64.85
64.8
64.9
64.75
64.75
64.8
64.73
64.74
64.73
64.78
64.71
64.73
64.74
64.74
64.75
64.81
64.81
64.77
64.76
64.92
64.98
64.94
64.99
64.99
65
64.99
64.94
64.96
65.01
64.98
64.97
64.97
65.06
65.06
65.15
65.13
65.15
65.17
65.22
65.24
65.13
65.15
65.19
65.17
65.33
65.33
65.34
65.29
65.31
65.24
65.23
65.28
65.32
65.36
65.37
65.29
65.36
65.32
65.35
65.32
65.33
65.28
65.33
65.22
65.34
65.23
65.32
65.15
65.15
64.81
64.92
64.92
64.78
64.78
65.01
64.97
64.93
64.87
64.89
64.93
64.9
64.86
64.86
64.85
64.86
64.86
64.92
64.9
64.93
64.87
64.77
64.83
64.83
64.88
64.93
64.92
64.92
64.92
64.84
64.72
64.71
64.74
64.78
64.92
64.77
64.76
64.71
64.73
64.75
64.75
64.75
64.74
64.75
64.77
64.76
64.83
64.82
64.85
64.73
64.88
64.88
64.84
64.83
64.8
64.81
64.9
64.86
64.86
64.86
64.86
64.85
64.89
64.93
64.85
64.95
64.8
64.93
64.85
64.92
64.98
64.97
64.91
64.98
64.98
64.97
64.92
64.92
64.81
65.01
64.86
64.88
64.86
64.86
64.85
64.83
64.8
64.8
64.92
64.83
64.87
64.85
64.89
64.85
64.9
64.91
64.93
64.88
64.84
64.85
64.83
64.82
64.81
64.81
64.82
64.82
64.88
64.82
64.9
64.85
64.92
64.95
64.86
64.83
64.79
64.79
64.82
64.84
64.87
64.89
64.86
64.86
64.85
64.86
64.89
64.89
64.89
64.85
64.83
64.85
64.84
64.86
64.83
64.85
64.9
64.91
64.87
64.93
64.97
65.01
65.01
64.87
64.95
64.96
64.96
64.95
64.97
64.95
64.94
64.97
64.94
64.98
65
65.01
65.01
65.02
65.01
65.04
65
65.09
65.13
65.13
65.16
65.18
65.24
65.23
65.17
65.15
65.15
65.17
65.18
65.15
65.18
65.16
65.19
65.22
65.25
65.19
65.35
65.35
65.22
65.24
65.16
65.04
64.94
64.88
64.83
64.96
64.9
65.06
65.15
64.91
65.22
65.35
65.33
65.3
65.3
65.3
65.35
65.34
64.95
65.18
65.2
65.2
65.23
65.22
65.31
65.24
65.34
65.31
65.31
65.28
65.24
65.26
65.26
65.33
65.62
65.62
65.58
65.69
65.61
65.6
65.62
65.75
65.59
65.59
65.58
65.56
65.58
65.58
65.47
65.41
65.41
65.41
65.31
65.32
65.36
65.4
65.39
65.39
65.32
65.32
65.2
65.2
65.24
65.22
65.21
65.24
65.18
65.12
65.14
65.11
65.18
65.16
65.15
65.09
65.02
64.96
64.95
64.83
64.77
64.86
64.88
64.92
64.92
64.91
64.9
64.9
64.92
64.93
64.93
64.81
64.78
64.79
64.73
64.72
64.7
64.65
64.57
64.59
64.62
64.55
64.48
64.6
64.6
64.51
64.47
64.45
64.44
64.38
64.3
64.3
64.49
64.34
64.33
64.33
64.37
64.33
64.41
64.3
64.33
64.24
64.21
64.27
64.25
64.4
64.25
64.21
64.2
64.22
64.16
64.19
64.18
64.24
64.22
64.25
64.27
64.24
64.2
64.22
64.25
64.19
64.17
64.09
64.12
64.12
64.25
64.28
64.24
64.23
64.25
64.28
64.3
64.35
64.39
64.4
64.43
64.47
64.5
64.53
64.57
64.33
64.54
64.56
64.49
64.47
64.5
64.54
64.62
64.64
64.43
64.71
64.5
64.51
64.76
64.74
64.79
64.83
64.75
64.69
64.66
64.69
64.52
64.57
64.62
64.7
64.7
64.68
64.64
64.56
64.54
64.46
64.43
64.49
64.4
64.39
64.38
64.41
64.31
64.36
64.38
64.44
64.49
64.46
64.48
64.51
64.57
64.48
64.51
64.56
64.49
64.59
64.45
64.43
64.46
64.43
64.4
64.4
64.44
64.54
64.53
64.48
64.46
64.5
64.45
64.51
64.45
64.54
64.56
64.52
64.46
64.72
64.72
64.7
64.68
64.7
64.7
64.71
64.66
64.69
64.68
64.6
64.55
64.7
64.7
64.58
64.68
64.68
64.73
64.69
64.64
64.65
64.63
64.61
64.62
64.62
64.76
64.77
64.73
64.67
64.76
64.8
64.8
64.81
64.81
64.8
64.88
64.94
64.94
64.93
64.81
65.02
64.94
65.04
65
65.04
65.02
65
65.01
64.99
65.03
65.1
65.03
65.01
65.06
65.06
65.05
65.06
65.09
65.14
65.12
65.13
65.14
65.18
65.21
65.22
65.34
65.27
65.14
65.16
65.19
65.21
65.28
65.21
65.23
65.21
65.16
65.08
65.06
65.03
64.97
64.97
65.08
65.12
65.17
65.11
65.16
65.08
65.17
65.05
65.05
65
64.98
64.93
65.13
64.9
64.9
67.11
67.01
67.02
66.83
66.84
66.8
66.59
66.62
66.5
66.65
66.63
66.63
66.63
66.74
66.59
66.59
66.59
66.52
66.46
66.44
66.43
66.37
66.56
66.56
66.56
66.29
66.29
66.33
66.32
66.34
66.35
66.57
66.55
66.63
66.63
66.64
66.66
66.58
66.58
66.48
66.47
66.47
66.49
66.46
66.49
66.48
66.47
66.47
66.5
66.5
66.49
66.5
66.49
66.38
66.31
66.45
66.44
66.44
66.56
66.6
66.65
66.47
66.73
66.77
66.76
66.8
66.87
66.98
66.95
67
66.9
66.73
66.72
66.76
66.63
66.62
66.6
66.73
66.57
66.57
66.68
66.68
66.68
66.68
66.76
66.77
66.78
66.78
66.77
66.79
66.67
66.75
66.8
66.8
66.76
66.76
66.78
66.72
66.72
66.74
66.75
66.75
66.75
66.79
66.76
66.84
66.76
66.96
66.91
66.77
66.91
66.96
66.97
66.91
66.94
66.95
67.02
67.01
67.01
66.99
67.12
67.15
67.13
67.17
67.15
67.17
67.04
67.11
67.32
67.14
67.14
67.19
67.25
67.24
67.27
67.26
67.25
67.24
67.29
67.25
67.18
67.24
66.84
66.83
66.83
66.96
66.88
66.87
66.89
66.91
67
67
67.01
67
66.96
66.98
67.01
66.98
66.96
67
66.98
67
67
67
67.16
67.15
67.17
67.2
67.23
67.21
67.23
67.24
67.24
67.3
67.27
67.24
67.25
67.36
67.36
67.35
67.27
67.27
67.29
67.3
67.3
67.29
67.33
67.29
67.36
67.39
67.35
67.35
67.33
67.24
67.21
67.26
67.23
67.28
67.23
67.26
67.29
67.27
67.27
67.35
67.34
67.28
67.38
67.21
67.28
67.28
67.24
67.29
67.27
67.29
67.28
67.24
67.27
67.23
67.23
67.31
67.27
67.29
67.29
67.3
67.17
67.14
67.18
67.24
67.19
67.22
67.28
67.25
67.3
67.3
67.3
67.28
67.35
67.42
67.4
67.37
67.38
67.42
67.29
67.37
67.36
67.29
67.26
67.27
67.28
67.31
67.31
67.3
67.25
67.33
67.33
67.25
67.28
67.27
67.31
67.31
67.32
67.33
67.29
67.3
67.28
67.28
67.29
67.38
67.4
67.44
67.44
67.44
67.46
67.46
67.46
67.49
67.57
67.57
67.53
67.54
67.57
67.54
67.5
67.86
67.89
68
67.94
67.94
67.96
67.86
67.88
68.05
67.91
68.02
68.09
67.98
67.98
67.96
68.03
67.89
67.9
67.91
67.96
68
68.01
67.99
67.92
67.94
67.92
67.88
67.92
68.05
67.96
68
67.99
68.01
67.99
67.89
67.74
67.84
67.8
67.83
67.86
67.88
67.96
67.84
67.85
67.85
67.86
67.85
67.75
67.74
67.74
67.77
67.79
67.79
67.68
67.69
67.69
67.67
67.69
67.68
67.7
67.75
67.67
67.75
67.71
67.76
67.75
67.72
67.75
67.82
67.84
67.89
67.91
67.87
67.86
67.8
67.8
67.81
67.9
67.9
67.92
67.87
67.87
67.94
67.95
67.96
67.92
68
67.93
67.91
67.95
67.92
67.97
68
67.97
67.96
67.99
67.99
67.99
67.91
67.98
67.98
67.99
67.96
67.98
67.94
67.96
67.95
67.97
67.98
67.99
67.97
68
67.98
67.92
67.99
67.96
67.95
67.93
67.9
67.98
67.98
67.98
67.94
67.97
67.98
67.99
67.95
67.95
67.97
67.98
68
67.95
67.96
67.8
67.82
67.81
67.78
67.81
67.77
67.77
67.8
67.8
67.8
67.74
67.78
67.77
67.77
67.75
67.76
67.74
67.75
67.75
67.77
67.74
67.75
67.66
67.7
67.69
67.73
67.73
67.76
67.65
67.66
67.58
67.59
67.56
67.53
67.57
67.62
67.61
67.55
67.57
67.48
67.59
67.57
67.45
67.52
67.57
67.55
67.57
67.66
67.64
67.64
67.64
67.68
67.71
67.64
67.7
67.7
67.7
67.68
67.68
67.67
67.64
67.65
67.65
67.64
67.64
67.62
67.61
67.69
67.63
67.73
67.73
67.74
67.76
67.75
67.77
67.66
67.7
67.7
67.71
67.71
67.71
67.71
67.68
67.69
67.67
67.7
67.69
67.71
67.68
67.68
67.68
67.69
67.65
67.6
67.54
67.63
67.5
67.53
67.54
67.62
67.5
67.51
67.51
67.57
67.55
67.51
67.56
67.57
67.54
67.53
67.54
67.51
67.55
67.57
67.56
67.52
67.52
67.52
67.59
67.64
67.65
67.68
67.67
67.69
67.71
67.76
67.66
67.67
67.78
67.73
67.73
67.71
67.74
67.77
67.76
67.76
67.78
67.81
67.83
67.85
67.83
67.79
67.79
67.78
67.8
67.79
67.79
67.84
67.8
67.75
67.79
67.8
67.82
67.84
67.84
67.82
67.83
67.86
67.87
67.88
67.83
67.87
67.81
67.9
67.9
67.88
67.89
67.89
67.85
67.89
67.86
67.8
67.88
67.78
67.89
67.87
67.8
67.76
67.8
67.79
67.76
67.78
67.78
67.76
67.76
67.76
67.75
67.76
67.79
67.75
67.77
67.71
67.72
67.71
67.69
67.71
67.67
67.64
67.69
67.72
67.67
67.72
67.72
67.74
67.75
67.64
67.84
67.81
66.16
66.3
66.31
66.31
66.24
66.21
66.22
66.14
66.39
66.27
66.3
66.3
66.25
66.21
66.23
66.05
66.04
66.02
65.84
65.83
65.77
65.84
65.89
65.93
66.04
65.84
66.04
66.07
66.07
66.09
66.07
66.07
66.01
66.03
66.04
65.98
65.84
65.98
66.01
65.98
65.97
65.88
65.95
65.97
65.99
66.03
65.99
65.9
65.84
66
65.89
65.93
65.83
65.78
65.71
65.75
65.75
65.74
65.71
65.71
65.76
65.72
65.69
65.68
65.77
65.75
65.72
65.62
65.61
65.61
65.6
65.61
65.67
65.6
65.64
65.64
65.72
65.73
65.74
65.68
65.67
65.64
65.67
65.66
65.66
65.69
65.63
65.65
65.69
65.67
65.65
65.63
65.62
65.7
65.6
65.58
65.57
65.56
65.56
65.56
65.58
65.64
65.58
65.58
65.57
65.53
65.53
65.55
65.57
65.58
65.66
65.79
65.65
65.88
65.86
65.9
65.9
65.82
65.89
65.89
65.9
66.01
66.01
65.98
66
65.89
65.97
66
65.98
65.98
65.98
65.95
65.95
66.16
66.1
66.14
66.15
66.03
66.08
66.08
66.13
66.13
66.09
66.09
66.13
66.13
66.12
66.13
66.13
66.07
66.06
66.02
66
65.96
65.94
65.97
65.92
65.94
65.98
66.02
65.91
65.92
65.96
65.91
65.96
66
65.96
65.95
65.94
65.85
65.87
65.9
65.82
65.86
65.87
65.85
65.81
65.82
65.83
65.78
65.81
65.78
65.82
65.81
65.77
65.74
65.83
65.73
65.73
65.76
65.73
65.76
65.73
65.77
65.82
65.85
65.91
65.77
66.07
66.05
66
66.05
66.07
66.05
66.06
66
66.02
66
65.95
65.98
65.99
65.99
66.09
66.04
66.08
65.97
66.05
66
65.97
65.99
65.96
66
65.98
65.9
65.86
65.97
65.89
65.95
65.89
65.91
65.98
66
65.98
65.98
65.98
65.65
65.67
65.68
65.59
65.66
65.63
65.59
65.57
65.59
65.59
65.57
65.55
65.54
65.53
65.54
65.53
65.51
65.53
65.51
65.51
65.51
65.51
65.51
65.51
65.51
65.51
65.61
65.63
65.65
65.53
65.51
65.69
65.51
65.71
65.74
65.51
65.68
65.72
65.53
65.71
65.61
65.62
65.63
65.58
65.59
65.61
65.64
65.63
65.65
65.69
65.65
65.68
65.68
65.72
65.68
65.74
65.73
65.77
65.83
65.86
65.86
65.74
65.75
65.87
65.86
65.88
65.89
65.93
65.94
65.92
65.93
65.95
65.91
65.92
65.92
65.9
65.92
65.93
65.96
65.95
65.9
65.89
65.91
65.93
65.93
66.07
66.05
66.06
65.96
65.96
66
66.06
66.07
66.04
66
66.02
65.99
66
65.96
65.94
65.89
65.89
65.9
