32
32.07
32.1
32.1
32.1
32.1
31.81
31.87
31.88
31.82
31.85
31.85
31.86
31.86
31.84
31.86
31.83
31.88
31.88
31.89
31.89
31.9
31.84
32.07
32.06
31.83
32.07
32.07
32.07
31.94
31.94
31.92
31.84
31.91
31.91
31.87
31.85
31.8
31.8
31.82
31.82
31.77
31.86
31.91
31.91
31.91
31.91
31.92
31.92
31.86
31.86
31.86
31.86
31.86
31.9
31.86
31.92
31.87
31.82
31.86
31.8
31.76
31.74
31.68
31.75
31.58
31.58
31.74
31.74
31.68
31.68
31.53
31.62
31.62
31.61
31.64
31.63
31.63
31.66
31.66
31.65
31.65
31.57
31.64
31.63
31.63
31.65
31.67
31.67
31.67
31.67
31.65
31.65
31.65
31.69
31.69
31.71
31.67
31.67
31.7
31.7
31.68
31.71
31.57
31.5
31.5
31.21
31.21
31.22
31.19
31.19
31.2
31.22
31.33
31.33
31.33
31.37
31.37
31.37
31.35
31.35
31.35
31.35
31.35
31.35
31.39
31.39
31.33
31.35
31.41
31.48
31.41
31.41
31.42
31.41
31.48
31.47
31.47
31.47
31.41
31.53
31.58
31.59
31.59
31.59
31.73
31.7
31.7
31.78
31.76
31.73
31.74
31.78
31.78
31.74
31.73
31.73
31.75
31.78
31.74
31.71
31.74
31.92
31.83
31.79
31.73
31.67
31.72
31.89
31.82
31.88
31.83
31.78
31.74
31.77
31.84
31.89
31.85
31.88
31.93
31.93
31.87
31.88
31.88
31.89
31.89
31.85
31.89
31.85
31.85
31.8
31.82
31.76
31.76
31.83
31.76
31.79
31.79
31.78
31.78
31.78
31.78
31.74
31.74
31.74
31.75
31.74
31.64
31.61
31.65
31.6
31.61
31.61
31.66
31.66
31.66
31.66
31.71
31.71
31.7
31.7
31.72
31.72
31.75
31.7
31.81
31.72
31.87
31.87
31.86
31.83
31.81
31.81
31.88
31.87
31.88
31.91
31.92
31.92
32
32.03
32.03
31.89
32.05
32.05
32.07
31.94
32.11
32.21
32.14
32.19
32.18
32.18
32.25
32.19
32.23
32.23
32.23
32.31
32.26
32.29
32.31
32.32
32.25
32.21
32.23
32.23
32.22
32.22
32.24
32.28
32.28
32.18
32.2
32.2
32.23
32.26
32.26
32.31
32.3
32.21
32.17
32.13
32.13
32.13
32.13
32.05
32.03
31.94
32.32
32.33
32.33
32.13
32.11
32.29
32.29
32.47
32.58
32.56
32.46
32.46
32.46
32.58
32.58
32.58
32.58
32.61
32.56
32.37
32.37
32.37
32.29
32.3
32.3
32.26
32.23
32.27
32.27
32.27
32.35
32.31
32.33
32.4
32.4
32.39
32.37
32.37
32.31
32.36
32.21
32.21
32.21
31.99
31.99
31.99
31.99
32.02
32
32
32
31.85
31.86
31.8
31.8
31.8
31.8
31.85
31.85
31.63
31.79
31.69
31.73
31.73
31.65
31.65
31.55
31.55
31.65
31.66
31.68
31.61
31.61
31.58
31.58
31.57
31.5
31.65
31.65
31.68
31.71
31.71
31.56
31.49
31.45
31.39
31.39
31.4
31.44
31.42
31.45
31.45
31.47
31.44
31.33
31.14
31.17
31.23
31.09
31.26
31.1
31.18
31.06
31.01
31.2
31.15
31.13
31.12
31.12
31.28
31.25
31.21
31.15
31.16
31.14
31.23
31.23
31.16
31.21
31.15
31.12
31.03
31.23
31.06
31.05
31.13
31.2
31.13
31.18
31.18
31.18
31.13
31.18
31.18
31.07
31.06
31.12
31
31
30.9
31.14
30.81
30.81
30.89
30.86
30.89
30.86
31.02
30.98
30.96
30.96
30.96
30.87
30.87
31.02
30.98
31.11
31.11
31.04
30.99
30.99
30.79
30.86
30.84
31.09
31.09
31.1
31.1
31.1
31.09
31.19
31.23
31.14
31.14
31.14
31.15
31.1
31.11
31.15
31.16
31.08
31.11
31.02
31.01
31.04
31.08
31.13
30.93
30.93
30.82
30.75
30.86
30.8
30.75
30.75
30.86
30.7
30.9
30.93
31.13
31.18
31.18
31.18
31.22
31.15
31.15
31.09
31.09
31.15
31.12
31.12
31.12
31.12
31.12
31.08
31.05
30.96
30.96
30.96
30.91
30.91
30.9
30.98
31.03
31.03
31.03
31.03
31.03
31.12
31.07
31.07
31.13
31.13
31.09
31.12
31.12
31.14
30.99
30.95
30.95
31.13
31.13
30.9
31.09
30.89
30.94
30.94
30.99
30.98
30.98
30.98
30.89
30.94
30.94
30.94
31
31
30.93
30.91
31.03
31.04
31.04
31.04
31.02
31.02
31.02
31.14
31.19
31.19
31.19
31.33
31.39
31.42
31.46
31.42
31.42
31.3
31.33
31.33
31.33
31.31
31.31
31.31
31.32
31.33
31.44
31.41
31.48
31.59
31.47
31.62
31.61
31.6
31.61
31.56
31.56
31.51
31.55
31.64
31.64
31.61
31.6
31.6
31.52
31.57
31.39
31.59
31.47
31.47
31.55
31.37
31.42
31.43
31.48
31.36
31.34
31.31
31.33
31.39
31.21
31.21
31.2
31.18
31.18
32
32
32
31.9
31.99
31.98
31.88
31.92
32.01
32.07
32.07
32.07
32.07
32.25
32.22
32.22
32.22
32.07
31.98
31.97
31.9
31.92
31.86
31.86
31.86
31.95
31.95
31.89
31.86
31.96
31.91
31.86
31.88
31.9
31.88
31.8
31.8
31.79
31.79
31.77
31.9
31.9
31.98
31.92
31.92
31.91
31.81
31.81
31.81
31.89
31.89
31.72
31.7
31.73
31.75
31.75
31.75
31.75
31.68
31.68
31.68
31.63
31.63
31.55
31.51
31.5
31.51
31.5
31.5
31.64
31.55
31.44
31.47
31.43
31.59
31.56
31.58
31.44
31.44
31.44
31.4
31.44
31.44
31.44
31.44
31.39
31.4
31.4
31.39
31.22
31.38
31.27
31.27
31.27
31.33
31.33
31.29
31.34
31.35
31.35
31.3
31.21
31.23
31.27
31.26
31.3
31.3
31.27
31.27
31.29
31.24
31.14
31.16
31.12
31.11
31.11
31.28
31.31
31.31
31.14
31.21
31.34
31.34
31.39
31.28
31.39
31.39
31.3
31.33
31.5
31.46
31.46
31.46
31.5
31.45
31.55
31.55
31.55
31.55
31.55
31.59
31.57
32.05
31.99
31.99
31.99
31.99
32.01
32.01
31.91
31.93
31.93
31.88
31.87
31.87
31.87
31.87
31.66
31.66
31.61
31.58
31.58
31.58
31.58
31.71
31.71
31.71
31.71
31.71
31.71
31.7
31.7
31.74
31.78
31.78
31.78
31.74
31.88
31.87
31.92
31.92
31.92
31.93
31.89
31.87
31.98
31.98
31.9
31.96
31.96
31.96
31.96
31.96
31.89
31.92
31.92
31.92
31.91
31.91
31.91
31.85
31.85
31.85
31.86
31.83
31.83
31.83
31.84
31.86
31.91
31.86
31.86
31.82
31.84
31.85
31.88
31.88
31.88
31.81
31.81
31.82
31.85
31.71
31.71
31.83
31.83
31.83
31.83
31.9
31.9
31.9
31.87
31.87
31.87
31.77
31.92
31.89
31.89
31.89
31.87
31.87
31.82
31.79
31.83
31.82
31.81
31.81
31.82
31.82
31.78
31.78
31.78
31.72
31.77
31.72
31.77
31.78
31.77
31.75
31.78
31.81
31.85
31.85
31.85
31.93
31.89
31.77
31.78
31.97
32
31.97
32.02
32
32
32
32.03
32.14
32.1
32.04
32.01
31.88
31.96
32.01
32.43
32.2
32.2
32.24
32.24
32.42
32.17
32.46
32.35
32.36
32.36
32.15
32.34
32.34
32.34
32.53
32.39
32.44
32.44
32.44
32.66
32.66
32.58
32.6
32.59
32.63
32.65
32.65
32.88
32.92
33.19
33.23
33.23
33.23
32.94
32.98
33.01
33.05
33.01
33.01
33.02
32.95
32.94
32.86
32.94
33.05
32.92
33.02
33.11
33.03
33.03
33.09
33.09
33.02
33.02
33
33.01
32.93
32.95
32.95
33.03
32.92
33.01
33.01
33.16
33.23
33.3
33.32
33.25
33.45
33.39
33.39
33.31
33.31
33.37
33.21
33.32
33.37
33.3
33.41
33.36
33.25
33.72
33.97
33.94
33.97
33.99
33.98
34.08
34.01
34.22
34.04
33.89
34.07
33.92
34.14
34.02
34.1
34.08
34.11
34.2
34.26
34.25
34.25
34.25
34.07
34.04
34.14
34.13
34.23
34.31
34.28
34.3
34.16
34.03
34.4
34.37
34.35
34.56
34.41
34.89
34.89
34.58
34.88
35
34.91
35.12
34.89
35.22
35.22
35.31
35.18
35.12
34.89
34.97
35.07
34.86
35.09
34.88
34.85
34.95
34.82
34.93
35
35.07
34.98
34.98
35
35.06
35.08
35.06
35.05
35.08
35.08
34.95
35.02
35.07
35.04
35.06
34.97
34.99
35.02
35.05
35.03
35.06
35.06
35.13
35.06
35.15
35.15
35.16
35.15
35.15
35.29
35.32
35.18
35.1
35.18
35.11
35.15
35.42
35.35
35.31
35.31
35.42
35.5
35.41
35.46
35.46
35.36
35.33
35.33
35.22
35.15
35.17
35.19
35.29
35.29
35.17
35.12
35.05
35.06
35.01
35.01
35.02
35.03
35.06
35.06
35.16
35.15
35.16
35.11
35.14
35.12
35.11
35.12
35.11
35.13
35.08
35.11
34.96
34.98
34.95
34.96
34.97
34.93
34.96
34.96
34.66
34.78
34.88
34.93
34.93
34.84
34.79
34.84
34.92
34.96
34.98
35
34.92
34.88
34.98
34.82
34.76
34.7
34.69
34.86
34.78
34.78
34.78
34.73
34.8
34.9
34.84
34.84
34.84
34.83
34.83
34.92
34.84
34.81
34.81
34.89
34.9
34.89
34.87
34.86
34.87
34.88
34.87
34.89
34.97
34.98
34.98
34.92
34.92
34.94
34.94
34.95
34.7
34.76
34.97
34.84
34.88
34.92
34.92
34.95
34.96
34.99
34.99
35
34.93
34.9
34.92
34.96
34.97
35
34.95
34.95
34.98
34.98
35
34.95
34.88
34.95
34.97
35
34.97
35
34.95
35.04
35
35.13
35.17
35.25
35.27
35.24
35.3
35.22
35.2
35.25
35.19
35.18
35.23
35.29
35.09
35.08
35.02
35.04
35
35.04
35.06
35.24
35.24
35.21
35.2
35.16
35.23
35.18
35.3
34.63
34.51
34.6
34.6
34.82
34.81
34.65
34.8
34.48
34.42
34.52
34.43
34.61
34.56
34.41
34.38
34.66
34.33
34.12
34.15
34.28
34.28
34.38
34.42
34.28
34.34
34.18
34.24
33.78
34.36
33.67
34.28
34.34
33.83
33.85
33.82
33.82
33.82
33.98
33.83
33.96
34.02
33.88
33.87
33.94
33.76
33.7
33.94
33.55
33.97
33.65
33.65
33.76
33.76
33.76
33.87
34.05
33.75
33.89
33.96
33.87
33.87
33.87
34.09
33.94
34.01
34.06
34.06
34.06
34.06
34.08
34.08
34.17
34.17
34.18
34.18
34.02
34.02
34.13
34.13
34.03
34.09
34.09
34.05
34.01
34.01
33.88
33.88
34.05
33.95
34.03
34.03
33.92
34
33.87
33.87
33.93
33.93
33.93
33.93
33.85
33.93
33.93
33.86
33.86
33.86
33.91
33.91
33.91
34.05
33.89
33.92
34.02
34.05
34.04
34.04
34.04
34.04
34
34
34
34.03
34.03
34.29
34.2
34.17
34.22
34.22
34.04
34.04
34.07
34.17
34.17
34.14
34.14
34.28
34.28
34.28
34.28
34.33
34.35
34.39
34.41
34.41
34.58
34.44
34.45
34.51
34.57
34.43
34.51
34.48
34.48
34.31
34.3
34.3
34.38
34.37
34.37
34.37
34.34
34.35
34.35
34.41
34.41
34.41
34.41
34.39
34.47
34.41
34.45
34.47
34.53
34.53
34.43
34.46
34.45
34.46
34.39
34.43
34.4
34.41
34.42
34.27
34.14
34.2
34.2
34.2
34.12
34.12
34.17
34.17
34.17
34.17
34.17
34.16
34.16
34.21
34.22
34.22
34.18
34.2
34.22
34.22
34.2
34.2
34.2
34.2
34.2
34.1
34.1
34.1
34.2
34.2
34.2
34.17
34.17
34.17
34.13
34.1
34.19
34.05
34.1
34.19
34.17
34.14
34.12
34.12
34.12
34.39
34.35
34.35
34.19
34.19
34.16
34.16
34.19
34.14
34.16
34.17
34.19
34.19
34.16
34.16
34.16
34.17
34.15
34.12
34.12
34.12
34.12
34.12
34.16
34.16
34.11
34.11
34.1
34.1
34.1
34.17
34.1
34.14
34.14
34.14
34.15
34.12
34.17
34.17
34.17
34.19
34.19
34.15
34.15
34.15
34.15
34.15
34.08
34.07
34.15
34.19
34.19
34.15
34.25
34.25
34.25
34.25
34.25
34.25
34.23
34.23
34.23
34.24
34.24
34.22
34.24
34.24
34.29
34.29
34.39
34.39
34.39
34.43
34.44
34.4
34.37
34.31
34.28
34.27
34.3
34.49
34.33
34.35
34.35
34.36
34.29
34.25
34.3
34.24
34.3
34.3
34.26
34.39
34.39
34.4
34.36
34.39
34.39
34.4
34.35
34.35
34.35
34.34
34.39
34.31
34.34
34.37
34.38
34.37
