5.1
5.09
5.09
5.09
5.09
5.1
5.1
5.09
5.09
5.09
5.09
5.09
5.09
5.09
5.09
5.09
5.09
5.08
5.09
5.09
5.09
5.09
5.08
5.08
5.08
5.08
5.08
5.07
5.06
5.06
5.06
5.06
5.06
5.06
5.06
5.06
5.07
5.06
5.06
5.06
5.06
5.06
5.06
5.06
5.07
5.07
5.08
5.09
5.08
5.08
5.08
5.08
5.08
5.08
5.09
5.09
5.09
5.09
5.09
5.09
5.09
5.09
5.08
5.08
5.07
5.08
5.08
5.08
5.08
5.08
5.08
5.08
5.08
5.08
5.08
5.08
5.08
5.08
5.08
5.08
5.08
5.08
5.08
5.08
5.08
5.08
5.08
5.08
5.08
5.08
5.08
5.19
5.19
5.19
5.19
5.19
5.19
5.19
5.19
5.15
5.13
5.13
5.13
5.13
5.13
5.14
5.14
5.16
5.17
5.17
5.16
5.16
5.16
5.16
5.16
5.15
5.15
5.14
5.13
5.14
5.12
5.13
5.13
5.13
5.12
5.12
5.12
5.12
5.12
5.12
5.13
5.13
5.13
5.13
5.15
5.16
5.16
5.16
5.15
5.15
5.14
5.14
5.14
5.14
5.14
5.15
5.15
5.15
5.15
5.14
5.14
5.14
5.14
5.16
5.15
5.13
5.15
5.12
5.15
5.15
5.14
5.14
5.14
5.14
5.14
5.14
5.15
5.14
5.14
5.15
5.14
5.14
5.14
5.13
5.13
5.14
5.13
5.13
5.14
5.13
5.13
5.13
5.13
5.12
5.13
5.13
5.13
5.12
5.11
5.11
5.12
5.11
5.12
5.11
5.11
5.11
5.11
5.11
5.12
5.12
5.11
5.11
5.11
5.11
5.11
5.11
5.11
5.11
5.11
5.14
5.14
5.14
5.14
5.15
5.16
5.16
5.2
5.2
5.21
5.2
5.2
5.21
5.2
5.2
5.2
5.2
5.2
5.2
5.19
5.19
5.2
5.2
5.19
5.19
5.2
5.19
5.19
5.19
5.19
5.19
5.18
5.19
5.18
5.16
5.16
5.17
5.17
5.18
5.18
5.16
5.16
5.17
5.16
5.16
5.15
5.15
5.16
5.15
5.15
5.15
5.14
5.14
5.14
5.15
5.15
5.15
5.15
5.1
5.1
5.1
5.19
5.18
5.19
5.19
5.19
5.19
5.19
5.19
5.19
5.19
5.19
5.19
5.18
5.18
5.19
5.19
5.19
5.19
5.19
5.2
5.2
5.2
5.2
5.21
5.21
5.21
5.21
5.21
5.21
5.21
5.22
5.22
5.22
5.21
5.2
5.2
5.19
5.19
5.19
5.18
5.18
5.17
5.17
5.17
5.17
5.17
5.17
5.17
5.18
5.2
5.2
5.19
5.19
5.18
5.18
5.2
5.2
5.2
5.2
5.21
5.2
5.21
5.2
5.2
5.2
5.2
5.2
5.2
5.2
5.2
5.2
5.2
5.2
5.2
5.19
5.18
5.18
5.18
5.18
5.18
5.18
5.17
5.17
5.17
5.18
5.18
5.17
5.17
5.17
5.17
5.17
5.17
5.17
5.17
5.17
5.17
5.17
5.17
5.17
5.17
5.17
5.17
5.17
5.17
5.17
5.17
5.17
5.17
5.17
5.17
5.17
5.17
5.17
5.17
5.17
5.17
5.17
5.17
5.17
5.17
5.17
5.17
5.17
5.17
5.17
5.17
5.17
5.17
5.17
5.17
5.18
5.18
5.18
5.18
5.18
5.17
5.17
5.17
5.17
5.18
5.18
5.18
5.18
5.18
5.18
5.18
5.18
5.18
5.18
5.18
5.18
5.17
5.17
5.18
5.18
5.18
5.17
5.17
5.17
5.18
5.17
5.17
5.17
5.17
5.18
5.18
5.17
5.17
5.17
5.17
5.17
5.17
5.17
5.17
5.17
5.18
5.18
5.18
5.18
5.18
5.17
5.17
5.17
5.18
5.18
5.17
5.17
5.17
5.17
5.17
5.17
5.25
5.25
5.25
5.25
5.25
5.25
5.24
5.24
5.24
5.24
5.25
5.24
5.24
5.25
5.24
5.24
5.24
5.24
5.23
5.24
5.23
5.23
5.24
5.23
5.23
5.24
5.23
5.23
5.23
5.23
5.23
5.23
5.23
5.23
5.22
5.23
5.22
5.23
5.24
5.23
5.23
5.23
5.23
5.23
5.23
5.24
5.23
5.23
5.23
5.22
5.22
5.22
5.22
5.22
5.22
5.22
5.22
5.22
5.22
5.22
5.22
5.22
5.22
5.22
5.22
5.22
5.22
5.22
5.22
5.22
5.22
5.22
5.22
5.22
5.22
5.22
5.22
5.47
5.47
5.47
5.47
5.53
5.53
5.53
5.54
5.53
5.54
5.54
5.54
5.53
5.53
5.53
5.53
5.55
5.58
5.58
5.58
5.58
5.58
5.58
5.58
5.57
5.57
5.58
5.59
5.59
5.59
5.59
5.59
5.58
5.59
5.59
5.6
5.59
5.6
5.59
5.6
5.6
5.6
5.6
5.57
5.57
5.57
5.56
5.56
5.57
5.55
5.55
5.56
5.57
5.56
5.56
5.55
5.54
5.58
5.58
5.57
5.58
5.58
5.57
5.56
5.56
5.56
5.56
5.56
5.56
5.56
5.55
5.55
5.54
5.54
5.54
5.53
5.53
5.53
5.53
5.53
5.53
5.53
5.53
5.54
5.53
5.53
5.52
5.52
5.52
5.52
5.53
5.52
5.53
5.52
5.53
5.52
5.53
5.53
5.53
5.53
5.54
5.53
5.53
5.53
5.53
5.53
5.53
5.53
5.53
5.53
5.53
5.54
5.53
5.55
5.55
5.55
5.55
5.54
5.55
5.54
5.54
5.55
5.54
5.55
5.54
5.54
5.54
5.54
5.55
5.55
5.54
5.54
5.54
5.53
5.54
5.53
5.53
5.53
5.54
5.53
5.53
5.53
5.53
5.53
5.53
5.53
5.54
5.53
5.52
5.52
5.52
5.51
