30.7
30.65
30.65
30.65
30.65
30.65
30.6
30.6
30.6
30.6
30.6
30.65
30.65
30.65
30.65
30.65
30.65
30.6
30.6
30.6
30.65
30.7
30.7
30.65
30.7
30.7
30.7
30.7
30.7
30.7
30.7
30.7
30.7
30.7
30.7
30.7
30.7
30.7
30.7
30.7
30.7
30.7
30.7
30.7
30.7
30.65
30.65
30.65
30.65
30.65
30.65
30.65
30.65
30.65
30.65
30.65
30.65
30.65
30.6
30.65
30.65
30.65
30.65
30.65
30.65
30.65
30.65
30.65
30.65
30.65
30.65
30.65
30.65
30.65
30.65
30.65
30.65
30.65
30.65
30.65
30.65
30.65
30.65
30.65
30.65
30.65
30.65
30.65
30.65
30.65
30.65
30.9
30.9
30.9
30.9
30.9
30.9
30.9
30.85
31.05
31
30.9
30.9
30.9
30.95
30.9
30.95
30.95
30.95
31
30.9
30.9
30.85
30.75
30.95
30.9
31
31
31
30.95
30.95
30.95
30.95
31
31
30.95
31
31
31
31
31
31
31
31
31.05
31
31.05
31.05
31.05
31.1
31.1
31.1
31.1
31.1
31.05
31.05
31.05
31.05
31.05
31.05
31.05
31.05
31
31
31.05
30.95
30.95
30.95
30.95
30.95
30.95
30.95
30.95
30.95
30.95
30.95
30.95
30.95
30.95
30.95
30.95
30.95
30.95
31
31
31.05
31
31
31
31
31
31
31
31
31
30.95
30.95
30.95
30.95
30.95
30.95
30.95
31
30.95
31
30.95
31
30.95
30.95
30.95
30.95
30.95
30.95
30.95
30.95
30.95
30.95
30.95
30.95
31
31
31
31.05
31
31
31.05
31.05
31
31
31.05
31
31
31
31.05
31
31.05
31.05
31.1
31.1
31.1
31.05
31.05
31.05
31.05
31.05
31.05
31.05
31.05
31.05
31.05
31.05
31.05
31.05
31.05
31.05
31.05
31.05
31.1
31.05
31.05
31.05
31.1
31.05
31.05
31.05
31.05
31.05
31
31
31
31
31.05
31.05
31.05
31.05
31.05
31.05
31.2
31.2
31.2
31.15
31.1
31.1
31.15
31.1
31.1
31.1
31.15
31.2
31.2
31.2
31.2
31.2
31.2
31.2
31.1
31.1
31.1
31.1
31.15
31.15
31.15
31.15
31.15
31.15
31.15
31.15
31.1
31.15
31.1
31.15
31.15
31.1
31.1
31.1
31.1
31.2
31.2
31.2
31.2
31.15
31.2
31.2
31.15
31.2
31.2
31.2
31.2
31.15
31.2
31.2
31.15
31.2
31.2
31.15
31.15
31.15
31.2
31.15
31.2
31.15
31.15
31.15
31.15
31.15
31.15
31.15
31.15
31.15
31.15
31.15
31.15
31.2
31.15
31.15
31.15
31.15
31.15
31.15
31.15
31.15
31.15
31.15
31.2
31.2
31.2
31.2
31.2
31.2
31.2
31.2
31.2
31.2
31.2
31.2
31.2
31.2
31.2
31.2
31.2
31.2
31.2
31.2
31.2
31.2
31.2
31.2
31.2
31.2
31.2
31.2
31.2
31.2
31.2
31.2
31.2
31.2
31.2
31.2
31.2
31.2
31.2
31.2
31.2
31.2
31.2
31.2
31.2
31.2
31.2
31.15
31.15
31.15
31.2
31.2
31.2
31.15
31.15
31.15
31.15
31.15
31.2
31.15
31.15
31.2
31.15
31.15
31.15
31.15
31.15
31.15
31.2
31.15
31.15
31.15
31.15
31.15
31.15
31.15
31.2
31.2
31.15
31.15
31.15
31.15
31.15
31.15
31.15
31.15
31.2
31.15
31.15
31.15
31.15
31.15
31.15
31.1
31.1
31.1
31.1
31.1
31.1
31.1
31.1
31.15
31.1
31.1
31.1
31.1
31.15
31.1
31.1
31.1
31.1
31.1
31.1
31.1
31.1
31.1
31.15
31.1
31.1
31.1
31.1
31.1
31.1
31.1
31.1
31.1
31.1
31.1
31.1
31.1
31.15
31.1
31.1
31.1
31.1
31.15
31.15
31.1
31.15
31.1
31.1
31.1
31.15
31.15
31.15
31.15
31.15
31.1
31.15
31.15
31.15
31.15
31.1
31.15
31.15
31.1
31.1
31.1
31.1
31.1
31.1
31.1
31.1
31.1
31.1
31.1
31.1
31.1
31.1
31.1
31.1
31.1
31.1
31.1
31.1
31.1
31.1
31.1
31.1
31.1
31.1
31.1
31.1
31.1
31.1
31.25
31.25
31.25
31.25
31.25
31.25
31.25
31.25
31.3
31.3
31.25
31.25
31.35
31.35
31.35
31.35
31.35
31.25
31.3
31.3
31.3
31.3
31.3
31.3
31.3
31.3
31.3
31.3
31.3
31.25
31.25
31.25
31.25
31.25
31.3
31.3
31.3
31.25
31.25
31.25
31.25
31.25
31.25
31.25
31.25
31.25
31.3
31.3
31.3
31.25
31.25
31.25
31.25
31.25
31.25
31.25
31.25
31.25
31.25
31.3
31.3
31.25
31.25
31.25
31.3
31.3
31.3
31.25
31.25
31.25
31.25
31.25
31.25
31.25
31.25
31.3
31.3
31.3
31.3
31.3
31.25
31.25
31.25
31.25
31.25
31.25
31.25
31.25
31.25
31.3
31.3
31.25
31.25
31.25
31.3
31.3
31.25
31.25
31.3
31.3
31.3
31.3
31.3
31.3
31.25
31.25
31.25
31.25
31.25
31.25
31.25
31.25
31.25
31.25
31.25
31.25
31.25
31.25
31.25
31.25
31.25
31.25
31.3
31.25
31.25
31.25
31.25
31.3
31.3
31.3
31.3
31.3
31.3
31.25
31.25
31.25
31.25
31.25
31.25
31.25
31.25
31.25
31.25
31.25
31.25
31.25
31.25
31.25
31.25
31.25
31.25
31.25
