19.24
19.24
19.24
19.24
19.24
19.24
19.24
19.24
19.24
19.24
19.24
19.24
19.24
19.24
19.24
19.24
19.24
19.24
19.24
19.24
19.24
19.24
19.24
19.24
19.24
19.24
19.22
19.22
19.22
19.22
19.22
19.22
19.22
19.22
19.22
19.22
19.22
19.22
19.22
19.22
19.22
19.22
19.22
19.22
19.22
19.22
19.22
19.22
19.22
19.22
19.22
19.22
19.22
19.22
19.22
19.22
19.22
19.22
19.22
19.22
19.22
19.22
19.2
19.2
19.2
19.2
19.2
19.2
19.2
19.2
19.2
19.2
19.2
19.2
19.2
19.2
19.2
19.2
19.2
19.2
19.2
19.2
19.2
19.2
19.2
19.2
19.2
19.2
19.2
19.2
19.2
19.26
19.26
19.26
19.26
19.26
19.26
19.26
19.26
19.26
19.26
19.26
19.26
19.26
19.26
19.26
19.26
19.26
19.26
19.26
19.26
19.26
19.26
19.26
19.26
19.26
19.3
19.3
19.3
19.3
19.3
19.3
19.3
19.3
19.3
19.3
19.3
19.3
19.3
19.3
19.3
19.3
19.3
19.3
19.3
19.3
19.3
19.3
19.3
19.3
19.3
19.3
19.3
19.3
19.3
19.3
19.3
19.3
19.3
19.3
19.3
19.28
19.28
19.28
19.28
19.28
19.28
19.24
19.24
19.24
19.24
19.24
19.24
19.24
19.24
19.24
19.24
19.24
19.24
19.24
19.24
19.24
19.24
19.24
19.24
19.24
19.24
19.24
19.24
19.24
19.24
19.24
19.24
19.24
19.24
19.24
19.24
19.24
19.24
19.24
19.24
19.24
19.24
19.24
19.24
19.24
19.24
19.24
19.24
19.24
19.24
19.24
19.24
19.24
19.24
19.24
19.24
19.24
19.24
19.24
19.24
19.28
19.28
19.28
19.28
19.28
19.28
19.28
19.28
19.28
19.28
19.28
19.28
19.28
19.28
19.28
19.28
19.28
19.28
19.28
19.28
19.28
19.28
19.28
19.28
19.28
19.28
19.28
19.28
19.28
19.28
19.28
19.28
19.28
19.28
19.28
19.28
19.28
19.28
19.28
19.28
19.28
19.28
19.28
19.28
19.28
19.28
19.28
19.28
19.28
19.28
19.28
19.28
19.28
19.28
19.28
19.28
19.24
19.24
19.24
19
19
19
18.88
18.88
18.88
18.88
18.88
18.88
18.88
18.88
18.88
18.88
18.9
18.9
18.92
18.92
18.96
19
19
19
19
19
19
19
19
19
18.94
18.94
18.94
18.94
18.94
18.94
18.94
18.94
18.94
18.94
18.94
18.94
18.94
18.94
18.94
18.94
18.94
18.94
18.94
18.94
18.94
18.94
18.94
18.94
18.94
18.94
18.94
18.94
18.94
18.94
18.96
19
19
19
19
19
19
19
19
19
19
19
19
19
19
19
19
19
19
19
19
19
19
19
19
19
19
19
19
19
19
19
19
19
19
19
19
19
19
19
19
19
19
19
19
19
19
19
19
19
19
19
19
19
19
19
19
19
19
19
19
19
19
19
19
19
19
19
19
19
19
19
19
19
19
19
19
19
19
19
19
19
19
19
19
19
19
19
19
19
19
19
19
19
19
19
19
19
19
19
19
19
19
19
19
19
19
19
19
19
19
19
19
19
19
19
19
19
19
19
19
19
19
19
19
18.98
18.96
18.96
18.96
18.96
18.96
18.98
18.98
18.96
18.88
18.88
18.88
18.88
18.88
18.88
18.88
18.88
18.88
18.88
18.88
18.88
18.88
18.88
18.88
18.88
18.88
18.88
18.88
18.88
18.88
18.88
18.88
18.88
18.88
18.8
18.8
18.8
18.8
18.8
18.8
18.8
18.92
18.92
18.92
18.92
18.92
18.92
18.86
18.86
18.86
18.86
18.86
18.86
18.86
18.86
18.86
18.86
18.86
19
19
19
19
19
19
19
19
19
19
19
19
19
19
19
19
19
19
19
19
19
19
19
19
19
19
19
19
18.42
18.42
18.42
18.42
18.42
18.42
18.42
18.42
18.42
18.42
18.4
18.4
18.4
18.4
18.4
18.4
18.4
18.4
18.4
18.4
18.4
18.4
18.4
18.4
18.4
18.4
18.4
18.4
18.4
18.4
18.4
18.4
18.4
18.4
18.4
18.4
18.4
18.4
18.4
18.4
18.4
18.4
18.4
18.4
18.4
18.4
18.4
18.4
18.34
18.34
18.34
18.34
18.36
18.36
18.36
18.36
18.36
18.4
18.4
18.4
18.4
18.4
18.4
18.4
18.4
18.4
18.4
18.4
18.4
18.4
18.4
18.4
18.4
18.4
18.4
18.4
18.36
18.36
18.36
18.36
18.36
18.36
18.36
18.36
18.36
18.36
18.36
18.36
18.36
18.36
18.36
18.36
18.38
18.38
18.38
18.38
18.38
18.38
18.38
18.36
18.36
18.36
18.36
18.36
18.36
18.36
18.36
18.36
18.36
18.36
18.36
18.36
18.36
18.36
18.38
18.38
18.38
18.38
18.38
18.4
18.4
18.42
18.42
18.42
18.42
18.42
18.42
18.42
18.46
18.46
18.46
18.46
18.46
18.46
18.46
18.48
18.48
18.48
18.48
18.48
18.48
18.48
18.48
18.48
18.48
18.48
18.48
18.48
18.48
18.48
18.48
18.48
