1.88
1.88
1.88
1.89
1.88
1.88
1.88
1.88
1.87
1.87
1.87
1.87
1.88
1.88
1.88
1.88
1.88
1.88
1.87
1.86
1.87
1.87
1.86
1.87
1.88
1.88
1.88
1.88
1.87
1.87
1.87
1.87
1.88
1.87
1.87
1.87
1.87
1.87
1.87
1.87
1.87
1.87
1.87
1.87
1.88
1.87
1.87
1.87
1.87
1.86
1.86
1.86
1.86
1.87
1.87
1.86
1.86
1.87
1.86
1.86
1.86
1.86
1.87
1.87
1.87
1.88
1.88
1.88
1.88
1.88
1.88
1.88
1.88
1.88
1.88
1.88
1.88
1.88
1.88
1.88
1.88
1.88
1.88
1.88
1.88
1.88
1.88
1.88
1.88
1.88
1.88
1.9
1.9
1.9
1.9
1.9
1.9
1.9
1.89
1.88
1.89
1.89
1.88
1.89
1.89
1.88
1.88
1.88
1.89
1.89
1.89
1.89
1.89
1.89
1.89
1.89
1.89
1.89
1.89
1.89
1.89
1.9
1.9
1.89
1.89
1.89
1.9
1.9
1.89
1.9
1.9
1.89
1.89
1.9
1.89
1.9
1.89
1.89
1.89
1.89
1.88
1.89
1.89
1.89
1.89
1.89
1.89
1.89
1.89
1.89
1.89
1.89
1.89
1.88
1.88
1.87
1.87
1.88
1.88
1.88
1.88
1.88
1.88
1.88
1.88
1.88
1.88
1.88
1.88
1.88
1.88
1.88
1.88
1.88
1.88
1.88
1.88
1.88
1.88
1.88
1.87
1.87
1.87
1.87
1.88
1.88
1.88
1.88
1.88
1.88
1.87
1.88
1.88
1.87
1.87
1.88
1.88
1.87
1.87
1.87
1.88
1.88
1.88
1.88
1.88
1.88
1.88
1.88
1.88
1.87
1.87
1.87
1.87
1.87
1.88
1.88
1.88
1.87
1.88
1.88
1.87
1.87
1.87
1.87
1.87
1.87
1.87
1.88
1.88
1.88
1.88
1.88
1.87
1.88
1.88
1.88
1.89
1.89
1.89
1.89
1.89
1.88
1.88
1.88
1.88
1.88
1.88
1.88
1.88
1.88
1.88
1.89
1.89
1.89
1.89
1.89
1.89
1.89
1.89
1.89
1.89
1.89
1.89
1.89
1.88
1.88
1.89
1.89
1.89
1.89
1.87
1.88
1.88
1.88
1.88
1.87
1.87
1.87
1.87
1.87
1.87
1.87
1.87
1.87
1.87
1.87
1.87
1.87
1.87
1.87
1.87
1.87
1.87
1.86
1.86
1.86
1.86
1.86
1.86
1.86
1.86
1.86
1.86
1.86
1.86
1.86
1.87
1.87
1.87
1.87
1.86
1.87
1.87
1.87
1.88
1.88
1.88
1.88
1.88
1.88
1.87
1.87
1.88
1.88
1.87
1.87
1.87
1.87
1.87
1.87
1.87
1.87
1.87
1.88
1.88
1.88
1.88
1.88
1.88
1.88
1.88
1.88
1.88
1.88
1.88
1.88
1.88
1.87
1.87
1.87
1.87
1.87
1.87
1.87
1.87
1.87
1.87
1.87
1.87
1.87
1.87
1.87
1.87
1.87
1.87
1.87
1.87
1.87
1.87
1.87
1.87
1.87
1.87
1.87
1.87
1.87
1.87
1.87
1.87
1.87
1.87
1.87
1.87
1.87
1.87
1.87
1.87
1.87
1.87
1.87
1.87
1.87
1.87
1.87
1.87
1.87
1.87
1.87
1.87
1.87
1.87
1.87
1.87
1.87
1.87
1.86
1.87
1.87
1.87
1.87
1.87
1.88
1.88
1.88
1.88
1.88
1.88
1.88
1.88
1.88
1.88
1.88
1.88
1.88
1.88
1.88
1.88
1.88
1.88
1.88
1.88
1.88
1.88
1.88
1.88
1.88
1.88
1.88
1.88
1.88
1.88
1.88
1.88
1.88
1.88
1.88
1.87
1.87
1.87
1.87
1.87
1.87
1.88
1.88
1.88
1.87
1.87
1.87
1.87
1.87
1.87
1.85
1.85
1.85
1.85
1.86
1.86
1.86
1.86
1.86
1.86
1.86
1.86
1.86
1.85
1.85
1.85
1.86
1.85
1.85
1.86
1.84
1.84
1.82
1.83
1.83
1.83
1.83
1.83
1.83
1.82
1.82
1.83
1.83
1.83
1.83
1.83
1.83
1.83
1.83
1.82
1.83
1.83
1.83
1.83
1.83
1.83
1.83
1.83
1.83
1.84
1.84
1.84
1.84
1.84
1.84
1.84
1.84
1.84
1.84
1.84
1.84
1.84
1.84
1.84
1.84
1.84
1.84
1.84
1.84
1.84
1.84
1.84
1.84
1.84
1.84
1.84
1.84
1.78
1.78
1.78
1.78
1.78
1.78
1.78
1.78
1.78
1.79
1.79
1.79
1.78
1.78
1.78
1.78
1.78
1.79
1.79
1.79
1.78
1.79
1.78
1.78
1.79
1.78
1.78
1.78
1.78
1.79
1.78
1.78
1.79
1.78
1.78
1.79
1.78
1.78
1.78
1.78
1.79
1.78
1.79
1.78
1.79
1.79
1.78
1.78
1.78
1.78
1.78
1.78
1.78
1.78
1.78
1.77
1.77
1.78
1.77
1.78
1.78
1.79
1.79
1.78
1.78
1.78
1.78
1.77
1.77
1.77
1.77
1.78
1.77
1.78
1.78
1.77
1.78
1.78
1.78
1.78
1.78
1.78
1.78
1.78
1.78
1.78
1.78
1.78
1.78
1.79
1.79
1.78
1.78
1.79
1.78
1.78
1.79
1.78
1.78
1.78
1.78
1.78
1.78
1.78
1.79
1.78
1.78
1.79
1.78
1.78
1.79
1.79
1.79
1.78
1.78
1.79
1.78
1.78
1.78
1.78
1.78
1.79
1.78
1.78
1.79
1.79
1.78
1.78
1.78
1.79
1.8
1.79
1.8
1.78
1.78
1.79
1.78
1.78
1.78
1.79
1.79
1.78
1.78
1.78
1.79
1.78
1.79
1.78
1.79
1.78
1.78
1.78
