172.8
172.9
172.9
172.7
172.7
172.6
172.6
172.4
172.3
172.6
172.5
172.4
172.4
172.7
172.5
172.6
172.4
172.3
172.3
172.4
172.5
172.6
172.5
172.5
172.6
172.5
172.5
172.9
172.6
172.7
172.6
172.3
172.3
172.5
172.4
172.4
172.4
172.3
172.3
172.3
172.2
172.2
172.5
172.5
172.4
172.4
172.2
172.3
172.2
172.2
172.2
172.2
172.2
172.1
172.4
172.3
172.4
172.3
172.3
172.3
172.2
172.2
172.2
172.2
172.2
172.4
172.4
172.4
172.4
172.4
172.4
172.4
172.4
172.4
172.4
172.4
172.4
172.4
172.4
172.4
172.4
172.4
172.4
172.4
172.4
172.4
172.4
172.4
172.4
172.4
172.4
175.6
175.6
175.6
175.6
175.6
175.6
175.6
175.9
176.8
177.7
177
176.9
177
177.2
177.2
177.1
177.1
177.4
177.7
177.6
177.6
177.7
177.8
178
177.9
178.3
178.7
178.8
178.6
178.6
178.4
179
179.5
179.4
179.4
179.6
179.5
179.7
179.6
179.5
179.2
179.2
178.9
178.8
178.6
178.5
178.4
178.3
178.2
177.8
177.8
177.9
178
178.2
178.2
178.1
178.2
178
177.7
177.5
177.1
176.9
176
175.2
176
175.6
177.1
177
176.9
177
176.9
176.9
176.9
176.6
176.6
176.4
176.6
176.5
176.4
176.6
176.5
176.5
176.5
176.5
176.5
177
177.3
177.3
177.5
177.4
177.3
177.4
177.6
177.4
177.4
177.5
177.5
177.5
177.5
177.7
177.9
177.8
177.8
177.8
177.8
177.8
177.7
177.9
177.9
177.8
177.8
177.8
177.8
177.8
177.8
177.8
177.8
177.8
177.6
177.7
177.8
177.9
177.8
177.7
177.8
177.7
177.7
177.8
177.7
177.5
177.6
177.8
177.9
178.1
178.3
178.3
178.1
178.2
178.2
178.2
178.2
178.1
178.3
178.1
178.1
178.1
178.1
178.2
178.2
178.1
178.1
178.2
178.4
178.3
178.4
178.6
178.5
178.5
178.6
178.5
178.4
178.4
178.6
178.4
178.5
178.4
178.7
178.5
178.5
178.5
178.5
178.4
178.5
178.4
178.4
178.3
178
178
178
181.3
180.9
181.2
181.2
181.2
181
181
180.8
181
181.2
181.1
181.3
181.2
181.2
181.3
181.4
181.3
181.4
181.6
181.7
181.9
181.7
181.6
181.7
181.7
181.7
181.7
181.8
181.7
181.7
181.7
181.7
181.6
181.6
181.7
181.7
181.7
181.7
181.6
181.7
181.7
181.8
181.8
181.8
181.9
181.8
181.8
181.6
181.7
181.7
181.9
181.9
181.8
181.7
181.9
182.2
182.3
182.3
182.4
182.5
182.6
182.6
182.4
182.6
182.2
182.3
182.1
182.3
182.1
182.2
182.1
182.2
182.2
182.1
182.2
182.1
182.2
182.2
182.1
182.1
182.4
182.3
182.3
182.2
182.2
182.2
182.2
182.1
182.1
182.1
182.1
182.1
182.1
182.1
182.1
182.1
182.1
182.1
182.1
182.1
182.1
182.1
182.1
182.1
182.1
182.1
182.1
182.1
182.1
182.1
182.1
182.1
182.1
182.1
182.1
182.1
182.1
182.1
182.1
182.1
182.1
182.1
182.1
182.1
182.1
182.1
182.1
182.1
182.1
182.1
182
182
182.1
182
182
182
181.9
182.1
182
182.2
182.2
182.1
182.2
182.3
182.3
182.3
182.4
182.4
182.3
182.3
182.3
182.3
182.4
182.4
182.6
182.3
182.4
182.4
182.4
182.3
182.4
182.1
181.9
181.8
181.8
181.6
181.5
181.4
181.3
181.3
181
181.1
181.1
181.2
181.1
181.2
179.3
179.3
179.3
178.8
178.5
178.3
178.2
178.2
178.1
178.1
178.4
178.6
178.9
178.9
179
177.8
177.9
178.2
177.9
178
177.7
177.5
177.6
177.5
177.7
177.6
177.7
177.8
178
178
177.9
178
177.8
177.9
177.8
177.8
177.9
177.5
177.6
177.2
177.3
177.3
177.4
177.4
177.5
177.5
177.5
177.5
177.6
177.3
177.4
177.5
177.5
177.5
177.6
177.4
177.4
177.5
177.5
177.5
177.5
177.5
177.5
177.4
177.8
177.8
177.8
177.8
177.8
177.8
177.8
177.8
177.8
177.8
177.8
177.8
177.8
177.8
177.8
177.8
177.8
177.8
177.8
177.8
177.8
177.8
177.8
177.8
177.8
177.8
177.8
177.8
173.5
173.5
173.5
173.6
173.6
173.5
173.4
173.4
173.3
173.3
173.4
173.3
173.3
173.3
173.2
173.3
173.6
173.9
173.6
173.7
173.7
173.7
173.5
173.5
173.6
173.4
173.5
173.5
173.5
173.6
173.5
173.5
173.4
173.4
173.4
173.2
173.2
173.2
173.3
173.4
173.4
173.3
173.2
173.3
173.3
173.3
173.3
173.3
173.2
173.3
173.3
173.3
173.3
173.3
173.4
173.3
173.3
173.3
173.3
173.4
173.3
173.2
173.3
173.4
173.3
173.2
173.3
173.2
173.2
173.2
173.1
173.1
173.1
173.1
173.1
173.1
173.1
173.1
173.3
173.2
173.2
173.3
173.2
173.2
173.2
173.2
173.2
173.3
173.3
173.4
173.5
173.5
173.4
173.4
173.4
173.5
173.4
173.6
173.6
173.6
173.6
173.6
173.7
173.9
174
174.1
174.1
173.8
173.9
173.8
173.6
173.7
173.6
173.5
173.6
173.5
173.5
173.5
173.7
173.7
173.7
173.6
173.6
173.7
173.7
173.7
173.7
173.7
173.6
173.7
173.7
173.6
173.6
173.5
173.5
173.5
173.5
173.5
173.6
173.5
173.4
173.4
173.3
173.4
173.3
173.3
173.2
173.4
173.3
173.4
173.4
173.2
