8.45
8.45
8.43
8.4
8.41
8.42
8.44
8.45
8.43
8.43
8.43
8.44
8.45
8.44
8.43
8.43
8.44
8.44
8.44
8.44
8.44
8.44
8.46
8.46
8.46
8.46
8.46
8.46
8.46
8.46
8.46
8.46
8.46
8.46
8.46
8.46
8.46
8.46
8.46
8.46
8.45
8.45
8.45
8.46
8.46
8.46
8.45
8.46
8.43
8.43
8.44
8.44
8.44
8.44
8.44
8.45
8.45
8.45
8.45
8.45
8.45
8.46
8.46
8.46
8.46
8.47
8.47
8.47
8.47
8.47
8.47
8.47
8.47
8.47
8.47
8.47
8.47
8.47
8.47
8.47
8.47
8.47
8.47
8.47
8.47
8.47
8.47
8.47
8.47
8.47
8.47
8.41
8.41
8.41
8.41
8.41
8.41
8.41
8.43
8.42
8.41
8.41
8.4
8.38
8.39
8.38
8.39
8.38
8.38
8.4
8.39
8.4
8.39
8.39
8.41
8.4
8.39
8.4
8.39
8.39
8.39
8.39
8.38
8.38
8.38
8.38
8.39
8.38
8.38
8.38
8.37
8.37
8.37
8.37
8.37
8.36
8.36
8.37
8.38
8.37
8.37
8.38
8.38
8.38
8.39
8.39
8.39
8.39
8.37
8.37
8.38
8.37
8.34
8.32
8.3
8.31
8.3
8.36
8.38
8.36
8.36
8.37
8.38
8.37
8.36
8.35
8.37
8.38
8.38
8.37
8.36
8.36
8.37
8.37
8.38
8.36
8.37
8.37
8.37
8.37
8.37
8.37
8.37
8.37
8.36
8.36
8.36
8.35
8.36
8.37
8.36
8.36
8.36
8.36
8.36
8.35
8.34
8.34
8.34
8.35
8.33
8.33
8.33
8.33
8.33
8.33
8.33
8.33
8.33
8.38
8.39
8.38
8.38
8.38
8.37
8.37
8.37
8.36
8.36
8.36
8.36
8.36
8.38
8.38
8.39
8.39
8.37
8.37
8.36
8.36
8.36
8.36
8.36
8.36
8.36
8.37
8.36
8.36
8.36
8.35
8.35
8.35
8.34
8.33
8.35
8.34
8.34
8.33
8.33
8.31
8.33
8.32
8.32
8.31
8.33
8.31
8.3
8.3
8.31
8.32
8.31
8.33
8.33
8.31
8.33
8.33
8.33
8.3
8.3
8.3
8.16
8.12
8.12
8.12
8.12
8.11
8.11
8.13
8.13
8.13
8.13
8.13
8.15
8.14
8.15
8.15
8.15
8.15
8.15
8.14
8.15
8.15
8.15
8.15
8.15
8.15
8.15
8.15
8.15
8.16
8.16
8.16
8.16
8.16
8.16
8.16
8.16
8.15
8.16
8.16
8.16
8.12
8.12
8.12
8.12
8.11
8.11
8.11
8.11
8.11
8.12
8.12
8.13
8.12
8.13
8.13
8.13
8.13
8.13
8.13
8.14
8.14
8.14
8.14
8.15
8.15
8.15
8.15
8.15
8.15
8.15
8.16
8.16
8.15
8.16
8.16
8.17
8.16
8.17
8.16
8.17
8.17
8.17
8.17
8.17
8.17
8.17
8.15
8.15
8.15
8.15
8.15
8.15
8.15
8.15
8.15
8.15
8.15
8.15
8.15
8.15
8.15
8.15
8.15
8.15
8.15
8.15
8.15
8.15
8.15
8.15
8.15
8.15
8.15
8.15
8.15
8.15
8.15
8.15
8.15
8.15
8.15
8.15
8.15
8.15
8.15
8.15
8.15
8.15
8.15
8.16
8.16
8.16
8.16
8.16
8.16
8.16
8.16
8.16
8.16
8.16
8.16
8.17
8.16
8.16
8.16
8.17
8.17
8.16
8.17
8.17
8.17
8.18
8.18
8.17
8.17
8.16
8.16
8.18
8.18
8.17
8.17
8.16
8.17
8.16
8.16
8.16
8.16
8.16
8.15
8.15
8.16
8.16
8.12
8.12
8.12
8.11
8.11
8.11
8.11
8.11
8.1
8.07
8.07
8.08
8.08
8.08
8.09
8.09
8.1
8.1
7.99
7.98
7.98
7.98
7.99
7.98
7.98
7.98
7.97
7.97
7.97
7.98
7.97
7.97
7.97
7.97
7.97
7.97
7.98
7.97
7.97
7.98
7.97
7.97
7.99
8.03
8.03
8.02
8.01
8.01
8.01
8.01
8.01
8
8.01
8
8
8.01
8
8.01
8.01
8.02
8.02
8.02
8.01
8.02
8.01
8.01
8.01
8.04
8.04
8.04
8.04
8.04
8.04
8.04
8.04
8.04
8.04
8.04
8.04
8.04
8.04
8.04
8.04
8.04
8.04
8.04
8.04
8.04
8.04
8.04
8.04
8.04
8.04
8.04
8.04
7.85
7.85
7.85
7.85
7.85
7.85
7.85
7.85
7.85
7.85
7.86
7.86
7.86
7.87
7.86
7.87
7.87
7.86
7.85
7.87
7.87
7.88
7.87
7.87
7.88
7.87
7.87
7.87
7.87
7.88
7.87
7.88
7.88
7.88
7.88
7.87
7.87
7.92
7.93
7.94
7.94
7.93
7.94
7.95
7.95
7.95
7.95
7.95
7.95
7.95
7.95
7.94
7.94
7.94
7.95
7.94
7.93
7.93
7.95
7.95
7.96
7.96
7.96
7.96
7.96
7.96
7.96
7.96
7.96
7.94
7.94
7.95
7.95
7.95
7.94
7.94
7.95
7.95
7.94
7.94
7.95
7.95
7.95
7.95
7.95
7.95
7.96
7.97
7.97
7.97
7.97
7.97
7.97
7.97
7.97
7.97
7.97
7.97
7.98
7.97
7.98
7.98
7.98
7.98
7.98
7.98
7.98
7.98
7.98
7.98
7.98
7.97
7.97
7.97
7.97
7.97
7.97
7.97
7.97
7.96
7.97
7.97
7.97
7.97
7.97
7.96
7.96
7.97
7.96
7.97
7.97
7.96
7.96
7.96
7.97
7.97
7.96
7.96
7.97
7.97
7.97
7.97
7.96
7.96
7.96
7.95
7.96
7.95
7.95
7.94
7.94
7.95
