119.01
118.97
119.33
119.25
119.34
119.5
119.41
118.22
118.23
119.78
119.95
120
119.94
119.9
119.83
119.83
119.78
119.93
119.85
119.94
120
119.81
119.79
119.57
119.65
119.66
119.8
119.81
119.77
119.9
119.86
119.74
119.79
119.79
119.83
119.65
119.62
119.52
119.86
119.33
119.29
119.15
119.27
119.76
119.61
119.28
119.04
119.16
118.97
118.88
119.16
119.03
119.9
119.9
119.13
119.07
119.25
119.07
119.04
119.09
118.86
119.08
119.11
119.06
119.02
119.1
119.05
119.35
119.28
119.32
119.33
119.12
119.44
119.09
119.4
119.37
119.37
119.28
119.3
119.28
119.07
119.31
119.29
119.21
119.28
119.22
119.14
119.18
119.33
119.1
119.26
119.01
119.14
119.03
119.03
119.03
119.03
118.89
118.89
118.94
119
118.95
118.91
119.01
119
119.18
119.3
119.27
119.35
119.19
119.24
119.9
119.34
119.21
119.21
119.23
119.18
119.29
119.08
119.06
119.08
119.02
119.08
119.09
119.05
119.03
119.02
119.9
119.04
119.03
118.83
118.99
119.07
119.03
119.14
119.19
119.22
119.35
119.35
119.39
119.39
119.36
119.28
119.35
119.37
119.41
119.44
119.29
119.51
119.59
119.59
119.58
119.54
119.59
119.51
119.51
119.49
119.5
119.48
119.43
119.42
119.41
119.47
119.9
119.43
119.25
119.38
119.32
119.36
119.27
119.32
119.37
119.44
119.43
119.4
119.45
119.48
119.33
119.42
119.45
119.41
119.35
119.41
119.52
119.51
119.46
119.43
119.41
119.42
119.39
119.31
119.31
119.4
119.29
119.9
119.15
119.23
119.24
119.29
119.31
119.27
119.27
119.9
119.19
119.19
119.18
119.25
119.24
119.24
119.21
119.22
119.22
119.21
119.22
119.18
119.17
118.94
119.07
119.06
119.05
119.18
119.2
119.2
119.24
118.97
119.01
119.23
119.15
119.1
119.14
119.16
119.21
119.23
119.19
119.21
119.07
119.07
119.05
118.88
118.84
118.97
119.01
119.04
119.21
119.29
119.3
119.28
119.36
119.53
119.6
119.49
119.53
119.36
119.31
119.32
119.43
119.34
119.28
119.32
119.07
119.03
118.96
118.93
118.98
119.07
118.99
118.92
118.98
118.62
118.52
118.5
118.88
118.63
118.15
117.79
117.97
118.33
117.97
117.86
118.17
118
118.06
117.89
117.65
117.74
117.55
117.55
117.59
117.74
117.6
117.14
116.85
117.29
117.57
117.37
117.34
117.32
117.12
117.32
117.07
