49.08
48.97
48.88
49.06
48.92
48.88
49.03
48.87
48.76
49.17
49.16
49.19
49.2
49.21
49.19
49.12
49.13
49.12
49.17
49.22
49.27
49.28
49.29
49.31
49.33
49.16
49.2
49.45
49.35
49.34
49.35
49.31
49.31
49.28
49.35
49.29
49.3
49.28
49.28
49.34
49.36
49.34
49.37
49.3
49.29
49.27
49.26
49.26
49.25
49.21
49.26
49.31
49.37
49.37
49.26
49.22
49.2
49.2
49.21
49.23
49.2
49.22
49.27
49.31
49.32
49.34
49.34
49.37
49.42
49.35
49.44
49.4
49.49
49.35
49.38
49.39
49.39
49.38
49.4
49.4
49.34
49.33
49.27
49.33
49.36
49.35
49.35
49.32
49.37
49.34
49.36
49.26
49.26
49.26
49.26
49.26
49.35
49.09
49.1
49.1
49.08
49.12
49.16
49.09
49.06
49.08
49.18
49.17
49.2
49.21
49.2
49.22
49.21
49.21
49.18
49.19
49.21
49.16
49.18
49.19
49.07
49.11
49.13
49.12
49.14
49.15
49.35
49.06
49.06
49.15
49.14
49
49.15
49.09
49.09
49.16
49.18
49.21
49.21
49.27
49.25
49.27
49.25
49.24
49.23
49.27
49.26
49.24
49.21
49.25
49.24
49.23
49.22
49.25
49.26
49.26
49.24
49.25
49.2
49.2
49.21
49.21
49.18
49.24
49.21
49.18
49.21
49.17
49.16
49.35
49.19
49.2
49.2
49.18
49.18
49.2
49.23
49.12
49.17
49.2
49.24
49.24
49.16
49.24
49.13
49.24
49.23
49.2
49.21
49.19
49.19
49.15
49.15
49.12
49.09
49.03
49.07
49.09
49.15
49.06
49.1
49.12
49.13
49.1
49.1
49.14
49.21
49.2
49.2
49.19
49.17
49.15
49.18
49.16
49.17
49.16
49.16
49.24
49.25
49.14
49.27
49.28
49.29
49.29
49.27
49.23
49.28
49.27
49.29
49.28
49.34
49.36
49.38
49.35
49.32
49.34
49.36
49.35
49.37
49.37
49.4
49.4
49.4
49.47
49.5
49.48
49.51
49.51
49.53
49.59
49.35
49.58
49.54
49.53
49.51
49.51
49.46
49.42
49.42
49.45
49.33
49.31
49.2
49.21
49.22
49.25
49.19
49.17
49.09
49.07
49.22
49.15
49.15
49.04
48.92
49.08
49.01
49.08
49.01
49.04
49.02
49.04
49.06
49.02
49.06
48.97
49
49.01
48.99
48.99
48.93
48.9
48.95
48.95
48.91
48.88
48.87
48.91
48.9
48.86
