49.53
49.56
49.53
49.22
49.29
49.33
49.32
49.35
49.19
49.23
49.26
49.27
49.28
49.2
49.35
49.22
49.32
49.37
49.43
49.37
49.44
49.48
49.47
49.45
49.45
49.47
49.43
49.44
49.45
49.39
49.44
49.45
49.49
49.47
49.5
49.54
49.57
49.53
49.64
49.45
49.65
49.61
49.63
49.69
49.71
49.72
49.8
49.82
49.84
49.83
49.79
49.74
49.74
49.64
49.74
49.75
49.78
49.78
49.78
49.78
49.72
49.72
49.66
49.7
49.69
49.69
49.69
49.78
49.74
49.67
49.7
49.67
49.72
49.69
49.68
49.7
49.74
49.7
49.45
49.67
49.7
49.7
49.74
49.73
49.73
49.8
49.79
49.85
49.74
49.92
49.92
49.85
49.84
49.83
49.87
49.9
49.45
49.86
49.9
49.88
49.79
49.88
49.76
49.76
49.85
49.78
49.76
49.84
49.57
49.55
49.56
49.55
49.54
49.59
49.62
49.64
49.61
49.63
49.63
49.63
49.66
49.67
49.63
49.62
49.75
49.76
49.75
49.72
49.68
49.65
49.66
49.65
49.69
49.72
49.74
49.65
49.67
49.71
49.72
49.67
49.73
49.67
49.7
49.69
49.71
49.68
49.67
49.71
49.67
49.62
49.71
49.58
49.6
49.58
49.58
49.7
49.58
49.55
49.57
49.57
49.54
49.64
49.67
49.65
49.67
49.63
49.66
49.68
49.71
49.78
49.6
49.54
49.45
49.55
49.77
49.81
49.8
49.8
49.71
49.83
49.82
49.83
49.82
49.81
49.8
49.79
49.76
49.76
49.81
49.84
49.86
49.82
49.79
49.79
49.81
49.81
49.76
49.8
49.78
49.8
49.79
49.81
49.79
49.78
49.8
49.87
49.89
49.9
49.98
49.99
49.99
49.99
50.06
50.1
50.07
50.07
50.09
50.06
50.06
50.1
50.12
50.15
50.12
50.17
50.3
50.54
50.5
50.45
50.48
50.46
50.41
50.45
50.4
50.42
50.38
