89.03
88.96
88.76
88.4
88.36
88.37
88.58
88.65
88.73
88.71
88.73
88.75
88.49
88.4
88.51
88.72
89.01
88.67
89.2
89.51
89.47
88.89
89.26
89.26
89.41
89.15
89.37
89.42
89.27
89.37
89.73
89.39
89.09
89.06
89
88.85
88.9
89.02
89.73
89.23
89.2
89.35
89.42
89.28
89.37
89.29
89.27
89.25
89.33
89.18
89.21
89.26
89.27
89.5
89.23
89.16
89.24
89.1
89.14
89.08
89.02
89.04
89.03
89.08
89.05
89.5
89.08
89.04
89.13
89.04
89.12
89.24
89.22
89.07
89.29
89.24
89.24
89.43
89.44
89.45
89.48
89.39
89.46
89.44
89.48
89.81
89.88
89.87
90.29
90.2
90.5
89.45
90.54
90.56
90.62
90.58
90.56
90.69
90.74
90.87
90.97
91
91
90.74
90.67
90.7
91.13
91.17
91.42
91.79
90.76
91.96
91.96
91.54
91.53
89.5
89.5
91.22
91.16
91.01
91.23
91.31
91.32
91.36
91.3
91.42
91.45
91.18
91.16
91.3
91.2
91.3
91
91.06
91.06
91.42
91.37
91.52
91.52
91
91.06
90.99
90.83
91.02
91.1
91.23
91.18
91.15
91.13
91.1
91.14
91.25
91.11
91.1
91.13
91.14
91.1
91.11
91.12
91.15
91.13
91.14
91.14
91.2
91.1
91.11
91.16
91.12
91.12
91.13
91.14
91.14
91.18
91.12
91.14
91.17
90.91
90.93
90.98
91.14
89.5
91.06
90.99
91.01
91
91
90.98
90.76
90.83
90.75
90.72
90.75
90.59
90.6
90.61
90.52
90.35
90.73
90.73
90.48
90.55
90.5
90.54
90.54
90.62
90.77
90.78
90.61
90.54
90.38
90.41
90.4
90.39
90.38
90.29
90.15
90.17
90.16
90.25
90.26
90.13
90.19
90.17
90.21
90.06
90.01
89.94
90.24
89.87
89.99
89.93
89.93
89.9
89.91
89.94
89.87
89.84
89.93
89.96
90
90
89.98
90
89.98
90.01
90.01
90.02
90.01
90.06
90.02
90.04
90.04
90.02
90.01
90.01
89.96
90.03
90.04
90.03
89.97
89.99
89.81
89.88
89.83
89.81
89.94
89.9
89.97
89.87
89.76
89.94
89.55
89.48
89.19
89.14
89.4
89.3
89.36
89.19
89.09
89.1
89.11
89.06
89.06
89.12
89.08
89.11
89.18
89.24
89.18
89.24
89.06
88.99
89.01
88.96
89.01
89.23
89.22
89.12
89.07
