89.86
89.82
89.68
89.62
89.7
89.57
89.69
89.67
89.65
89.6
89.64
89.7
89.59
89.7
89.87
89.99
89.66
90.1
90.23
89.72
89.88
89.98
89.9
89.9
89.9
89.84
89.76
89.72
89.68
89.9
89.89
89.8
89.9
89.88
89.89
89.86
89.9
89.92
89.99
89.9
90
89.9
89.85
89.8
89.84
89.9
90.1
90
90
89.99
89.9
89.9
89.9
89.92
89.85
89.92
89.95
90.01
90
90.01
89.97
89.84
90
89.79
89.77
89.77
89.75
89.83
89.98
89.79
89.83
89.79
89.76
89.75
89.8
89.81
89.91
89.86
89.75
89.71
89.96
89.84
89.91
89.85
89.81
89.85
89.79
89.9
89.73
89.77
89.75
89.65
89.64
89.59
89.7
89.8
89.66
89.62
89.66
89.58
89.62
89.63
89.7
89.58
89.56
89.6
89.57
89.36
89.31
89.38
89.37
89.33
89.22
89.17
89.14
89.26
89.27
89.17
89.16
89.13
89.05
89.04
89
89.23
89.2
89.15
89.13
89.04
89.09
89.09
89.16
89.1
89.1
89.12
89.08
89.19
89.13
89.14
89.24
89.15
89.14
89.14
89.17
89.14
89.1
89.15
89.1
89.12
89.14
88.94
88.84
88.85
88.88
88.95
89.02
88.94
88.97
88.93
89.08
89.08
89.04
89.01
89.08
89.04
89.08
89.01
88.88
88.9
88.92
88.93
88.93
88.7
88.75
88.8
89.35
89.29
89.29
89.27
89.23
89.28
89.34
89.34
89.4
89.28
89.19
89.14
89.19
89.24
89.33
89.36
89.43
89.37
89.33
89.25
89.27
89.19
89.23
89.29
89.34
89.34
89.32
89.33
89.33
89.22
89.22
89.39
89.26
89.43
89.49
89.48
89.4
89.39
89.42
89.59
89.6
89.71
89.87
89.89
89.92
89.96
89.87
89.83
90.03
89.87
89.88
90.17
90.13
90.03
90.1
90.11
90.18
90.04
89.9
90.16
89.95
