144.19
144.13
143.94
143.5
144.11
143.49
143.56
143.42
143.4
143.47
143.8
143.81
143.43
143.69
143.36
143.7
143.41
143.84
143.84
143.62
143.79
143.82
143.73
143.66
143.68
143.66
143.66
143.59
143.42
143.47
143.49
143.45
143.65
143.51
143.71
143.77
143.66
143.93
143.93
143.88
143.91
143.84
143.92
143.88
143.89
143.9
144.04
143.96
144.13
144.07
144.08
144.1
143.84
143.9
144.2
144.23
144.19
144.21
144.2
144.34
144.32
144.36
144.2
144.64
144.66
144.58
144.29
144.6
144.54
144.49
144.5
144.5
144.45
144.42
144.35
144.51
144.43
144.4
144.4
144.49
144.47
144.42
144.56
144.57
144.6
144.7
144.7
144.8
144.91
144.92
144.92
144.88
144.91
144.88
144.97
144.97
144.9
144.85
144.9
144.9
144.84
144.7
144.66
144.89
144.89
144.62
144.6
144.48
144.84
144.26
144.26
144.3
144.26
144.31
144.43
144.37
144.35
144.34
144.4
144.38
144.39
144.39
144.39
144.55
144.56
144.56
144.49
144.4
144.37
144.22
144.26
144.19
144.24
144.26
144.26
144.26
144.25
144.31
144.34
144.3
144.28
144.23
144.37
144.32
144.23
144.15
144.18
144.29
144.18
143.92
143.97
143.84
143.9
143.99
144.01
144.31
143.99
144.01
144.09
144.09
143.92
144.14
144.24
144.2
144.19
144.21
144.49
144.45
144.49
143.66
144.25
144.21
144.25
144.25
144.82
144.93
144.85
144.77
144.76
144.82
144.85
144.86
144.79
144.71
144.69
144.66
144.7
144.72
144.83
144.91
144.92
144.97
144.8
144.87
144.79
144.79
144.71
144.74
144.71
144.8
144.75
144.92
144.85
144.84
144.95
144.98
145
145.02
145.26
145.23
145.27
145.19
145.32
145.38
145.39
145.37
145.4
145.42
145.45
145.52
145.53
145.6
145.48
145.81
146
146.45
146.47
146.46
146.16
146.47
146.43
146.5
146.5
146.47
146.59
