219900
219900
219900
219900
219900
219900
219900
219900
219900
219900
217520
218260
218260
218260
218260
218000
218000
218000
218000
218000
218000
218000
218000
218000
218000
218000
218000
218000
217340
217340
217340
217340
217349.98
217349.98
217349.98
217349.98
217349.98
217349.98
217340
217349.98
216999.98
216999.98
216999.98
216999.98
216500
216500
216500
216500
216500
216500
216500
216500
216500
216500
216500
216500
216300
216300
216300
216300
216300
216300
216300
216300
216300
216300
216650.02
216650.02
216650.02
216949.98
216949.98
216949.98
216949.98
216949.98
216949.98
216949.98
216949.98
216949.98
217050.02
217050.02
217050.02
217340
217050.02
217050.02
217050.02
217050.02
217050.02
217050.02
217050.02
217050.02
217050.02
217050
216952
216952
216952
216952
217300
217300
216995
216995
216996
216996
216996
216996
217340
216996
216996
216996
216996
216996
216996
216996
217090
217090
216945
217040
217151
217151
217151
217151
217151
217151
217201.81
217201.81
217201.81
217201.81
217201.81
217201.81
217201.81
217201.81
217201.81
217201.81
217201.81
217201.81
217201.81
217201.81
217201.81
217201.81
217201.81
217726.88
218063.88
218063.88
218063.88
218063.88
218069.8
218069.8
218029
217979
217979
218300
218300
218300
218300
218300
218300
218300
217340
218238.2
218465
218465
218465
218465
218465
218200.02
218200.02
218200.02
218200.02
218200.02
218200.02
218200.02
218200.02
218200.02
218200.02
218200.02
218200.02
218200.02
218200.02
218200.02
218182.2
218182.2
217986
217986
217985
217985
217985
217985
217985
217985
217985
217985
217985
217625
217625
217601.88
217601.88
217601.88
217601.88
217340
217601.88
217934.66
217624.02
217624.02
217624.02
217624.02
217624.02
217624.02
217624.02
217624.02
217624.02
217624.02
217790
217790
217790
217822.5
217822.5
217820
217820
217820
217820
218040
218304.98
218320
218320
218500
218500
218500
218500
217340
218522.02
218522.02
218522.02
218522.02
218522.02
218522.02
218522.02
218522.02
218522.02
218373.05
218772.98
218548.86
218548.86
218548.86
218548.86
218548.86
218548.86
218548.86
218548.86
217340
218548.86
218548.86
218548.86
218548.86
218848.88
218848.88
218848.88
218848.88
218848.88
218848.88
218848.88
218848.88
218848.88
218848.88
218760
218811
218811
218811
218105.98
218105.98
218105.98
218105.98
218105.98
218105.98
218105.98
218059
218059
218059
218059
218059
218059
218059
218059
217898.88
217898.88
217898.88
217898.88
217898.88
217898.88
217898.88
217898.88
217898.88
217898.88
217898.88
217898.88
217898.88
217898.88
217898.88
217898.88
217682.5
217386
216054.98
