34.7
34.68
34.65
34.25
34.33
34.36
34.35
34.27
34.12
34.09
34.08
34.21
34.06
34.03
34.13
34.12
34.13
34.08
34.08
34.16
34.26
34.25
34.2
34.23
34.28
34.29
34.25
34.23
34.18
34.1
34.17
34.25
34.15
34.23
34.27
34.29
34.29
34.27
34.22
34.22
34.18
34.25
34.17
34.18
34.22
34.11
34.15
34.18
34.18
34.17
34.14
34.17
34.15
34.22
34.25
34.22
34.2
34.24
34.34
34.34
34.38
34.3
34.27
34.26
34.29
34.23
34.32
34.34
34.21
34.24
34.19
34.25
34.27
34.28
34.22
34.31
34.4
34.38
34.4
34.39
34.44
34.43
34.38
34.38
34.4
34.38
34.35
34.34
34.34
34.29
34.29
34.34
34.32
34.35
34.35
34.29
34.32
34.45
34.49
34.49
34.53
34.49
34.51
34.5
34.48
34.42
34.5
34.4
34.38
34.38
34.35
34.31
34.28
34.3
34.31
34.32
34.3
34.28
34.3
34.28
34.26
34.31
34.27
34.3
34.31
34.28
34.37
34.36
34.33
34.34
34.31
34.3
34.32
34.32
34.28
34.24
34.29
34.21
34.3
34.29
34.22
34.25
34.29
34.3
34.37
34.34
34.39
34.36
34.35
34.28
34.32
34.36
34.25
34.24
34.29
34.29
34.26
34.26
34.27
34.27
34.25
34.31
34.29
34.29
34.28
34.24
34.22
34.19
34.17
34.12
34.1
34.09
34.14
34.12
33.92
34.08
33.91
34.01
33.93
34.06
34.03
34.04
34
33.99
34.01
33.97
33.97
33.96
33.95
33.98
33.99
33.96
33.9
33.88
33.87
33.87
33.91
33.95
33.96
33.94
33.95
33.9
34
33.99
33.99
34.1
33.99
34.13
34.2
34.2
34.19
34.19
34.26
34.3
34.31
34.33
34.37
34.33
34.36
34.32
34.34
34.4
34.4
34.43
34.44
34.49
34.6
34.6
34.62
34.64
34.62
34.65
34.62
34.63
34.63
