70.95
70.84
70.87
70.5
70.68
70.72
70.61
70.75
70.25
70.38
69.98
70.43
70.03
70.16
70.2
70.21
70.26
69.99
70.12
70.1
70.12
70.24
70.19
70.27
70.3
70.53
70.67
70.21
70.06
69.86
70.61
70.11
70.46
70.43
70.5
70.64
70.65
69.88
70.68
70.82
70.58
70.61
70.61
70.31
70.43
70.73
70.15
70.04
70.09
70.67
70.67
70.19
69.78
70.06
69.99
70.07
69.93
70.07
69.93
70.31
70.05
70.04
70.2
70.1
70.05
69.85
69.96
69.86
69.88
69.96
69.89
69.96
70
70.05
69.92
70.04
70.1
70.04
69.98
69.87
69.96
70.05
70.31
70.04
70.15
70.19
70.24
70.31
70.05
70.12
70.08
70.09
70.31
70.09
70.04
69.98
70.11
70.06
70.01
70
70
70.14
70.33
69.98
70.24
70.3
70.14
70.24
70.29
70
70.08
70
70.12
69.9
70.12
69.97
70.26
70.14
70.07
70.01
69.88
70.2
69.8
69.77
69.82
69.83
70.13
70.07
69.99
70.13
70.11
70.11
70
69.98
69.86
70.11
70
69.85
69.85
69.85
69.9
69.58
69.63
69.79
70
69.8
69.84
69.84
69.78
69.93
69.58
69.74
69.56
69.69
69.73
69.72
69.76
69.58
69.77
70.31
69.59
69.33
69.33
69.35
69.31
69.31
68.98
68.93
69.19
68.63
68.67
68.65
68.83
68.76
68.93
68.92
68.64
68.66
68.68
68.63
68.58
68.59
68.57
68.37
68.37
68.6
68.38
68.58
68.63
68.7
68.68
68.64
68.73
68.45
68.64
68.44
68.43
68.4
68.53
68.49
68.44
68.5
68.54
68.41
68.41
68.44
68.56
68.4
68.39
68.43
68.72
68.8
68.5
69.06
69.12
69.24
69.41
69.48
69.46
69.29
69.64
69.71
69.74
69.65
69.9
69.94
69.95
69.7
69.74
69.7
69.7
69.7
69.75
69.7
69.74
