525.48
524.6
523.48
520.98
521.74
521.98
523.53
521.47
521.12
521.02
520.86
521.15
520.81
521.22
522.23
521
521.54
521.48
521.48
520.73
521.53
522.05
521.76
521.29
521.42
521.22
520.29
521.29
521.16
521.44
519.71
519.9
519.81
519.79
520.9
520.78
521.05
520.72
520.96
521.14
520.57
520.18
519.51
521.04
518.9
518.81
520.16
520.43
520.43
519.78
520
520.14
520
520.31
520
520.28
520.21
521.89
522.73
521.29
522.52
523
523.82
524.03
524.09
523.49
523.79
522.41
523.97
524.01
524
523.94
523.68
523.62
524.07
524.47
523.94
523.59
524.1
523.61
525.31
524.76
525.08
525.64
525.6
526
525.9
526.66
527.36
526.47
526.5
525.79
524.97
524.67
525.47
525.46
525.53
526.27
526.4
526.4
526.21
525.88
526.34
521.29
526.01
526.45
526.5
526.4
526.01
526.31
525.86
525.11
524.39
524.59
524.59
524.32
524.63
524.76
524.5
524.79
524.97
525.41
525.13
525.75
525.75
526.41
524.85
525.5
525.5
524.72
524.85
524.45
524.29
525.08
525.03
525.03
524.74
524.58
524.61
524.64
524.28
524.14
524.41
524.33
524.33
524.23
524.18
524.58
524.15
523.72
523.43
523.2
523.13
524.32
523.54
524.54
523.67
523.33
523.67
523.67
522.64
522.81
522.77
522.88
523.06
522.85
522.64
523
520.68
520.11
520.09
520.36
520.17
520.17
522.81
522.15
521.86
521.66
522.12
521.54
521.83
521.8
522.02
521.53
520.01
519.95
520.88
520.75
521.05
521.28
520.88
520.82
520.88
520.73
521.11
521.11
520.31
520.24
520.72
520.4
520.06
520.62
520.46
520.48
520.53
521.05
520.94
521.33
521.59
520.67
521.94
521.61
520.82
523.11
522.86
522.32
522.24
522.38
522.56
522.56
522.55
522.67
522.6
522.26
522.26
526.27
526.12
525.96
526.86
526.72
526.97
527.27
527.64
527.45
528.08
