525.09
523.99
521.93
522.16
521.56
519.77
519.77
520.78
521.9
522.14
523.72
524.3
524.81
524.42
523.78
524.56
525.3
525.6
525.59
526.23
526.51
524.83
525.16
525.53
526.52
525.21
524.38
524
524.79
525.67
525.28
525.31
526.22
526.79
526.88
525.3
525.4
525.67
525.5
525.74
525.87
525.21
525.19
528.63
525.76
528.4
528.2
528.08
527.75
527.48
527.85
528.2
527.28
528.31
527.71
527.01
526.92
526.2
525.91
525.3
527.45
525.52
526.56
526.64
526.58
526.18
525.3
526.97
526.73
527.06
526.25
527.97
528.24
528.16
528.45
528.97
528.97
529.02
528.69
528.94
528.55
528.02
528.51
529.82
528.73
530.74
530.93
525.3
531.97
530.92
531.02
528.3
530.98
530.85
530.85
530.85
529.5
530.92
530.02
525.3
530.31
529.47
529.71
529.99
529.96
531.12
531.02
531.1
531.01
531.12
530.95
530.75
530.64
530.68
530.41
531.17
530.84
530.57
530.69
530.56
530.98
531.11
531
531.07
530.91
531.33
531.35
531.12
531.66
532.34
530.75
532.7
533
533.29
533.45
533.9
534.99
534.98
534.98
535.3
535.27
525.3
535.03
535.4
535.62
535.23
525.3
536.49
536.74
536.8
536.23
535.82
535.28
535.09
534.82
534.75
534.35
534.22
534.05
533.99
534.11
533.88
534.15
533.95
533.91
533.69
533.8
533.83
533.62
533.53
533.52
533.5
533.99
533.62
534.04
534
534.11
533.83
534.19
534.15
535.27
533.97
535.59
535.86
536.13
536.2
536.22
536.55
536.45
536.73
536.5
536.72
536.6
536.18
536.74
536.78
535.63
535.42
535.45
536.45
536.41
535.38
534.22
534.58
534.53
534.48
535.24
534.88
535.21
535.09
534.11
535.5
535.92
535.81
535.86
535.93
535.47
536.05
535.79
536.38
536.36
536.93
535.34
536.74
537.26
535.65
537.04
535.88
537.09
536.99
536.64
536.91
536.96
537.14
537.03
537.28
536.8
536.9
537.55
537.59
537.65
537.87
538.15
538.86
538.45
537.88
539.47
539.44
539.57
539.38
525.3
539.68
539.15
539.15
525.3
537.69
537.13
536.84
536.78
536
535.42
536.07
535.86
535.63
536.51
537
536.02
535.65
535.31
534.87
536.51
535.7
536
534.92
534.55
535.01
535.37
535.83
535.46
535.44
536.13
537.1
536.73
536.85
537.37
534.84
536.95
536.94
536.94
536.68
536.98
536.34
536.5
536
536.76
536.41
537.26
536.5
536.47
535.37
