173.91
173.74
173.4
172.36
172.55
172.38
172.62
173.22
172.37
172.54
172.79
172.82
172.77
172.87
172.35
172.85
172.55
172.84
172.84
172.95
172.73
173.42
173.26
173.3
173.32
173.33
173.2
172.93
172.81
172.85
172.95
172.99
173.16
173.21
173.18
173.32
173.35
173.38
173.26
173.26
173.18
172.99
172.84
173.29
173.29
173.16
173.37
173.38
173.35
173.27
173.19
173.17
173.09
173.17
173.26
173.28
173.27
173.46
173.48
173.44
173.29
173.42
173.27
173.54
173.61
173.59
173.54
173.51
173.29
173.6
173.61
173.57
173.54
173.53
173.49
173.6
173.71
173.63
173.56
173.47
173.29
173.51
173.49
173.68
173.64
173.81
173.84
174.04
174.19
174.32
174.41
174.05
174.18
173.86
174.04
174.05
173.93
174.12
174
173.8
173.79
173.57
173.62
173.65
173.73
173.74
173.74
173.81
173.25
173.25
173.39
173.29
173.31
173.4
173.4
173.48
173.4
173.37
173.42
173.35
173.35
173.51
173.39
173.54
173.65
173.36
173.75
173.63
173.57
173.51
173.55
173.38
173.52
173.59
173.58
173.29
173.51
173.59
173.61
173.6
173.49
173.39
173.5
173.5
173.49
173.5
173.49
173.46
173.48
173.29
173.38
172.94
173.41
173.07
172.97
173.29
173.02
172.93
173.02
173.02
173.01
173.27
173.4
173.36
173.32
173.32
173.1
173.13
173.63
172.91
173.47
172.8
172.88
172.9
173.6
173.5
173.5
173.42
173.56
173.6
173.64
173.6
173.46
173.32
173.3
173.09
173.02
173.32
173.1
173.21
173.24
173.2
173.17
172.98
173.03
173.03
173.13
172.95
173.02
173.24
173.03
173.25
173.29
173.07
173.26
173.46
173.36
173.02
173.75
173.87
173.86
173.46
173.42
174.21
173.6
174.01
174.06
174.16
174.27
174.27
174.05
174.38
174.23
174.44
174.94
175.44
175.48
175.29
175.49
175.35
175.26
175.46
175.24
175.2
175.4
