2014.19
2012.42
2013.08
2013.49
2013.21
2013.77
2015.24
2016.05
2016.24
2016.27
2018.57
2018.37
2017.27
2016.61
2015.8
2015.44
2015.1
2016.5
2015.6
2016.12
2017.23
2016.6
2016.56
2015.2
2014.08
2013.82
2014.37
2013.45
2014.18
2015
2015.56
2012.42
2011.75
2010.84
2011.23
2011.28
2009.51
2009.8
2009.47
2010.66
2010.31
2010.84
2011.9
2011.19
2009.45
2009.94
2009.28
2008.86
2008.7
2015.23
2008.15
2009.07
2009.57
2008.81
2007.99
2006.95
2005.06
2004.6
2003.87
2003.99
2003
2003.71
2004.78
2005.22
2005.35
2015.23
2005.75
2007.38
2007.79
2007.63
2008.63
2008.71
2010.12
2009.29
2009.38
2008.78
2008.78
2007.1
2007.92
2006.8
2005.74
2005.55
2004.67
2006.22
2007.54
2007.91
2008.07
2008.03
2008.8
2009.27
2009.07
2005.36
2005.59
2005.92
2004.33
2003.78
2001.77
2000.55
2000.52
2001.45
2001.65
2002.16
2002.29
2002.28
2001.46
2002.45
2005.78
2005.95
2006.42
2006.49
2006.55
2005.65
2006.15
2006.06
2005.04
2004.86
2005.16
2004.67
2002.76
2001.67
2002.12
2003.02
2003
2004.52
2004.64
2004.83
2003.28
2002.92
2003.05
2003.19
2002.83
2002.04
2005.07
2005.71
2005.67
2007.46
2007.89
2010.83
2010.83
2014.33
2014.19
2013.86
2013.95
2013.42
2014.03
2015.02
2015.26
2014.72
2014.13
2014.71
2013.93
2014.12
2013.67
2013.38
2013.69
2013.7
2013.55
2012.63
2011.73
2012.05
2011.9
2012.08
2011.74
2012.06
2011.35
2010.2
2010.78
2010.62
2015.23
2010.49
2010.57
2010.35
2010.8
2010.33
2009.38
2009.48
2007.71
2007.94
2008.09
2008.23
2009.68
2009.89
2010.47
2010.48
2010.61
2010.37
2009.89
2008.99
2009.57
2009.57
2009.38
2008.93
2008.53
2007.93
2007.2
2005.59
2005.52
2005.81
2006.6
2006.11
2007.11
2007.39
2008.24
2008.56
2008.11
2009.39
2015.23
2010.56
2010.69
2010.41
2010.27
2009.73
2010.26
2015.23
2009.87
2009.07
2008.92
2009.64
2012.23
2012.94
2012.8
2013.87
2014.6
2014.5
2014.4
2013.88
2013.81
2013.97
2014.4
2015.66
2015.92
2015.45
2015.85
2014.94
2015.23
2013.72
2014.31
2014.5
2014.03
2014.16
2014.85
2015.8
2015.77
2018.33
2018.98
2018.42
2018.87
2019.18
2021.39
2022.87
2022.48
2021.35
2020.04
2015.23
2019.23
2018.23
2016.91
2016.39
2015.23
2013.5
2011.11
2009.81
2008.57
2008.3
2008.74
2010.65
2009.53
2008.85
2004.2
2004.74
2006.53
2007.98
2005.23
2003.18
2000.48
2000.52
2001.45
2004
2002.06
2003.28
2002.83
2004.85
2004.49
2004.11
2004.08
2001.81
2002.89
2002.93
2005.17
2002.71
2000.16
1998.23
1999.94
1998.68
1998.77
1997.1
1996.15
1995.69
1995.34
1993.45
