32.97
32.88
32.85
32.86
32.75
32.77
32.82
32.83
32.82
32.83
32.82
32.82
32.8
32.82
32.81
32.81
32.8
32.81
32.81
32.79
32.82
32.82
32.76
32.77
32.71
32.74
32.73
32.67
32.72
32.76
32.75
32.79
32.83
32.83
32.82
32.88
32.88
32.91
33
32.97
32.92
33.02
32.97
33.03
33.01
33.02
33.05
33.09
33.06
33.07
32.94
33.07
32.94
33.1
33.07
33.11
33.11
33.16
33.18
33.1
33.16
33.24
32.74
33.17
33.33
33.28
33.16
33.29
33.26
33.23
33.26
33.28
33.25
33.25
33.27
33.24
33.3
33.27
33.23
33.28
33.33
33.31
33.33
33.36
33.39
33.46
33.43
33.45
33.38
33.4
32.74
33.41
33.38
33.38
33.38
33.37
33.42
33.39
33.41
33.41
33.44
33.41
33.43
33.43
33.4
33.38
33.4
33.4
33.43
33.43
33.44
33.36
33.33
33.33
33.35
33.36
33.36
33.37
33.34
33.34
33.34
33.35
33.33
33.37
33.35
33.4
33.4
33.35
33.38
33.38
33.37
33.38
33.38
33.37
32.74
32.74
33.43
33.37
33.38
33.44
33.37
33.42
33.44
33.44
33.41
33.42
33.42
33.43
33.41
32.74
33.35
33.3
33.26
32.74
33.27
33.38
33.26
33.26
33.31
33.31
33.28
33.28
33.29
33.28
33.29
33.29
33.3
33.3
33.31
33.29
33.27
32.74
33.28
33.28
33.33
33.38
33.35
33.3
33.27
33.33
33.36
33.35
33.35
33.35
33.27
33.28
33.26
33.28
33.31
33.33
33.34
33.33
33.3
33.28
33.27
33.27
33.26
33.27
33.28
33.29
33.26
33.29
33.27
33.25
33.25
33.29
33.31
33.31
33.36
33.34
33.38
33.38
33.39
33.42
33.4
33.37
33.38
33.41
33.4
33.42
33.45
33.49
33.48
33.55
33.55
33.74
33.68
33.67
33.7
33.69
33.69
33.69
33.65
33.66
33.66
