41.44
41.43
41.44
41.08
41.18
41.14
41.15
41.07
41.04
41.15
41.04
41.02
41.06
41
41.1
41.05
41.03
40.98
40.98
41.1
41.14
41.13
41.09
41.17
41.26
41.31
41.26
41.2
41.08
41.06
41.26
41.23
41.17
41.18
41.2
41.26
41.26
41.23
41.23
41.31
41.29
41.23
41.19
41.19
41.3
41.1
41.11
41.23
41.15
41.13
41.24
41.12
41.07
41.15
41.13
41.1
41.1
41.19
41.11
41.26
41.27
41.24
41.24
41.23
41.26
41.27
41.23
41.24
41.17
41.2
41.22
41.26
41.29
41.18
41.25
41.26
41.27
41.38
41.32
41.36
41.38
41.42
41.42
41.45
41.46
41.5
41.43
41.45
41.5
41.48
41.49
41.5
41.44
41.43
41.49
41.49
41.49
41.57
41.57
41.55
41.56
41.59
41.57
41.59
41.17
41.54
41.58
41.52
41.53
41.55
41.48
41.47
41.45
41.42
41.41
41.43
41.41
41.38
41.39
41.36
41.38
41.4
41.41
41.44
41.44
41.17
41.45
41.46
41.46
41.46
41.17
41.39
41.17
41.37
41.35
41.34
41.37
41.4
41.42
41.36
41.4
41.39
41.48
41.43
41.49
41.49
41.54
41.48
41.43
41.41
41.43
41.46
41.38
41.5
41.4
41.4
41.36
41.36
41.38
41.38
41.17
41.34
41.31
41.32
41.31
41.33
41.23
41.22
41.18
41.11
41.1
41.1
41.11
41.11
41.26
41.27
41.26
41.24
41.21
41.29
41.28
41.28
41.27
41.26
41.27
41.24
41.25
41.22
41.2
41.26
41.28
41.27
41.23
41.24
41.22
41.22
41.25
41.26
41.26
41.23
41.2
41.2
41.2
41.17
41.19
41.2
41.2
41.2
41.29
41.31
41.3
41.32
41.34
41.4
41.32
41.34
41.4
41.42
41.43
41.49
41.49
41.5
41.38
41.49
41.58
41.62
41.62
41.6
41.62
41.57
41.58
41.63
41.6
41.62
41.6
