41.15
41.06
41.05
40.93
41.09
40.92
40.96
40.95
40.93
40.93
40.92
41.08
41.04
41.06
41.08
41.05
41.06
40.97
40.97
41.05
41.08
41.04
41.06
41.01
41.01
41
41.02
40.96
41.01
41
41.01
41
41.02
41.02
41.06
41.05
41.12
41.1
41.09
41.06
41.03
41.04
41.04
41.08
41.06
41.04
41.12
41.14
41.05
41.06
41.04
41.1
41.04
41.08
41.07
41.1
41.06
41.09
41.15
41.09
41.07
41.08
41.22
41.22
41.22
41.21
41.22
41.27
41.29
41.29
41.29
41.29
41.26
41.25
41.29
41.29
41.24
41.24
41.21
41.27
41.29
41.29
41.33
41.34
41.38
41.38
41.38
41.41
41.43
41.46
41.42
41.38
41.38
41.03
41.39
41.38
41.4
41.38
41.39
41.39
41.34
41.31
41.3
41.29
41.31
41.31
41.3
41.23
41.21
41.35
41.21
41.24
41.23
41.26
41.25
41.22
41.23
41.22
41.21
41.24
41.24
41.21
41.22
41.2
41.17
41.19
41.17
41.14
41.13
41.08
41.07
41.09
41.12
41.14
41.16
41.16
41.2
41.22
41.26
41.27
41.27
41.29
41.03
41.27
41.26
41.25
41.31
41.28
41.24
41.18
41.25
41.17
41.17
41.18
41.19
41.17
41.2
41.2
41.21
41.21
41.14
41.16
41.18
41.15
41.16
41.16
41.1
41.03
41.12
41.07
41.06
41.07
41.06
41.06
41.17
41.16
41.16
41.14
41.16
41.19
41.2
41.2
41.18
41.18
41.12
41.11
41.14
41.16
41.15
41.17
41.18
41.16
41.14
41.13
41.12
41.12
41.14
41.13
41.13
41.14
41.11
41.14
41.11
41.08
41.12
41.14
41.15
41.15
41.21
41.21
41.21
41.21
41.26
41.15
41.27
41.24
41.26
41.28
41.29
41.3
41.33
41.35
41.33
41.41
41.41
41.41
41.56
41.51
41.53
41.53
41.53
41.55
41.53
41.51
41.56
