64.75
64.68
64.66
64.78
64.73
64.71
64.76
64.82
64.81
64.82
64.73
64.93
64.92
64.82
64.81
64.7
64.7
64.73
64.7
64.71
64.69
64.64
64.67
64.57
64.59
64.46
64.45
64.41
64.42
64.47
64.53
64.44
64.36
64.48
64.46
64.42
64.48
64.37
64.53
64.36
64.37
64.36
64.37
64.35
64.3
64.31
64.26
64.2
64.27
64.08
64.15
64.16
64.48
64.2
64.21
64.15
64.15
63.93
64.48
64.11
63.97
64.15
64
64.02
64.02
64.04
64.11
64.14
64.03
64.11
64.17
64.11
64.16
64.09
64.12
64.08
64.08
64.16
64.08
64.06
64.01
63.97
63.96
64.48
64.03
64.12
64.15
64.16
64
64.18
64.21
64.19
64.18
64.21
64.24
64.24
64.13
64.21
64.09
64.13
64.19
64.16
64.19
64.14
64.14
64.18
64.16
64.23
64.29
64.21
64.17
64.3
64.24
64.28
64.25
64.23
64.27
64.26
64.26
64.3
64.15
64.16
64.18
64.24
64.23
64.2
64.2
64.22
64.17
64.23
64.18
64.13
64.23
64.25
64.23
64.18
64.36
64.4
64.4
64.41
64.42
64.36
64.45
64.43
64.48
64.41
64.53
64.53
64.48
64.48
64.48
64.51
64.46
64.42
64.47
64.47
64.41
64.4
64.39
64.43
64.45
64.37
64.35
64.33
64.41
64.28
64.33
64.35
64.36
64.33
64.38
64.36
64.4
64.36
64.33
64.34
64.24
64.25
64.27
64.34
64.35
64.35
64.38
64.37
64.34
64.35
64.31
64.3
64.3
64.34
64.33
64.32
64.32
64.31
64.26
64.22
64.32
64.22
64.32
64.27
64.21
64.23
64.23
64.25
64.21
64.23
64.26
64.39
64.21
64.43
64.41
64.41
64.41
64.36
64.41
64.38
64.4
64.41
64.46
64.36
64.51
64.53
64.54
64.48
64.41
64.45
64.48
64.49
64.53
64.5
64.54
64.56
64.56
64.47
64.54
64.57
64.46
64.46
64.42
64.44
64.47
64.44
64.41
64.48
64.56
64.48
64.59
64.61
64.63
64.7
64.69
64.61
64.6
64.57
64.53
64.54
64.47
64.42
64.43
64.42
64.36
64.29
64.14
64.38
64.24
64.26
64.19
64.2
64.28
64.22
64.11
64.24
64.19
64.19
63.97
64.04
64.06
64.14
64.04
64.11
64.16
64.19
64.16
64.09
64.13
64.05
64.13
64.09
64.16
64.12
64.05
63.91
64.03
64.02
63.95
63.96
63.88
63.84
63.82
63.84
