89.92
89.86
89.71
89.51
89.85
89.86
89.89
89.87
89.86
89.88
89.99
90.01
89.99
89.89
89.8
89.71
89.82
89.89
89.77
89.88
89.96
89.9
89.85
89.79
89.82
89.72
89.7
89.73
89.78
89.77
89.73
89.73
89.73
89.75
89.77
89.71
89.66
89.65
89.65
89.65
89.75
89.76
89.73
89.77
89.75
89.75
89.73
89.73
89.74
89.74
89.78
89.82
89.9
89.74
89.8
89.74
89.74
89.73
89.75
89.71
89.73
89.74
89.78
89.75
89.75
89.71
89.76
89.79
89.72
89.82
89.78
89.7
89.86
89.78
89.8
89.78
89.78
89.73
89.76
89.78
89.68
89.64
89.72
89.74
89.74
89.68
89.82
89.86
89.88
89.95
89.63
89.81
89.78
89.77
89.77
89.77
89.68
89.64
89.76
89.75
89.6
89.59
89.75
89.67
89.63
89.77
89.84
89.81
89.75
89.75
89.89
89.86
89.9
89.89
89.9
89.92
89.93
89.9
89.82
89.94
89.82
89.84
89.91
90
90
90.01
90
89.92
89.95
89.94
89.89
89.82
89.81
90.01
89.93
90.05
90.09
90.21
90.21
90.27
90.2
90.13
90.21
90.15
89.78
90.19
90.15
90.15
90.11
90.15
90.08
90.1
90.07
90.01
90.04
89.78
90.04
90.01
89.95
89.96
89.93
89.93
89.93
90.01
90.01
89.92
89.95
89.96
89.96
89.92
89.93
89.9
89.91
89.91
89.88
89.88
89.84
89.85
89.89
89.92
89.88
89.89
90.13
89.88
89.85
90.08
90.01
89.98
90
89.99
89.98
89.98
89.78
89.98
89.89
89.84
89.86
89.86
89.91
89.87
89.96
90.04
89.78
90.12
90.02
90.02
90.09
90.1
90.17
90.13
90.13
90.09
90.07
90.07
90.07
90.12
90.01
90.06
90.02
90.04
90.15
90.17
90.18
90.15
90.15
90.11
90.14
90.11
90.12
89.78
90.17
90.18
90.22
90.14
90.09
90.07
90.1
90.17
90.09
89.78
90.16
90.08
90.2
90.34
90.34
90.32
90.28
90.19
90.34
90.41
90.37
90.25
90.27
90.27
90.22
90.27
90.05
89.99
89.98
89.91
89.87
89.82
89.84
89.86
89.95
90
89.85
89.85
89.77
89.77
89.81
89.95
89.85
89.9
89.54
89.61
89.84
89.75
89.7
89.79
89.79
89.97
89.85
89.82
89.86
89.66
89.81
89.9
89.83
89.89
89.83
89.72
89.76
89.89
89.73
89.69
89.69
89.61
89.52
89.42
