34.09
34
34.09
34.11
34.16
34.06
34.14
34.2
34.22
34.22
34.23
34.24
34.25
34.23
34.25
34.2
34.2
34.26
34.21
34.21
34.21
34.21
34.18
34.17
34.18
34.21
34.25
34.19
34.18
34.17
34.16
34.09
34.19
34.08
34.06
34.04
34.03
34.05
34.05
34.03
34.01
34.03
34.06
34
34.09
34.01
33.99
33.98
33.98
33.93
33.98
33.97
34.01
33.95
33.93
33.9
33.85
33.86
33.95
33.94
33.92
33.96
33.87
34.17
33.88
33.89
33.92
34.17
33.97
33.97
34
33.98
34.01
34
33.98
34.01
34.01
33.98
34.01
34.01
33.95
33.95
33.9
33.93
33.99
34
33.99
34
33.95
34.02
33.93
33.94
33.96
33.96
33.96
33.96
33.96
33.86
33.88
33.92
33.93
33.95
33.95
33.94
33.91
33.92
33.97
33.94
33.95
33.97
33.95
33.94
34.17
33.92
33.95
33.89
33.9
34.17
33.84
33.95
33.83
33.86
33.85
33.87
33.87
33.88
33.83
33.83
33.85
33.85
33.83
33.85
33.93
33.87
33.94
33.98
34.01
34.04
34.04
34.08
34.1
34.09
34.08
34.09
34.1
34.12
34.13
34.08
34.08
34.09
34.05
34.05
34.05
34.17
34.07
34.07
34.07
34.04
34.01
34.02
34.03
34.03
34.02
34.01
34.02
34
34.03
34.04
34.03
34.03
34.03
34.17
34.04
34.03
34.02
34.07
34.08
34.08
34.03
34.04
34.09
34.08
34.1
34.08
34.09
34.07
34.05
34.04
34.05
34.05
34.04
34.02
34.02
34.04
33.98
33.95
33.98
33.97
34.02
34.02
34
34
34
34
34.17
34.03
34.05
34.03
34
34.04
34.01
34.17
34.03
34.03
34.04
34.01
34.04
34.05
34.1
34.02
34.1
34.16
34.17
34.17
34.04
34.06
34.08
34.17
34.18
34.2
34.18
34.2
34.2
34.18
34.19
34.15
34.18
34.17
34.2
34.19
34.22
34.23
34.23
34.29
34.31
34.29
34.32
34.35
34.35
34.41
34.39
34.4
34.38
34.36
34.33
34.37
34.37
34.31
34.32
34.28
34.28
34.22
34.12
34.1
34.14
34.17
34.16
34.13
34.06
34.05
34.07
34.11
34.06
33.99
33.91
34.01
33.95
34
33.97
34
34
34.02
34
33.97
34.01
33.95
34.01
33.98
34.04
33.99
33.93
33.89
33.91
33.92
33.9
33.88
33.86
33.82
33.81
33.76
