34.14
34.12
34.01
33.72
33.76
33.76
33.8
33.8
33.78
33.77
33.79
33.8
33.76
33.8
33.74
33.8
33.8
33.81
33.83
33.81
33.88
33.89
33.89
33.9
33.88
33.89
33.87
33.84
33.81
33.83
33.85
33.88
33.91
33.87
33.91
33.9
33.92
33.94
33.94
33.94
33.94
33.9
33.87
33.91
33.96
33.92
33.97
33.95
33.97
33.97
33.93
33.9
33.94
33.88
33.97
33.96
33.95
34
33.96
34.01
34.03
33.98
34.01
34.03
34.04
34.04
34.03
34.03
34.02
34.01
34.02
34.01
34
33.99
33.99
34.03
33.97
34.05
34
34.04
34.06
34.06
34.11
34.11
34.13
34.14
34.12
34.12
34.2
34.22
34.2
34.19
34.17
34.15
34.18
34.18
34.18
34.17
34.18
34.13
34.09
34.03
34.18
34.17
34.06
34.06
34.08
34.13
33.93
33.95
33.95
33.95
33.95
33.98
33.96
33.97
33.97
33.97
33.97
33.96
33.96
34
33.97
33.96
34.02
34.03
34.05
34.03
33.99
33.98
33.97
34
34.01
34.01
34
33.9
33.99
34
33.98
33.99
33.97
33.97
34.01
33.99
33.98
33.97
34.01
33.99
33.95
33.91
33.98
33.97
33.9
33.9
33.91
33.88
33.9
33.88
33.9
33.9
33.85
33.94
33.95
33.93
33.91
33.86
33.97
33.83
33.84
33.81
33.78
33.78
33.8
33.83
33.9
33.92
33.91
33.88
33.88
33.92
33.91
33.88
33.89
33.9
33.86
33.82
33.83
33.86
33.83
33.87
33.9
33.88
33.83
33.83
33.82
33.82
33.8
33.8
33.85
33.85
33.83
33.87
33.88
33.84
33.87
33.91
33.9
33.92
33.97
33.98
33.99
33.92
33.91
34.05
34.07
34.06
34.09
34.05
34.1
34.12
34.12
34.13
34.1
34.13
34.25
34.3
34.33
34.33
34.35
34.33
34.31
34.37
34.35
34.35
34.38
