32.57
32.53
32.25
32.1
32.38
31.91
31.91
31.85
31.74
31.65
31.66
31.68
31.5
31.5
31.5
31.59
31.59
31.7
31.7
31.49
31.55
31.64
31.68
31.69
31.65
31.65
31.66
31.61
31.6
31.6
31.6
31.6
31.61
31.6
31.59
31.6
31.6
31.69
31.58
31.59
31.58
31.62
31.61
31.62
31.62
31.69
31.67
31.59
31.59
31.64
31.69
31.69
31.64
31.62
31.72
31.77
31.69
31.77
31.75
31.69
31.81
31.84
31.84
31.8
31.77
31.79
31.69
31.65
31.73
31.6
31.62
31.62
31.68
31.67
31.63
31.61
31.69
31.68
31.68
31.67
31.67
31.63
31.62
31.63
31.69
31.7
31.65
31.68
31.78
31.81
31.81
31.81
31.71
31.81
31.81
31.74
31.8
31.9
31.9
31.9
31.85
31.85
31.85
31.85
31.87
31.87
31.87
31.86
31.85
31.85
31.85
31.77
31.72
31.78
31.67
31.67
31.67
31.74
31.67
31.67
31.67
31.6
31.58
31.58
31.58
31.62
31.62
31.62
31.59
31.59
31.59
31.6
31.62
31.62
31.65
31.65
31.61
31.62
31.63
31.63
31.63
31.6
31.6
31.58
31.62
31.62
31.61
31.69
31.66
31.64
31.64
31.63
31.6
31.6
31.65
31.65
31.7
31.65
31.7
31.7
31.74
31.71
31.71
31.69
31.69
31.69
31.57
31.56
31.56
31.43
31.53
31.47
31.42
31.43
31.58
31.57
31.57
31.52
31.52
31.5
31.5
31.5
31.5
31.5
31.54
31.37
31.37
31.38
31.46
31.49
31.54
31.54
31.56
31.57
31.51
31.51
31.51
31.51
31.53
31.53
31.54
31.54
31.45
31.58
31.58
31.58
31.58
31.59
31.6
31.6
31.6
31.68
31.71
31.71
31.71
31.77
31.72
31.75
31.71
31.71
31.71
31.8
31.72
31.75
31.75
31.81
31.86
31.85
31.86
31.77
31.92
31.99
31.96
31.97
31.95
