37.13
37.07
37.19
37.31
37.2
37.22
37.29
36.52
36.42
37.4
37.47
37.52
37.56
37.42
37.38
37.35
37.38
37.41
37.39
37.47
37.53
37.43
37.35
37.37
37.34
37.28
37.23
37.34
37.36
37.28
37.25
37.2
37.16
37.16
37.17
37.22
37.12
37.06
37.27
37.12
37.13
37.14
37.13
37.15
37.1
37.13
37.21
37.19
37.17
37.15
37.22
37.24
37.35
37.38
37.17
37.34
37.18
37.12
37.12
37.14
37.11
37.13
37.17
37.19
37.16
37.25
37.26
37.29
37.18
37.23
37.29
37.3
37.24
37.24
37.25
37.24
37.24
37.18
37.22
37.18
37.17
37.17
37.16
37.18
37.18
37.15
37.16
37.34
37.37
37.41
37.42
37.16
37.4
37.43
37.38
37.44
37.31
37.33
37.34
37.39
37.37
37.39
37.38
37.29
37.29
37.29
37.38
37.42
37.45
37.49
37.61
37.57
37.58
37.64
37.67
37.63
37.34
37.61
37.57
37.54
37.59
37.7
37.7
37.71
37.69
37.74
37.73
37.66
37.7
37.7
37.7
37.72
37.8
37.91
37.83
37.66
37.84
37.85
37.85
37.65
37.65
37.68
37.65
37.64
37.65
37.73
37.82
37.62
37.82
37.84
37.68
37.71
37.83
37.81
37.81
37.81
37.83
37.72
37.79
37.81
37.34
37.84
37.82
37.81
37.78
37.73
37.81
37.81
37.79
37.81
37.83
37.34
37.84
37.77
37.79
37.8
37.83
37.75
37.79
37.8
37.79
37.77
37.78
37.82
37.83
37.81
37.74
37.74
37.71
37.67
37.67
37.65
37.63
37.61
37.55
37.7
37.56
37.61
37.64
37.63
37.75
37.76
37.77
37.81
37.78
37.84
37.89
37.34
37.92
37.88
37.88
37.85
37.86
37.87
37.87
37.87
37.89
37.91
37.95
37.86
37.93
37.97
37.97
37.99
37.99
37.98
38.07
38.07
38.1
38.11
38.1
38.06
38.02
37.97
37.96
37.93
37.91
37.93
37.34
38
38.03
38.06
38.03
38.08
38.13
38.11
38.12
38.09
38.05
38.09
38.12
38.11
38.03
38.01
37.99
37.87
37.85
37.83
37.88
37.88
37.91
37.83
37.75
37.76
37.85
37.9
37.92
37.89
37.83
37.78
37.81
37.85
37.79
37.66
37.56
37.59
37.67
37.67
37.68
37.6
37.65
37.72
37.68
37.69
37.69
37.64
37.65
37.68
37.73
37.66
37.59
37.55
37.59
37.6
37.55
37.49
37.51
37.52
37.52
37.47
