23654.3
23367.45
23987.45
24004.28
24111.98
23843.91
23893.14
23437.12
23349.64
23373.31
23529.17
23797.08
24087.38
24019.94
23938.18
23808.28
23744.7
23550.24
23649.31
23695.62
23845.66
23915.97
23998.06
23702.04
23819.87
23520.36
23143.23
23302.2
23333.18
23403.97
23088.58
23070.26
23023.21
22900.94
23140.05
23047.97
23143.38
23088.54
23534.53
23263.33
23422.52
23315.04
23064.56
22932.98
23229.21
23678.41
23768.13
23921.61
23837.07
23955.49
24306.16
24168.72
24376.41
24136.01
24356.99
24595.32
24662.64
24705.36
25190.45
25240.15
25297.92
25317.95
24749.02
24752.09
24742.06
24741
24918.75
25074.5
25166.91
25112.23
24994.1
25159.76
25122.95
24955.46
24954.94
24801.36
24890.34
24689.41
24646.02
24331.41
24387.56
24584.13
24648.26
24600.08
24532.43
24756.85
24732.21
24640.53
24428.63
24216.01
24141.5
23971.87
23782.11
23387.14
23454.79
23520.87
23523.28
23459.96
23346.67
23233.45
23238.99
23176.07
23541.38
23540.92
23546.36
23531.44
23549.62
23190.72
23221.52
23197.83
22866.7
22880.64
22804.81
23194.06
23167.73
23181.72
23203.59
23300.67
23319.17
23175.02
23257.29
23315.74
23117.47
22951
23109.66
23151.71
23291.04
23081.65
23010.14
23080.03
22944.3
22963.18
22965.86
22953.76
22836.52
22834.68
22704.5
22712.91
22730.86
22582.77
22352.38
22261.61
21862.99
21837.12
21746.26
21976.33
22260.67
22133.97
22453.89
22132.53
22223.53
22562.8
22509.64
22730.68
22760.24
22696.01
22671.26
23038.8
23003.64
23186.96
22843.17
22596.97
22377.15
22510.08
22565.08
22523.94
22448.54
22151.06
22065.53
21834.45
21887.75
21732.32
21846.45
21436.7
21182.16
21568.69
21583.5
21473.95
21539.49
21756.08
21901.95
22269.61
22264.93
22660.49
22702.97
22579.78
22657.63
22500.67
22836.96
22828.18
22437.44
22317.2
22388.56
22568.24
22394.08
22664.52
22587.72
22535.94
22298.41
22165.53
22285.79
21962.98
21579.26
21636.85
21423.13
21269.38
21397.77
22035.42
22141.61
21960.64
21976.1
22450.06
22733.9
23082.25
23033.12
22928.95
23133.35
22986.41
22902
22791.28
22888.76
22846.25
22787.33
22996.59
22712.78
22684.15
22817.28
23340.05
23306.39