17663.22
175.9
17459.85
17248.5
17383.58
17407.62
17357.51
17357.51
17300.86
17288.75
17344.06
16973.8
17490.83
17392.79
17197.05
17124.11
16780.53
16880.38
16792.48
16937.32
16862.47
16413.76
15658.2
15553.91
15329.91
15388.72
15291.64
15138.96
15195.77
14804.28
15111.23
14532.51
14738.38
15073.52
14936.51
15300.55
15300.55
15478.93
15595.98
15783.83
15890.95
15708.65
15661.99
16082.25
16173.52
16310.64
16229.86
16374.14
16167.45
16205.9
16321.17
16067.57
15888.67
15911.53
15948.29
15948.29
15909.2
15788.78
15749.15
15705.11
15668.68
15676.18
15728.35
15668.6
15476.6
15424.59
15459.86
15534.82
15521.22
15613.25
15539.19
15586.2
15454.45
15449.79
15322.6
15318.34
15314.57
15213.63
15161.31
15130.52
14778.37
15232.37
15159.79
15320.31
15474.5
15523.11
15620.77
15646.23
15618.07
15529.4
15457.87
15284.42
15328.56
15343.28
15215.71
15215.71
15370.26
15379.3
15395.16
15296.82
15164.04
15216.47
15302.65
15314.41
15379.44
15437.13
15348.29
15369.97
15326.2
15162.1
15095
15308.49
15266.61
15376.24
15369.28
15349.42
15361.16
15115.8
14975.97
14933.29
15097.84
14973.53
15069.48
14994.8
15124
15077.24
15079.37
15067.96
15034.25
14935.92
14632.38
14681.72
14670.95
14636.52
14602.52
14462.17
14337.79
14042.17
14075.25
14006.44
14096.59
14298.21
14405.76
14425.44
14149.52
14199.59
14163.78
14033.45
14457.51
14457.51
14485.13
14304.11
14288.23
14288.23
14429.26
14404.99
14546.27
14388.77
14512.38
14516.27
14417.53
14417.68
13996.81
13910.16
13960.05
14300.12
14299.69
14606.88
14808.85
15063.77
15071.88
14946.32
14791.99
14827.83
14696.03
14622.89
14477.16
14423.19
14475.3
14224.23
14463
14411.27
14277.67
14327.66
14815.98
14830.39
15224.11
15120.14
15274.07
15134.75
14897.63
14721.48
14652.23
14841.07
14923.11
14970.97
15051.6
14837.68
14865.67
14449.18
14766.53
14843.24
14393.11
14313.03
14534.74
14800.06
14718.34
14462.41
14155.12
14180.38
14008.47
14619.13
14914.53
15007.06
15383.91
14980.16
15005.73
15391.56
15695.89
15820.96
15795.96
15641.68
15734.46
15747.2
15808.73
15422.4
15912.06
15912.06
15880.33
16121.45
15814.37
15908.88
16291.31