106.78
106.65
106.73
106.5
106.67
106.64
106.59
106.46
106.46
106.7
106.58
107.1
107.11
107.57
107.14
107.02
107.27
107.2
107.31
107.36
107.32
107.27
107.29
107.26
107.38
107.35
107.29
107.25
107.21
107.24
107.24
107.24
107.3
107.01
107.21
107.14
107.03
106.92
107.04
106.82
106.8
106.93
106.93
106.7
106.71
106.74
106.75
106.76
106.79
106.77
106.69
106.66
106.77
106.79
106.94
107.1
107.04
106.94
106.95
106.88
106.91
106.87
106.87
106.91
106.99
107.06
106.94
106.98
106.9
106.87
106.96
106.94
106.95
106.89
106.94
106.93
106.93
106.91
106.91
106.79
106.74
106.59
106.59
106.77
106.75
106.69
106.67
106.67
106.67
106.64
106.57
106.43
106.42
106.51
106.56
106.38
106.31
106.37
106.34
106.45
106.44
106.39
106.45
106.43
106.4
106.45
106.47
106.56
106.61
106.55
106.5
106.5
106.47
106.46
106.43
106.46
106.49
106.49
106.44
106.46
106.45
106.47
106.52
106.46
106.48
106.5
106.61
106.59
106.56
106.52
106.48
106.49
106.5
106.53
106.58
106.56
106.55
106.5
106.49
106.48
106.5
106.51
106.51
106.47
106.48
106.31
106.3
106.2
106.4
106.26
106.4
106.28
106.34
106.32
106.34
106.31
106.31
106.31
106.35
106.29
106.27
106.28
106.24
106.25
106.15
106.19
106.18
106.17
106.17
106.22
106.23
106.2
106.22
106.23
106.28
106.28
106.27
106.27
106.32
106.31
106.45
106.34
106.44
106.38
106.36
106.35
106.35
106.41
106.4
106.35
106.34
106.3
106.35
106.32
106.34
106.37
106.37
106.37
106.36
106.37
106.32
106.36
106.34
106.33
106.35
106.38
106.4
106.37
106.4
106.37
106.38
106.4
106.36
106.42
106.41
106.41
106.44
106.43
106.43
106.41
106.41
106.35
106.36
106.36
106.24
106.25
106.12
106.14
106.14
106.14
106.13
106.02
105.8
105.9
106
105.92
105.82
106.01
106.09
106
106.03
106.08
106.07
106
105.98
106.07
106.01
105.97
105.9
105.8
105.72
105.78
105.87
105.85
105.92
105.96
105.93
105.96
105.97
106.04
106.09
106.13
106.13
106.13
106.32
106.35
106.34
106.32
106.3
106.37
106.28
106.35
106.28
106.27
106.18
106.19
106.24
106.25
106.24
106.22
106.22
106.18
106.16
106.18
106.18
106.17
106.15
106.15
106.18
106.14
106.14
106.19
106.19
106.18
106.19
106.17
106.18
106.19
106.21
106.17
106.19
106.18
106.18
106.2
106.23
106.29
106.41
106.27
106.27
106.2
106.25
106.24
106.19
106.22
106.27
106.25
106.33
106.41
106.33
106.26
106.23
106.14
106.11
106.11
105.91
105.89
105.89
105.92
105.82
105.82
105.81
105.83
105.98
105.96
105.9
105.97
105.92
105.93
105.99
105.99
106.15
106.08
106.08
106.05
106.07
106.06
106
106
105.91
106.28
106.1
106.09
106.1
105.95
105.82
105.78
105.79
105.86
105.83
105.99
105.99
106
105.95
106.04
105.91
106.01
106.15
105.99
106.08
106.44
106.33
106.29
106.39
106.64
106.6
106.56
106.51
106.5
106.28
106.53
106.12
106.19
106.21
105.88
105.85
106.2
105.96
106.2
105.75
105.44
105.43
105.43
105.6
105.57
105.51
105.66
105.54
105.54
105.57
105.61
105.6
105.67
105.31
105.35
105.25
105.21
105.26
105.22
105.24
105.25
105.26
105.33
105.51
105.42
105.21
105.36
105.24
105.36
105.34
105.34
105.32
105.42
105.46
105.43
105.4
105.38
105.33
105.32
105.39
105.49
105.44
105.4
105.42
105.45
105.49
105.44
105.49
105.47
105.67
105.82
105.84
105.87
105.94
105.95
105.79
105.98
105.95
105.92
105.93
105.81
105.88
105.83
105.82
105.81
105.82
105.82
105.82
105.76
105.8
105.74
105.78
105.74
105.73
105.76
105.78
105.77
105.85
105.94
105.82
105.83
105.82
105.85
105.84
105.9
105.92
106.04
106.02
106.04
106.11
106.09
106.01
106
106
106
106
106
105.94
105.9
106.04
106.03
106.03
106.05
106.02
106
106
106.01
106
106.01
106
106
106
106
106
105.96
105.98
106.02
105.98
105.98
106.05
106.03
105.99
105.99
106.03
106.07
106.03
105.98
105.98
106
105.96
105.95
105.94
106
106.01
106.01
106
106
106
105.99
106
106.05
106.03
106
106
106.01
106
106.03
106.01
106
106
106
105.95
105.85
105.86
105.91
105.81
105.75
105.72
105.75
105.69
105.68
105.66
105.59
105.56
105.63
105.64
105.64
105.68
105.67
105.72
105.75
105.76
105.8
105.72
105.86
105.88
105.92
105.92
105.89
105.82
105.78
105.66
105.74
105.67
105.62
105.52
105.6
105.61
105.66
105.6
105.5
105.54
105.61
105.64
105.63
105.61
105.61
105.56
105.59
105.56
105.65
105.63
105.64
105.61
105.62
105.56
105.57
105.58
105.6
105.6
105.57
105.57
105.56
105.58
105.62
105.58
105.55
105.52
105.57
105.57
105.6
105.67
105.75
105.79
105.81
105.82
105.82
105.8
105.83
105.8
105.79
105.81
105.73
105.74
105.7
105.74
105.87
105.91
105.86
105.86
105.86
105.9
105.96
105.94
105.95
105.95
105.9
105.93
105.96
105.93
105.91
105.9
105.86
105.87
105.88
105.97
105.89
105.89
105.9
105.94
105.96
105.96
105.95
105.94
105.96
105.88
105.96
105.92
105.91
105.89
105.85
105.83
105.8
105.78
105.8
105.83
105.84
105.81
105.74
105.71
105.7
105.71
105.71
105.73
105.72
105.76
105.74
105.75
105.71
105.75
105.81
105.72
105.79
105.81
105.82
105.76
105.8
105.79
105.79
105.78
105.76
105.78
105.76
105.8
105.78
105.77
105.78
105.79
105.81
105.82
105.81
105.78
106.11
106.07
106.1
106.25
106.25
106.19
106.13
105.93
105.99
105.91
105.97
106.03
105.99
105.99
105.95
105.81
105.75
105.7
105.63
105.84
105.99
105.99
105.88
105.87
105.79
105.77
105.85
105.9
105.93
105.91
105.94
105.9
105.83
105.81
105.91
105.7
105.71
105.7
105.69
105.66
105.75
105.75
105.74
105.72
105.6
105.6
105.45
105.44
105.45
105.44
105.44
105.45
105.42
105.42
105.36
105.21
105.3
105.45
105.37
105.44
105.21
105.21
105.56
105.58
105.58
105.56
105.5
105.41
105.34
105.32
105.38
105.42
105.43
105.47
105.42
105.34
105.4
105.44
105.45
105.42
105.46
105.4
105.37
105.46
105.42
105.43
105.35
105.2
105.23
105.22
105.22
105.22
105.13
104.88
104.9
104.81
104.95
105.05
105.05
105.05
105.16
105.21
105.19
105.2
105.18
105.07
105.12
105.21
105.1
105.14
105.19
105.22
105.18
105.19
105.23
105.2
105.2
105.13
105.13
105.1
105.08
105.14
105.14
105.11
105.07
105.09
104.97
105.06
105.05
104.95
105.06
104.99
104.97
104.96
104.91
104.91
104.9
105.02
105.04
105.01
105.02
104.98
104.97
104.9
104.67
104.85
104.55
104.57
104.55
104.57
104.59
104.49
104.46
104.45
104.46
104.38
104.32
104.37
104.38
104.44
104.6
104.61
104.55
104.45
104.32
104.36
104.3
104.26
104.38
104.32
104.36
104.44
104.45
104.57
104.61
104.55
104.49
104.46
104.52
104.51
104.42
104.4
104.53
104.46
104.41
104.45
104.43
104.38
104.36
104.4
104.34
104.38
104.34
104.32
104.32
104.31
104.3
104.3
104.29
104.33
104.3
104.32
104.32
104.33
104.33
104.49
104.47
104.42
104.49
104.41
104.44
104.48
104.35
104.43
104.35
104.38
104.37
104.39
104.35
104.38
104.41
104.42
104.42
104.39
104.37
104.46
104.54
104.51
104.55
104.52
104.51
104.46
104.4
104.38
104.38
104.35
104.35
104.36
104.36
104.35
104.33
104.33
104.27
104.28
104.25
104.29
104.32
104.36
104.38
104.37
104.42
104.34
104.35
104.35
104.26
104.16
104.16
104.14
104.11
104.01
104
104.05
103.93
104.04
103.97
104.13
104.1
104.21
104.25
104.45
104.19
104.21
104.22
104.32
104.22
104.36
104.14
104.13
104.05
103.95
104.08
104.02
104.08
104.03
104.1
104.03
104
104.05
104.04
104.02
104.06
104.05
104.18
104.04
104.06
104.03
104.04
104.09
104.01
104.03
104.02
103.96
103.97
103.94
104.02
104.01
103.99
103.98
104
104
104.01
104.15
104.07
104.04
104.07
104.06
104.03
104.05
104.03
104.04
104.02
104.02
104.01
104.01
104.04
104.02
103.98
103.93
103.91
103.9
103.92
103.8
103.81
103.79
103.78
103.77
103.79
103.78
103.77
103.83
103.83
103.84
103.99
104.59
104.25
104.26
104.09
103.5
103.4
103.17
102.96
103.04
103.03
102.95
102.86
102.6
102.68
102.57
102.68
102.84
102.85
102.94
103.1
103.2
103.22
103.32
103.57
103.47
103.15
103.1
103.07
103.04
103.12
103.25
103.32
103.47
103.52
102.92
102.88
103.17
102.97
103.09
102.99
103.12
103.03
103.13
103.13
103.12
103.24
103.07
103.23
103.23
103.08
103.1
103.17
103.1
103.09
103.02
103.03
102.9
102.95
102.91
102.9
102.67
102.61
103
102.65
102.88
102.81
102.65
102.67
102.71
102.73
102.81
102.9
102.9
103.13
103.06
103.01
103
102.98
102.86
102.88
102.93
102.95
102.87
102.84
102.89
103.04
103.09
103
103.05
103.17
103.14
103.13
103.25
103.36
103.32
103.4
103.42
103.41
103.36
103.35
103.36
103.36
103.12
103.52
103.51
103.48
103.55
103.58
103.74
103.78
103.65
103.83
103.58
103.83
103.61
103.64
103.59
103.64
103.73
103.68
103.67
103.58
103.38
103.5
103.71
103.73
103.76
103.63
103.63
103.73
103.85
104.09
103.99
104.16
104.25
103.65
104.21
104.4
104.22
104.3
104.32
104.3
104.3
104.31
104.37
104.28
104.09
103.97
103.96
104.32
103.33
103.27
103.24
103.25
103.27
103.24
103.55
103.49
103.46
103.44
103.36
103.42
103.38
103.34
103.26
103.24
103.29
103.24
103.25
103.32
103.35
103.35
103.46
103.56
103.54
103.53
103.52
103.48
103.55
103.52
103.43
103.39
103.39
103.49
103.51
103.58
103.49
103.5
103.5
103.5
103.61
103.57
103.7
103.8
103.82
103.78
103.79
103.83
103.81
103.72
103.78
103.8
103.77
103.76
103.8
103.8
103.81
103.78
103.79
103.72
103.65
103.7
103.69
103.67
103.73
103.56
103.68
103.65
103.53
103.52
103.46
103.52
103.54
103.52
103.57
103.55
103.52
103.5
103.5
103.52
103.6
103.57
103.52
103.58
103.57
103.58
103.57
103.6
103.56
103.57
103.58
103.56
103.56
103.53
103.52
103.46
103.46
103.48
103.46
103.47
103.52
103.56
103.53
103.51
103.54
103.48
103.59
103.63
103.65
103.74
103.65
103.64
103.64
103.66
103.61
103.63
103.61
103.57
