80.4
80.42
80.34
80.22
80.33
80.33
80.3
80.17
80.18
80.16
80.16
80.16
80.26
80.16
80.28
80.2
80.26
80.22
80.11
80.21
80.22
80.23
80.16
80.15
80.02
80.01
79.94
80.16
79.97
80.12
80.03
79.9
79.99
80.01
80.18
80.21
80.25
80.29
80.25
80.14
80.15
80.15
80.15
79.97
80.16
79.99
79.96
80.06
80.05
80.07
80.09
80.04
80.02
80.13
80.09
80.1
80.14
80.1
80.12
80.11
80.12
80.12
80.12
80.1
80.11
80.12
80.1
80.07
80.04
80.09
80.04
80.07
80.09
80.07
80.08
80.14
80.13
80.1
80.09
80.11
80.11
80.25
80.25
80.25
80.16
80.2
80.18
80.24
80.24
80.24
80.24
80.24
80.23
80.2
80.19
80.19
80.18
80.21
80.16
80.18
80.16
80.11
80.16
80.18
80.15
80.16
80.1
80.14
80.17
80.21
80.2
80.21
80.22
80.26
80.24
80.29
80.29
80.29
80.29
80.33
80.33
80.33
80.35
80.33
80.32
80.33
80.26
80.33
80.3
80.2
80.2
80.22
80.22
80.21
80.2
80.23
80.15
80.12
80.11
80.1
80.12
80.1
80.1
80.17
80.19
80.19
80.19
80.14
80.16
80.16
80.18
80.16
80.19
80.16
80.18
80.15
80.13
80.13
80.13
80.12
80.13
80.12
80.11
80.1
80.02
80.04
80.03
80.03
80.03
80.04
80.03
80.02
80.06
80.07
80.09
80.11
80.09
80.08
80.06
80.04
80.07
80
79.98
79.96
79.92
79.92
79.94
79.99
79.95
79.94
79.93
79.96
79.92
79.94
79.93
79.95
79.94
79.93
79.93
79.97
79.96
79.93
79.91
79.88
79.93
79.95
79.95
80.01
80.06
80.08
80.07
80.08
79.99
79.96
79.93
79.92
79.91
79.89
79.91
79.89
79.85
79.84
79.86
79.87
79.89
79.83
79.85
79.92
79.89
79.92
79.88
79.88
79.85
79.89
79.78
79.73
79.73
79.78
79.81
79.82
79.77
79.76
79.76
79.78
79.83
79.81
79.78
79.77
79.83
79.84
79.84
79.81
79.85
79.86
79.97
79.96
79.88
79.97
79.96
79.96
79.94
80.02
80.03
80.03
80.06
80.02
80.06
80.06
80.07
80.06
80.07
80.07
80.1
80.16
80.17
80.2
80.18
80.16
80.22
80.21
80.21
80.2
80.16
80.15
80.16
80.15
80.15
80.14
80.14
80.12
80.15
80.17
80.17
80.16
80.17
80.17
80.19
80.19
80.18
80.14
80.16
80.15
80.15
80.15
80.21
80.22
80.19
80.17
80.17
80.2
80.21
80.22
80.19
80.18
80.19
80.18
80.14
80.12
80.2
80.19
80.14
80.11
80.07
80.15
80.16
80.16
80.07
80.07
80.06
80.04
80.08
80.09
80.1
80.11
80.13
80.11
80.11
80.15
80.15
80.16
80.13
80.11
80.1
80.1
80.09
80.07
80.04
80.02
80.12
80.29
80.43
80.45
80.41
80.31
80.27
80.27
80.15
80.15
80.12
80.13
80.14
80.1
80.16
80.18
79.94
79.93
79.82
79.79
79.86
79.91
79.84
79.63
79.67
79.72
79.68
79.7
79.66
79.7
79.64
79.69
79.74
79.76
79.78
79.75
79.68
79.73
79.73
79.75
79.74
79.65
79.65
79.63
79.54
79.65
79.65
79.67
79.61
79.71
79.63
79.6
79.58
79.67
79.7
79.55
79.57
79.6
79.61
79.59
79.56
79.6
79.64
79.59
79.64
79.56
79.58
79.64
79.6
79.63
79.63
79.59
79.58
79.6
79.54
79.53
79.54
79.57
79.55
79.54
79.52
79.54
79.53
79.54
79.57
79.54
79.56
79.53
79.59
79.64
79.64
79.66
79.7
79.67
79.68
79.73
79.75
79.65
79.76
79.74
79.75
79.69
79.73
79.69
79.68
79.6
79.59
79.54
79.43
79.49
79.49
79.41
79.5
79.5
79.52
79.55
79.55
79.58
79.57
79.56
79.56
79.49
79.45
79.52
79.5
79.48
79.47
79.47
79.51
79.47
79.52
79.52
79.51
79.51
79.44
79.41
79.36
79.35
79.33
79.35
79.36
79.4
79.33
79.34
79.3
79.28
79.27
79.25
79.25
79.29
79.3
79.34
79.35
79.32
79.33
79.33
79.34
79.31
79.29
79.25
79.26
79.26
79.26
79.22
79.26
79.25
79.24
79.23
79.25
79.18
79.18
79.16
79.13
79.18
79.13
79.13
79.13
79.15
79.13
79.15
79.15
79.25
79.27
79.24
79.25
79.24
79.24
79.24
79.23
79.22
79.22
79.2
79.19
79.21
79.22
79.22
79.21
79.19
79.21
79.22
79.25
79.27
79.27
79.28
79.27
79.25
79.19
79.23
79.28
79.26
79.25
79.27
79.25
79.26
79.26
79.25
79.3
79.29
79.34
79.34
79.34
79.34
79.36
79.36
79.34
79.33
79.2
79.2
79.26
79.17
79.15
79.11
79.13
79.16
79.15
79.13
79.18
79.12
79.14
79.14
79.15
79.15
79.17
79.15
79.15
79.14
79.12
79.13
79.12
79.18
79.17
79.17
79.14
79.15
79.13
79.13
79.12
79.13
79.13
79.15
79.12
79.13
79.11
79.12
79.13
79.18
79.18
79.17
79.14
79.15
79.17
79.14
79.16
79.17
79.16
79.15
79.17
79.34
79.3
79.29
79.35
79.38
79.39
79.4
79.4
79.42
79.44
79.43
79.43
79.41
79.37
79.34
79.38
79.33
79.3
79.28
79.35
79.35
79.31
79.33
79.32
79.35
79.36
79.38
79.35
79.35
79.31
79.3
79.3
79.34
79.34
79.31
79.35
79.34
79.29
79.33
79.34
79.33
79.34
79.34
79.35
79.34
79.32
79.31
79.3
79.29
79.29
79.3
79.28
79.24
79.34
79.36
79.27
79.4
79.39
79.34
79.32
79.32
79.33
79.33
79.33
79.32
79.33
79.33
79.31
79.34
79.28
79.24
79.27
79.27
79.31
79.26
79.28
79.47
79.47
79.5
79.46
79.44
79.45
79.34
79.34
79.5
79.19
79.15
79.42
79.26
79.21
79.14
78.93
78.98
79.13
79.13
79.13
79.29
79.24
79.3
79.24
79.12
79.09
79.13
79.11
79.3
79.27
79.21
79.28
79.24
79.21
79.17
79.16
79.16
79.14
79.24
79.18
79.25
79.13
79.14
79.13
79.16
79.18
79.03
79.17
79.18
79.15
79.26
79.26
79.18
79.18
79.29
79.27
79.25
79.28
79.24
79.19
79.25
79.23
79.27
79.33
79.33
79.33
79.32
79.41
79.43
79.46
79.31
79.45
79.46
79.51
79.58
79.74
79.78
79.72
79.73
79.73
79.76
79.75
79.76
79.68
79.71
79.79
79.75
79.73
79.66
79.65
79.67
79.64
79.63
79.59
79.6
79.54
79.61
79.53
79.54
79.5
79.59
79.53
79.57
79.54
79.57
79.57
79.6
79.58
79.52
79.48
79.52
79.49
79.56
79.43
79.41
79.48
79.44
79.38
79.36
79.34
79.41
79.35
79.41
79.4
79.42
79.42
79.39
79.39
79.38
79.26
79.29
79.32
79.31
79.3
79.29
79.21
79.15
79.19
79.16
79.24
79.26
79.26
79.27
79.22
79.12
79.16
79.05
79.01
78.99
79
78.97
78.94
78.97
78.98
79
78.96
78.98
78.95
79.01
78.99
78.97
78.95
78.94
78.93
78.8
78.8
78.88
78.85
78.78
78.8
78.85
78.89
78.89
78.97
78.95
78.91
78.94
78.88
79.03
78.92
78.93
78.93
79.02
78.97
78.97
79.03
79
78.94
78.94
78.96
78.93
78.98
78.97
78.98
78.95
78.94
78.89
78.93
78.92
78.93
78.91
78.91
78.87
78.87
78.87
79.01
78.99
79.03
78.97
78.95
78.98
78.92
78.89
78.86
78.92
78.92
78.88
78.86
78.85
78.85
78.88
78.87
78.85
78.85
78.83
78.87
78.82
78.87
78.81
78.76
78.77
78.76
78.74
78.72
78.74
78.81
78.81
78.81
78.89
78.89
78.86
78.85
78.86
78.87
78.87
78.85
78.81
78.72
78.74
78.71
78.69
78.7
78.72
78.71
78.63
78.61
78.51
78.53
78.5
78.41
78.43
78.52
78.51
78.57
78.62
78.58
78.58
78.56
78.52
78.6
78.57
78.6
78.59
78.6
78.57
78.55
78.61
78.58
78.6
78.62
78.44
78.4
78.4
78.4
78.42
78.42
78.42
78.43
78.4
78.41
78.4
78.41
78.47
78.39
78.37
78.39
78.38
78.35
78.34
78.27
78.26
78.26
78.26
78.25
78.19
78.21
78.25
78.32
78.31
78.32
78.31
78.32
78.36
78.34
78.41
78.33
78.47
78.5
78.52
78.42
78.36
78.36
78.33
78.29
78.36
78.25
78.15
78.37
78.14
78.37
78.13
78.1
78.07
78.06
78.01
77.97
77.93
77.87
77.89
77.96
78.01
78.04
78.04
78.15
78.24
78.35
78.6
78.83
78.91
78.9
78.73
78.72
78.67
78.77
78.72
78.71
78.66
78.66
78.61
78.65
78.73
78.77
78.75
78.75
78.58
78.65
78.87
78.76
78.71
78.68
78.64
78.64
78.67
78.72
78.64
78.87
78.76
78.78
78.8
78.81
78.72
78.69
78.69
78.71
78.71
78.64
78.65
78.72
78.77
78.74
78.72
78.64
78.65
78.55
78.72
78.69
78.67
78.38
78.36
78.35
78.27
78.33
78.03
78.34
77.96
77.9
78.27
78.08
78.05
78.31
77.87
78.22
78.17
78.06
77.97
77.94
78.08
78.17
78.18
78.03
78.17
77.93
77.97
78.08
78.14
78.18
78.17
78.07
77.97
78.04
78.02
77.86
77.9
77.87
77.81
77.89
77.89
77.88
77.85
77.92
77.91
77.84
77.79
77.8
77.85
77.84
77.83
77.87
77.89
77.86
77.9
77.92
77.9
77.94
77.88
77.94
77.92
77.95
77.86
77.88
77.95
77.93
78.01
77.97
77.86
77.85
77.95
77.83
78.03
78
77.87
77.96
77.93
78.01
78.02
78.01
78.11
77.98
78.12
78.13
78.2
78.22
78.15
78.31
78.22
77.93
78.2
78.23
78.25
78.24
78.17
78.25
78.17
78
77.99
78
77.96
77.99
78.04
78.1
78.12
78.07
78.09
78.1
78.07
78.09
78.12
78.08
78.08
78.09
78.09
78.11
78.11
78.14
78.17
78.18
78.18
78.15
78.09
78.09
78.07
78.09
78.09
78.11
78.07
78.13
78.15
78.2
78.13
78.1
78.08
78.16
78.09
78.11
78.15
78.18
78.21
78.12
78.21
78.19
78.21
78.2
78.2
78.23
78.2
78.23
78.18
78.21
78.2
78.22
78.24
78.23
78.17
78.13
78.15
78.13
78.09
78.13
78.14
78.15
78.13
78.2
78.16
78.19
78.14
78.11
78.14
78.15
78.23
78.23
78.18
78.18
78.2
78.23
78.16
78.16
78.2
78.24
78.24
78.21
78.21
78.21
78.22
78.21
78.2
78.19
78.21
78.23
78.21
78.21
78.26
78.3
78.31
78.25
78.42
78.39
78.23
78.28
78.47
78.44
78.42
78.48
78.48
78.49
78.46
78.48
78.48
78.43
78.42
78.44
78.45
