195.62
195.74
195.44
195.82
195.78
196.29
196.25
196.31
196.38
196.34
196.34
196.35
196.6
196.65
196.65
196.5
196.48
196.29
196.29
196.58
196.53
196.57
196.65
196.8
196.8
196.8
196.85
196.82
196.82
196.86
196.8
196.8
196.52
196.56
196.61
196.68
196.63
196.61
196.6
196.64
196.6
196.68
196.68
196.66
196.63
196.64
196.69
196.7
196.75
196.74
196.85
196.79
196.79
196.85
196.85
196.84
196.84
196.85
196.84
196.77
196.85
196.83
196.55
196.49
196.44
196.44
196.44
196.56
196.56
196.56
196.5
196.37
196.45
196.51
196.43
196.41
196.37
196.33
196.21
196.3
196.3
196.28
196.27
196.34
196.27
196.26
196.18
196.31
196.3
196.27
196.25
196.23
196.2
196.2
196.21
196.21
196.21
196.12
196.21
196.19
196.12
196.12
196.24
196.17
196.17
196.31
196.14
196.14
196.3
196.35
196.36
196.26
196.36
196.36
196.21
196.21
196.41
196.42
196.42
196.42
196.42
196.42
196.31
196.24
196.26
196.26
196.26
196.26
196.26
196.3
196.27
196.43
196.27
196.35
196.36
196.31
196.37
196.41
196.41
196.36
196.33
196.35
196.35
196.32
196.32
196.32
196.23
196.23
196.27
196.09
196.13
196.18
196.19
196.18
196.14
196.1
196.19
196.19
196.09
196.13
196.16
196.16
196.2
196.25
196.41
196.28
196.4
196.4
196.4
196.49
196.54
196.55
196.56
196.56
196.57
196.55
196.55
196.55
196.57
196.59
196.58
196.61
196.56
196.58
196.56
196.57
196.57
196.58
196.59
196.59
196.61
196.62
196.65
196.63
196.73
196.72
196.72
196.81
196.81
196.84
196.9
196.9
196.9
196.9
196.94
196.95
196.95
196.92
196.9
196.86
196.9
196.87
196.86
196.87
196.89
196.79
196.8
196.79
196.77
196.74
196.71
196.63
196.59
196.58
196.59
196.59
196.57
196.57
196.49
196.49
196.44
196.43
196.4
196.42
196.36
196.38
196.4
196.4
196.35
196.32
196.25
196.27
196.28
196.28
196.26
196.12
196.11
196.12
196.21
196.14
196.22
196.21
196.18
196.23
196.22
196.23
196.24
196.28
196.31
196.29
196.28
196.29
196.34
196.34
196.33
196.33
196.29
196.33
196.33
196.33
196.37
196.37
196.25
196.25
196.27
196.26
196.3
196.33
196.33
196.35
196.35
196.36
196.35
196.35
196.38
196.38
196.4
196.4
196.41
196.4
196.4
196.42
196.41
196.37
196.41
196.38
196.4
196.39
196.39
196.38
196.41
196.39
196.41
196.44
196.42
196.46
196.46
196.46
196.46
196.39
196.33
196.37
196.37
196.38
196.37
196.34
196.38
196.41
196.38
196.4
196.38
196.38
196.38
196.38
196.34
196.32
196.28
196.32
196.31
196.33
196.3
196.29
196.28
196.27
196.25
196.25
196.29
196.24
196.31
196.31
196.24
196.23
196.22
196.23
196.2
196.18
196.16
196.21
196.15
194.91
195.37
194.99
195.13
195
195
194.87
194.88
194.87
194.88
194.8
194.92
195.12
195.1
194.93
194.81
194.96
194.96
194.64
195.12
195.12
195.01
194.7
194.71
194.86
194.88
194.89
194.89
194.95
195.04
195.21
195.3
195.01
195.06
195.38
195.43
195.18
195.54
195.48
195.51
195.46
195.46
195.46
195.45
195.52
195.52
195.48
195.42
195.49
195.54
195.53
195.6
195.5
195.68
195.66
195.64
195.68
195.64
195.66
195.69
195.75
195.82
195.85
195.93
195.69
195.88
195.82
195.77
195.78
195.71
195.76
195.73
195.72
195.7
195.71
195.69
195.79
195.77
195.74
195.91
195.76
195.77
195.77
195.81
195.77
195.93
195.91
195.9
195.83
195.88
195.9
195.9
195.91
195.83
195.83
195.76
195.74
195.81
195.69
195.7
195.76
195.78
195.78
195.79
195.94
195.83
195.93
195.97
195.97
195.97
195.98
195.99
195.98
195.98
195.98
195.9
195.88
195.91
195.91
195.85
195.97
196
196
196.12
196.12
196.14
196.08
196.13
196.21
196.23
196.2
196.22
196.22
196.3
196.33
196.3
196.19
196.18
196.18
196.28
196.24
196.29
196.37
196.44
196.37
196.4
196.39
196.41
196.4
196.45
196.47
196.43
196.46
196.4
196.35
196.35
196.38
196.35
196.35
196.35
196.4
196.33
196.37
196.32
196.38
196.38
196.33
196.26
196.2
196.2
196.23
196.31
196.31
196.31
196.31
196.41
196.39
196.46
196.48
196.48
196.47
196.49
196.44
196.37
196.34
196.21
196.27
196.29
196.3
196.29
196.32
196.31
196.31
196.29
196.28
196.27
196.3
196.27
196.24
196.23
196.27
196.26
196.21
196.24
196.24
196.21
196.22
196.19
196.22
196.21
196.22
196.13
196.18
196.08
196.07
196.04
196.08
196.11
196.06
196.01
195.98
196
195.94
195.85
195.9
195.73
195.91
195.76
195.86
195.8
195.85
195.88
195.91
195.98
195.98
195.97
195.91
195.86
195.82
195.89
195.92
195.82
195.83
195.78
195.81
195.81
195.8
195.88
195.9
195.9
195.94
195.9
195.91
195.91
195.91
195.88
195.89
195.89
195.85
195.88
195.8
195.81
195.83
195.85
195.93
195.91
195.86
195.82
195.88
195.86
195.86
195.84
195.87
195.87
195.86
195.86
195.92
195.92
195.92
195.92
195.94
195.96
195.98
195.99
195.97
195.91
195.95
195.93
195.97
195.97
196.01
196.02
195.98
195.92
195.9
195.95
195.98
195.91
195.97
195.91
195.93
195.93
195.98
195.96
195.95
195.93
195.92
195.92
195.96
195.94
195.9
195.92
195.76
195.71
195.88
195.71
195.77
195.75
195.74
195.74
195.82
195.84
195.84
195.94
195.94
195.98
195.87
195.93
195.92
195.94
195.95
195.92
195.92
195.96
195.93
195.86
195.89
195.82
195.82
195.89
195.88
195.83
195.91
195.93
195.88
195.95
195.88
195.92
195.95
195.96
195.89
195.89
196.18
195.96
195.99
196
196.09
195.73
195.57
196.01
195.6
195.45
196
195.6
195.6
195.72
195.74
195.75
195.73
195.85
195.76
195.77
195.69
195.69
195.68
195.74
195.62
195.64
195.7
195.51
195.67
195.57
195.57
195.62
195.49
195.56
195.5
195.75
195.9
195.5
195.9
195.61
195.67
195.73
195.73
195.86
195.9
195.92
195.84
195.85
195.9
195.9
195.86
195.89
195.9
195.9
195.83
195.9
195.91
195.91
195.89
195.88
195.87
195.87
195.87
195.86
195.86
195.86
195.78
195.8
195.79
195.87
195.87
195.9
195.88
195.82
195.87
195.85
195.88
195.91
195.99
195.96
196.15
196.15
195.82
195.88
195.81
195.83
195.82
195.81
195.8
195.83
195.83
195.82
195.86
195.89
195.94
195.91
195.97
195.97
195.93
195.94
195.93
195.93
195.86
195.93
195.9
195.93
195.84
195.82
195.75
195.72
195.74
195.74
195.76
195.74
195.74
195.75
195.75
195.77
195.79
195.77
195.84
195.78
195.78
195.8
195.81
195.77
195.84
195.73
195.73
195.73
195.64
195.66
195.64
195.64
195.56
195.62
195.65
195.6
195.66
195.72
195.72
195.61
195.62
195.59
195.54
195.55
195.42
195.3
195.27
195.46
195.46
195.3
195.34
195.29
195.26
195.25
195.27
195.27
195.25
195.24
195.22
195.19
195.18
195.16
195.01
195.02
195.02
194.75
194.74
195.01
194.68
194.87
194.91
194.95
195.11
195.04
194.93
194.8
194.76
194.88
194.87
194.69
194.91
194.86
194.85
194.87
194.88
194.91
194.91
194.9
194.87
194.99
194.99
194.89
194.96
195.03
195.03
194.97
195.05
195.09
195.08
195.04
195.06
195.14
195.14
195.32
195.38
195.37
195.37
195.35
195.5
195.47
195.42
195.5
195.37
195.43
195.45
195.37
195.4
195.42
195.45
195.47
195.44
195.3
195.3
196.1
196.1
196.15
196.23
196.22
196.15
196.22
196.22
196.14
196.14
195.91
195.91
195.9
195.96
195.91
195.78
195.78
195.67
195.82
195.73
195.73
195.6
195.72
195.47
195.45
195.45
195.45
195.47
195.48
195.47
195.25
195.39
195.28
195.17
195.24
194.96
195.06
195.01
195.18
195.08
195.09
195.06
195.12
195.07
195.16
195.2
195.01
195.19
195.23
195.15
195.21
195.19
195.23
195.01
195.22
194.83
194.85
194.93
195.01
195.13
195.11
195.04
195.1
195.07
195.12
195.11
195.06
195.12
195.09
195.14
194.95
194.98
194.99
194.99
194.85
194.83
194.78
194.75
194.79
194.76
194.69
194.76
194.82
194.78
194.76
195.03
195.14
195.2
195.29
195.21
195.25
195.3
195.27
195.29
195.14
195.05
195.14
195.09
195.03
195.03
194.96
194.84
195.11
195.14
194.54
194.61
194.42
194.47
194.45
194.45
194.47
194.11
194.18
194.1
194.1
194.12
194.16
194.1
195.33
195.23
195.09
195.27
195.17
195.2
195.21
194.96
194.95
195.09
195.08
195.17
195.11
195.19
195.01
195
194.94
195.03
195.04
195.01
195.01
195.18
195
195.11
195.13
194.97
194.96
195.03
195.03
195.02
195.02
195.24
195.11
195.09
194.75
194.79
195.06
194.54
194.71
194.68
194.82
194.73
194.68
194.68
194.68
194.68
194.68
194.87
194.66
194.84
194.64
194.72
194.83
194.69
194.62
194.49
194.49
194.35
194.17
194.37
194
194
193.79
194.31
193.9
193.91
194
194
194.03
193.95
193.9
193.93
194.02
194.02
194.09
194.09
194.08
194.11
194.04
194.04
194
194.15
193.84
193.67
194.1
193.52
194.14
193.51
193.41
193.35
193.24
193.17
193.23
193.28
193.23
193.23
193.2
193.16
193.07
193.04
193.02
193.15
193.29
193.2
193.35
193.45
193.62
193.65
193.72
193.73
193.62
193.64
193.64
193.63
193.57
193.46
193.42
193.46
193.38
193.58
193.3
193.21
193.26
193.24
193.24
193.51
193.51
193.39
193.33
193.43
193.43
193.61
193.61
193.54
193.53
193.48
193.56
193.73
193.82
193.62
193.85
193.69
193.77
193.87
193.88
193.82
193.75
193.83
193.74
193.74
193.03
192.96
192.95
192.95
192.84
192.99
193.06
193.07
193.05
193.04
193.06
193.04
193.01
193.01
193.03
193.07
192.98
193.02
192.94
193.01
193.08
193.08
193.08
193.08
193.35
193.28
193.28
193.28
193.28
193.3
193.3
193.29
193.32
193.35
193.43
193.38
193.35
193.33
193.3
193.33
193.36
193.26
193.52
193.27
193.68
193.61
193.66
193.71
193.68
193.68
193.92
193.7
194
194
193.9
193.76
193.76
193.96
193.96
193.84
193.78
193.77
193.76
193.71
193.84
193.68
193.59
193.65
193.65
193.64
193.34
193.35
193.6
193.35
193.44
193.44
193.62
193.57
193.57
193.62
193.56
193.57
193.58
193.65
193.65
193.78
193.86
193.74
193.79
193.85
193.79
193.82
193.82
193.83
193.87
193.87
193.76
193.9
193.88
193.93
194.04
194.16
194.18
194.33
194.32
194.4
194.37
193.84
194.57
194.62
194.49
194.45
194.37
194.48
194.55
194.57
194.27
194.38
