64.22
64.18
64.32
64.21
64.33
64.38
64.52
64.52
64.43
64.55
64.5
64.43
64.67
64.53
64.53
64.6
64.64
64.72
64.58
64.69
64.71
64.71
64.7
64.67
64.68
64.68
64.73
64.74
64.74
64.82
64.69
64.69
64.78
64.79
64.8
64.75
64.71
64.7
64.73
64.79
64.77
64.69
64.69
64.72
64.74
64.72
64.76
64.72
64.64
64.68
64.68
64.68
64.71
64.67
64.65
64.65
64.69
64.64
64.62
64.62
64.62
64.6
64.6
64.64
64.62
64.65
64.66
64.66
64.66
64.63
64.69
64.67
64.7
64.66
64.67
64.67
64.66
64.66
64.64
64.63
64.63
64.71
64.71
64.7
64.75
64.79
64.78
64.8
64.8
64.74
64.75
64.8
64.77
64.76
64.76
64.81
64.82
64.87
64.86
64.84
64.87
64.84
64.85
64.85
64.93
64.93
64.9
64.91
64.92
64.93
64.9
64.91
64.92
64.93
64.91
64.93
64.93
64.94
64.92
64.91
64.87
64.87
64.86
64.91
64.88
64.88
64.88
64.89
64.88
64.89
64.91
64.94
64.95
64.95
64.95
64.91
64.94
64.93
64.94
64.95
64.97
64.98
64.99
64.97
64.9
64.9
64.9
64.85
64.89
64.89
64.87
64.98
64.87
64.91
64.99
64.97
64.99
64.99
65
64.97
64.99
64.98
64.97
65
65.05
65
65.02
65
65
65.1
65.1
65.11
65.13
65.13
65.14
65.14
65.13
65.06
65.1
65.1
65.1
65.09
65.1
65.11
65.11
65.14
65.08
65.08
65.08
65.1
65.1
65.13
65.15
65.18
65.16
65.18
65.18
65.19
65.2
65.21
65.19
65.19
65.19
65.21
65.2
65.16
65.16
65.22
65.24
65.23
65.23
65.24
65.22
65.27
65.29
65.27
65.26
65.24
65.22
65.21
65.21
65.22
65.22
65.17
65.22
65.21
65.21
65.25
65.27
65.27
65.24
65.26
65.31
65.3
65.33
65.31
65.32
65.31
65.33
65.36
65.33
65.31
65.31
65.37
65.39
65.39
65.38
65.39
65.39
65.39
65.46
65.43
65.45
65.45
65.45
65.42
65.42
65.45
65.43
65.41
65.42
65.48
65.51
65.51
65.44
65.47
65.47
65.44
65.47
65.41
65.47
65.43
65.48
65.41
65.44
65.5
65.49
65.51
65.51
65.53
65.51
65.51
65.52
65.54
65.54
65.52
65.6
65.62
65.55
65.55
65.55
65.51
65.67
65.66
65.63
65.65
65.65
65.64
65.63
65.72
65.69
65.65
65.74
65.71
65.6
65.55
65.55
65.54
65.54
65.55
65.51
65.5
65.51
65.51
65.52
65.51
65.5
65.54
65.56
65.54
65.57
65.54
65.54
65.54
65.51
65.5
65.46
65.42
65.36
65.38
65.33
65.36
65.38
65.38
65.34
65.34
65.41
65.46
65.41
65.41
65.35
65.44
65.31
65.31
65.27
65.25
65.25
65.23
65.23
65.48
65.56
65.49
65.37
65.37
65.51
65.46
65.43
65.29
65.3
65.32
65.39
65.35
65.54
65.48
65.64
65.64
65.65
65.61
65.66
65.41
65.71
65.72
65.7
65.74
65.7
65.75
65.79
65.79
65.74
65.81
65.65
65.57
65.55
65.75
65.67
65.57
65.55
65.5
65.49
65.46
65.47
65.49
65.51
65.51
65.48
65.48
65.43
65.43
65.44
65.44
65.37
65.38
65.41
65.51
65.45
65.39
65.41
65.41
65.36
65.35
65.4
65.41
65.35
65.44
65.34
65.47
65.49
65.35
65.35
65.36
65.4
65.42
65.4
65.38
65.4
65.5
65.5
65.54
65.51
65.5
65.5
65.53
65.4
65.52
65.53
65.52
65.52
65.51
65.58
65.64
65.7
65.63
65.61
65.69
65.66
65.64
65.63
65.43
65.48
65.49
65.46
65.43
65.42
65.39
65.4
65.39
65.38
65.43
65.4
65.4
65.4
65.45
65.48
65.31
65.41
65.4
65.36
65.4
65.34
65.29
65.26
65.27
65.26
65.26
65.31
65.3
65.32
65.33
65.34
65.33
65.29
65.31
65.31
65.32
65.3
65.3
65.28
65.28
65.28
65.29
65.31
65.31
65.34
65.33
65.33
65.31
65.29
65.26
65.3
65.27
65.26
65.24
65.24
65.24
65.26
65.26
65.27
65.27
65.3
65.29
65.3
65.31
65.3
65.4
65.42
65.41
65.38
65.35
65.34
65.35
65.33
65.37
65.38
65.4
65.44
65.42
65.44
65.43
65.39
65.41
65.43
65.43
65.45
65.45
65.46
65.44
65.43
65.46
65.46
65.45
65.46
65.48
65.46
65.5
65.53
65.44
65.47
65.47
65.47
65.47
65.48
65.48
65.39
65.43
65.4
65.43
65.42
65.38
65.36
65.4
65.38
65.39
65.36
65.39
65.39
65.42
65.44
65.44
65.49
65.51
65.51
65.44
65.44
65.41
65.47
65.36
65.44
65.41
65.42
65.4
65.4
65.4
65.41
65.4
65.38
65.39
65.39
65.38
65.39
65.38
65.39
65.38
65.37
65.29
65.27
65.24
65.25
65.26
65.26
65.27
65.27
65.26
65.21
65.24
65.21
65.17
65.19
65.17
65.17
65.12
65.1
65.13
65.16
65.19
65.18
65.12
65.19
65.13
65.14
65.12
65.07
65.07
65.07
65.08
65.08
65.36
65.39
65.39
65.49
65.51
65.51
65.54
65.58
65.56
65.58
65.5
65.51
65.53
65.54
65.53
65.54
65.5
65.44
65.42
65.42
65.42
65.42
65.44
65.44
65.39
65.38
65.39
65.39
65.4
65.35
65.36
65.36
65.37
65.4
65.4
65.34
65.34
65.4
65.34
65.35
65.34
65.37
65.35
65.37
65.38
65.37
65.37
65.36
65.37
65.39
65.39
65.41
65.41
65.41
65.41
65.42
65.43
65.42
65.39
65.39
65.39
65.38
65.38
65.36
65.36
65.33
65.35
65.32
65.33
65.31
65.29
65.3
65.29
65.25
65.25
65.28
65.54
65.54
65.46
65.8
65.79
65.82
65.71
65.78
65.75
65.75
65.8
65.84
65.88
65.94
65.92
65.88
65.95
65.88
65.87
66.01
66
66
66.05
66.08
66.1
66.16
66.24
66.19
66.2
66.26
66.26
66.21
66.27
66.26
66.32
66.21
66.31
66.31
66.32
66.27
66.12
66.15
66.15
66.31
66.09
66.08
66.06
66.15
66.13
66.1
66.22
66.23
66.23
66.23
66.19
66.22
66.23
66.28
66.26
66.29
66.33
66.33
66.33
66.4
66.35
66.37
66.42
66.38
66.33
66.31
66.31
66.32
66.31
66.31
66.36
66.38
66.39
66.4
66.4
66.45
66.51
66.51
66.51
66.52
66.57
66.54
66.5
66.55
66.54
66.56
66.56
66.55
66.56
66.57
66.55
66.58
66.51
66.4
66.41
66.58
66.53
66.46
66.39
66.52
66.43
66.5
66.5
66.5
66.52
66.51
66.48
66.43
66.45
66.49
66.49
66.51
66.53
66.48
66.49
66.5
66.51
66.45
66.43
66.4
66.41
66.45
66.47
66.47
66.47
66.47
66.48
66.46
66.47
66.44
66.46
66.47
66.49
66.46
66.48
66.5
66.45
66.48
66.46
66.43
66.42
66.4
66.37
66.39
66.33
66.34
66.35
66.38
66.36
66.34
66.41
66.44
66.43
66.45
66.43
66.5
66.48
66.48
66.42
66.42
66.38
66.43
66.43
66.39
66.29
66.22
66.42
66.29
66.31
66.34
66.3
66.21
66.18
66.16
66.19
66.21
66.16
66.11
66.2
66.14
66.18
66.23
66.24
66.27
66.3
66.25
66.29
66.3
66.3
66.26
66.29
66.27
66.27
66.27
66.25
66.3
66.33
66.32
66.34
66.35
66.35
66.44
66.46
66.42
66.4
66.34
66.4
66.37
66.31
66.33
66.3
66.38
66.37
66.32
66.39
66.43
66.42
66.44
66.42
66.43
66.43
66.41
66.4
66.41
66.28
66.34
66.25
66.25
66.24
66.26
66.26
66.24
66.21
66.22
66.29
66.28
66.29
66.3
66.21
66.23
66.28
66.2
66.19
66.11
66.14
66.1
66.08
66.03
66.04
66.04
66.06
66.03
66.04
66.04
66.03
66.01
66.02
66.03
66.05
66.1
66.1
66.1
66.11
66.1
66.13
66.1
66.09
66.1
66.14
66.08
66.06
66.05
66.07
66.13
66.09
66.11
66.08
66.09
66.1
66.11
66.09
66.11
66.1
66.11
66.1
66.1
66.13
66.14
66.1
66.1
66.13
66.08
66.09
66.09
66.06
66.08
66.08
66.07
66.03
66.07
66.03
66.06
66
66.03
66.08
66.06
66.08
66.09
66.1
66.12
66.21
66.16
66.13
66.21
66.17
66.1
66.06
66.08
66.06
66.07
66.04
66.03
66.05
65.98
65.94
65.82
65.91
65.78
66.06
65.81
65.81
65.71
65.75
65.72
65.73
65.75
65.76
65.77
65.78
66.87
66.9
66.89
66.9
66.72
66.71
66.71
66.5
66.52
66.41
66.4
66.32
66.4
66.23
66.25
66.23
66.3
66.31
66.25
66.41
66.41
66.35
66.41
66.42
66.34
66.23
66.23
66.2
66.2
66.23
66.2
66.21
66.29
66.21
66.24
66.27
66.26
66.27
66.29
66.26
66.3
66.28
66.27
66.27
66.27
66.28
66.28
66.2
66.15
66
65.95
66.26
65.86
65.85
65.8
65.79
65.78
65.81
65.8
65.8
65.81
65.81
65.86
65.94
65.96
65.83
65.83
65.83
66.05
66.01
65.95
66.04
66.13
66.13
66.16
66.16
66.14
66.17
66.18
66.05
66.04
66.03
66.01
66.01
66
66.01
65.92
65.87
65.72
65.73
65.71
65.68
65.64
65.66
65.76
65.76
65.7
65.61
65.61
65.6
65.67
65.74
65.78
65.61
65.83
65.88
65.88
65.9
65.89
65.91
65.93
66.02
66.02
66.02
65.92
65.91
65.94
65.92
65.9
65.91
65.8
65.79
65.76
65.75
65.75
65.76
65.86
65.79
65.82
65.81
65.81
65.88
65.85
65.82
65.84
65.86
65.87
65.89
65.91
65.95
65.87
65.96
65.95
65.91
65.93
65.93
65.89
66.01
65.85
65.74
65.05
65.07
65.14
65.14
65.1
65.1
65.15
65.33
65.19
65.35
65.33
65.27
65.34
65.26
65.24
65.27
65.25
65.24
65.4
65.41
65.59
65.59
65.59
65.59
65.71
65.67
65.65
65.65
65.65
65.65
65.65
65.68
65.69
65.76
65.81
65.81
65.81
65.64
65.75
65.67
65.66
65.66
65.61
65.62
65.69
65.73
65.77
65.76
65.76
65.76
65.81
65.79
65.77
65.74
65.76
65.79
65.81
65.82
65.8
65.78
65.79
65.7
65.65
65.62
65.62
65.62
65.69
65.66
65.62
65.65
65.51
65.69
65.44
65.43
65.67
65.67
65.52
65.49
65.49
65.53
65.57
65.57
65.55
65.54
65.61
65.61
65.62
65.63
65.64
65.67
65.69
65.71
65.69
65.68
65.65
65.65
65.68
65.69
65.69
65.72
65.75
65.76
65.7
65.73
65.73
65.75
65.72
65.73
65.72
65.72
65.69
65.72
65.78
65.74
65.73
65.74
65.71
65.71
