38.68
38.73
38.7
38.76
38.8
38.84
38.92
38.97
38.92
38.93
38.91
38.98
39.03
38.91
38.91
38.92
39.03
39.05
39.05
39.05
39.1
39.12
39.12
39.1
39.09
39.09
39.14
39.13
39.13
39.09
39.16
39.16
39.11
39.12
39.12
39.12
39.1
39.1
39.09
39.1
39.12
39.1
39.1
39.11
39.12
39.1
39.1
39.1
39.12
39.12
39.14
39.14
39.13
39.13
39.13
39.13
39.11
39.11
39.12
39.11
39.09
39.08
39.07
39.05
39.06
39.07
39.07
39.07
39.04
39.03
39.04
39.03
39.03
39.02
39.02
38.99
39.01
39.01
39.03
39.04
39.04
38.97
38.97
38.98
38.99
38.97
38.96
38.96
38.94
38.96
38.95
38.97
38.96
38.93
38.94
38.94
38.94
38.93
38.94
38.93
38.94
38.92
38.96
38.94
38.96
38.94
38.96
38.93
38.96
38.95
38.95
38.95
38.96
38.96
38.94
38.96
38.94
38.94
38.94
38.92
38.92
38.92
38.9
38.94
38.93
38.94
38.95
38.94
38.94
38.96
38.96
38.99
38.94
38.98
38.98
38.96
38.96
38.96
38.98
38.96
38.94
38.96
38.97
38.97
38.96
38.96
38.95
38.92
38.95
38.95
38.93
38.92
38.93
38.93
38.93
38.93
38.94
38.94
38.91
38.9
38.9
38.92
38.92
38.93
38.95
38.94
38.96
38.97
38.97
38.96
38.96
38.96
38.96
38.96
38.94
38.94
38.96
38.95
38.95
38.96
38.94
38.96
38.96
38.95
38.94
38.93
38.94
38.92
38.91
38.93
38.92
38.94
38.94
38.94
38.94
38.96
38.96
38.96
38.96
38.96
38.98
38.99
38.98
38.97
38.98
38.99
38.99
38.99
38.97
38.97
38.96
38.96
38.97
38.96
38.97
38.96
38.96
38.97
38.97
38.97
38.97
38.95
38.95
38.94
38.93
38.94
38.93
38.93
38.93
38.93
38.92
38.91
38.89
38.89
38.89
38.9
38.89
38.89
38.9
38.89
38.88
38.9
38.88
38.88
38.89
38.9
38.88
38.89
38.89
38.89
38.9
38.9
38.9
38.9
38.92
38.9
38.91
38.89
38.88
38.87
38.86
38.86
38.89
38.89
38.88
38.89
38.89
38.88
38.91
38.9
38.9
38.9
38.88
38.88
38.88
38.88
38.88
38.88
38.88
38.9
38.9
38.89
38.89
38.91
38.9
38.92
38.9
38.9
38.91
38.9
38.9
38.9
38.92
38.91
38.91
38.9
38.9
38.91
38.9
38.9
38.92
38.91
38.91
38.9
38.92
38.9
38.9
38.9
38.9
38.9
38.9
38.9
38.9
38.92
38.93
38.9
38.92
38.93
38.9
38.93
38.94
38.95
38.95
38.95
38.93
38.93
38.93
38.92
38.92
38.92
38.92
38.94
38.94
38.92
38.94
38.94
38.96
38.96
38.95
38.95
38.96
38.97
38.97
38.97
38.97
38.97
38.98
38.98
38.97
38.59
38.63
38.61
38.61
38.65
38.65
38.61
38.63
38.59
38.61
38.63
38.62
38.66
38.67
38.65
38.64
38.62
38.61
38.58
38.66
38.65
38.62
38.64
38.65
38.69
38.69
38.73
38.7
38.71
38.7
38.78
38.8
38.79
38.84
38.73
38.77
38.81
38.81
38.82
38.81
38.81
38.82
38.81
38.83
38.82
38.82
38.81
38.82
38.82
38.83
38.84
38.85
38.85
38.82
38.88
38.85
38.87
38.86
38.85
38.87
38.88
38.88
38.91
38.85
38.92
38.95
38.92
38.94
38.95
38.96
38.96
38.96
38.95
38.96
38.92
38.89
38.92
38.87
38.85
38.89
38.88
38.83
38.86
38.77
38.77
38.79
38.8
38.82
38.8
38.82
38.82
38.82
38.82
38.83
38.85
38.85
38.86
38.86
38.81
38.85
38.85
38.88
38.88
38.88
38.92
38.92
38.92
38.92
38.93
38.95
38.92
38.92
38.93
38.94
38.93
38.93
38.92
38.92
38.91
38.88
38.89
38.88
38.9
38.89
38.89
38.88
38.9
38.9
38.9
38.92
38.9
38.93
38.91
38.91
38.91
38.92
38.91
38.91
38.92
38.94
38.94
38.97
38.96
38.95
38.93
38.93
38.94
38.94
38.93
38.95
38.95
38.96
38.94
38.94
38.94
38.96
38.97
38.96
38.98
38.98
39.01
39.02
38.99
39
39
39.01
38.99
38.99
38.99
38.99
38.99
38.98
38.99
39.01
39.02
39.01
39.02
39.03
39.03
39.04
39.02
39.03
39.05
39.04
39.04
39.04
39.03
39.03
39.04
39.04
39.06
39.05
39.06
39.05
39.03
39.04
39.04
39.03
39.03
39.05
39.06
39.06
39.06
39.04
39.04
39.04
39.04
39.05
39.04
39.05
39.06
39.04
39.02
39.06
39.03
39.03
39.02
39.01
38.99
39
38.97
38.98
38.97
38.94
38.98
38.92
38.95
38.93
38.95
38.94
38.94
38.95
38.97
38.98
38.97
38.97
38.96
38.96
38.96
38.96
38.97
38.95
38.94
38.94
38.94
38.96
38.95
38.97
38.97
38.98
38.99
38.97
38.98
38.98
38.97
38.99
38.99
38.98
38.98
38.97
38.98
38.98
38.97
38.97
38.97
38.97
38.96
38.97
38.96
38.97
38.94
38.96
38.96
38.95
38.97
38.97
39
39
39
39.01
39
39.01
39.02
39.02
39.03
39.02
39.03
39.02
39.03
39.02
39.03
39.04
39.02
39.02
39.01
39.02
39.01
39.01
39.02
39.01
39
39.02
39.04
39.04
39.05
39.03
39.03
39.03
39.03
39.03
39.04
39.02
39.01
39
39.01
39.03
39.04
39.04
39.04
39.05
39.04
39.05
39.04
39.04
39.04
39.04
39.04
39.04
39.04
39.07
39.08
39.08
39.08
39.08
39.06
39.04
39.04
39.03
39.03
39.01
39
39.01
39.01
38.99
38.99
39
38.99
39
39.01
39
38.99
39
39.1
39.05
39.03
39.08
39.04
39.05
39.01
39.01
38.95
38.93
39.06
38.86
38.85
38.86
38.89
38.85
38.86
38.84
38.86
38.83
38.87
38.87
38.88
38.87
38.85
38.84
38.84
38.84
38.85
38.84
38.84
38.83
38.83
38.82
38.83
38.85
38.89
38.83
38.92
38.96
38.82
38.97
38.97
38.96
38.97
38.97
38.97
38.97
38.98
38.97
38.99
38.98
38.98
38.98
38.99
39.01
39.01
39
38.99
38.99
39
39
38.99
38.98
38.98
38.97
38.98
38.99
38.99
38.99
38.99
38.99
38.99
39.01
39.01
38.99
39.03
39.03
39.06
39.06
39.05
39.05
39.07
39.06
39.06
39.06
39.06
39.06
39.06
39.07
39.08
39.08
39.08
39.05
39.06
39.05
39.06
39.06
39.06
39.08
39.09
39.09
39.06
39.1
39.07
39.1
39.1
39.08
39.07
39.07
39.07
39.06
39.06
39.06
39.06
39.08
39.08
39.08
39.07
39.08
39.08
39.08
39.09
39.08
39.09
39.09
39.07
39.08
39.08
39.08
39.07
39.08
39.08
39.07
39.08
39.07
39.08
39.08
39.08
39.1
39.1
39.1
39.09
39.08
39.06
39.05
39
39.01
39.04
39.06
39.01
39
38.99
39
39.03
39.07
39.08
39.07
39.06
39.05
39.03
39.02
39.01
39.01
39
38.99
39
38.96
38.95
38.96
38.94
38.99
39
39.02
39.01
38.99
38.92
38.93
38.92
38.94
38.94
38.89
38.92
38.92
38.93
38.94
38.94
38.94
38.94
38.92
38.92
38.94
38.93
38.92
38.94
38.92
38.92
38.92
38.93
38.93
38.93
38.93
38.93
38.93
38.93
38.95
38.97
38.99
39
39.01
39.04
39.04
39.01
39.04
39.03
39.03
39.04
39.04
39.04
39.03
39.04
39.05
39.04
39.05
39.05
39.17
39.16
39.16
39.17
39.17
39.16
39.16
39.15
39.15
39.15
39.11
39.11
39.11
39.13
39.13
39.14
39.12
39.1
39.13
39.13
39.11
39.1
39.05
39.06
39.06
39.06
39.06
39.07
39.05
39.04
39.02
39.03
39.03
39.01
38.99
38.97
38.98
38.97
39.04
38.99
39
38.99
38.99
38.98
38.99
38.99
38.98
38.98
39
38.99
38.99
38.99
38.99
38.94
38.92
38.91
38.92
38.92
38.97
38.97
38.97
38.97
38.97
38.97
38.97
38.97
38.99
39
38.97
38.97
38.95
38.95
38.93
38.94
38.94
38.9
38.92
38.91
38.94
38.95
38.96
38.95
38.96
38.96
38.93
39.02
39.02
39.02
39.02
39.02
39.03
39.01
39.03
39.02
39.02
38.97
39
38.96
38.99
38.99
38.96
38.94
38.94
38.93
39
38.91
38.87
38.86
38.85
38.85
38.83
38.81
38.82
38.79
38.83
38.85
38.84
38.86
39.1
39.05
39.05
39.04
39
39.03
38.99
38.92
38.9
38.87
38.9
38.91
38.93
38.94
38.92
38.92
38.92
38.93
38.93
38.92
38.92
38.82
38.83
38.91
38.91
38.88
38.83
38.82
38.82
38.78
38.81
38.8
38.8
38.79
38.79
38.73
38.77
38.71
38.72
38.72
38.69
38.68
38.63
38.63
38.63
38.7
38.7
38.67
38.65
38.69
38.66
38.67
38.72
38.63
38.67
38.64
38.63
38.6
38.54
38.57
38.51
38.51
38.47
38.47
38.49
38.51
38.51
38.51
38.51
38.48
38.48
38.48
38.51
38.51
38.5
38.5
38.54
38.52
38.47
38.5
38.49
38.48
38.42
38.53
38.38
38.35
38.36
38.38
38.34
38.33
38.32
38.28
38.31
38.32
38.36
38.36
38.28
38.27
38.3
38.27
38.27
38.44
38.45
38.28
38.5
38.53
38.52
38.52
38.58
38.58
38.56
38.57
38.57
38.55
38.57
38.49
38.49
38.49
38.57
38.57
38.45
38.41
38.38
38.37
38.37
38.4
38.44
38.37
38.4
38.38
38.38
38.41
38.45
38.45
38.43
38.39
38.43
38.43
38.47
38.46
38.44
38.47
38.47
38.5
38.51
38.53
38.54
38.48
38.53
38.53
38.44
38.46
38.46
38.45
38.46
38.45
38.47
38.51
38.51
38.51
38.54
38.54
38.52
38.54
38.53
38.55
38.53
38.54
38.53
38.54
38.59
38.59
38.59
38.59
38.68
38.65
38.64
38.64
38.64
38.63
38.63
38.64
38.65
38.67
38.71
38.68
38.66
38.63
38.67
38.67
38.68
38.65
38.62
38.7
38.72
38.7
38.72
38.7
38.7
38.7
38.72
38.71
38.72
38.71
38.69
38.7
38.7
38.69
38.71
38.65
38.64
38.65
38.64
38.65
38.63
38.63
38.65
38.62
38.69
38.63
38.6
38.65
38.65
38.56
38.6
38.6
38.61
38.59
38.59
38.61
38.63
38.59
38.6
38.64
38.66
38.68
38.63
38.65
38.65
38.66
38.67
38.65
38.65
38.65
38.65
38.65
38.64
38.63
38.63
38.65
38.69
38.7
38.72
38.74
38.77
38.77
38.63
38.78
38.82
38.81
38.78
38.75
38.81
38.78
38.77
38.77
38.76
38.73
