32.3
32.56
32.53
32.53
32.48
32.59
32.64
32.67
32.67
32.67
32.64
32.73
32.68
32.68
32.68
32.74
32.64
32.68
32.68
32.64
32.64
32.61
32.61
32.61
32.66
32.66
32.75
32.75
32.75
32.68
32.72
32.72
32.72
32.78
32.8
32.8
32.83
32.85
32.85
32.85
32.77
32.71
32.71
32.74
32.74
32.74
32.7
32.72
32.76
32.81
32.81
32.81
32.94
32.84
32.92
32.94
32.94
32.92
32.92
32.92
32.91
32.87
32.87
32.93
32.96
32.93
32.92
32.92
32.92
32.92
32.92
32.92
33.05
33.05
33.03
33
33.07
33.06
33.06
32.88
32.88
32.77
32.82
32.92
32.9
32.95
32.94
32.87
32.86
32.81
32.81
32.8
32.83
32.77
32.83
32.83
32.83
32.83
32.85
32.85
32.85
32.86
32.86
32.83
32.83
32.84
32.86
32.86
32.86
32.87
32.96
32.95
32.92
32.86
32.86
32.86
32.85
32.85
32.85
32.86
32.85
32.85
32.85
32.89
32.9
32.88
32.81
32.84
32.83
32.86
32.85
32.88
32.85
32.85
32.85
32.86
32.8
32.8
32.79
32.81
32.81
32.85
32.85
32.85
32.83
32.83
32.83
32.85
32.81
32.85
32.86
32.78
32.81
32.89
32.9
32.92
32.92
32.92
32.84
32.84
32.87
32.87
32.85
32.79
32.76
32.8
32.81
32.85
32.85
32.85
32.86
32.86
32.86
32.84
32.84
32.85
32.86
32.87
32.87
32.85
32.85
32.84
32.83
32.8
32.82
32.82
32.82
32.82
32.83
32.84
32.83
32.85
32.85
32.8
32.77
32.7
32.7
32.63
32.62
32.57
32.51
32.55
32.55
32.53
32.53
32.49
32.49
32.52
32.52
32.55
32.55
32.55
32.72
32.64
32.74
32.75
32.76
32.78
32.78
32.76
32.76
32.8
32.8
32.82
32.83
32.84
32.83
32.83
32.82
32.82
32.76
32.76
32.77
32.78
32.78
32.76
32.7
32.7
32.67
32.75
32.73
32.71
32.7
32.64
32.57
32.57
32.57
32.51
32.57
32.57
32.57
32.52
32.54
32.53
32.51
32.5
32.49
32.49
32.46
32.46
32.46
32.45
32.53
32.53
32.53
32.54
32.54
32.58
32.59
32.59
32.59
32.59
32.47
32.46
32.47
32.52
32.52
32.54
32.6
32.62
32.62
32.63
32.64
32.63
32.63
32.6
32.6
32.6
32.6
32.6
32.6
32.63
32.6
32.6
32.62
32.65
32.7
32.7
32.69
32.69
32.73
32.74
32.74
32.7
32.67
32.65
32.65
32.66
32.66
32.61
32.63
32.54
32.64
32.64
32.64
32.64
32.65
32.66
32.63
32.6
32.6
32.59
32.59
32.59
32.38
32.42
32.46
32.4
32.43
32.46
32.43
32.53
32.52
32.52
32.52
32.52
32.52
32.55
32.6
32.6
32.57
32.6
32.58
32.55
32.61
32.59
32.62
32.62
32.61
32.68
32.71
32.71
32.71
32.73
32.73
32.55
32.41
32.49
32.32
32.38
32.46
32.42
32.31
32.49
32.41
32.31
32.39
32.38
32.38
32.34
32.34
32.37
32.37
32.37
32.37
32.36
32.36
32.39
32.3
32.3
32.22
32.32
32.34
32.29
32.31
32.31
32.34
32.25
32.32
32.32
32.31
32.28
32.28
32.28
32.28
32.29
32.28
32.3
32.3
32.3
32.32
32.28
32.29
32.3
32.32
32.3
32.3
32.29
32.27
32.27
32.27
32.27
32.27
32.27
32.27
32.27
32.27
32.28
32.26
32.25
32.15
32.16
32.15
32.17
32.16
32.13
32.2
32.13
32.19
32.19
32
32.03
31.82
31.92
31.88
31.85
32
31.95
31.96
31.94
31.88
31.92
31.9
31.9
31.91
31.91
31.91
31.91
31.92
31.89
31.94
31.94
31.94
31.87
31.87
31.9
31.92
31.93
31.91
31.87
31.9
31.89
31.89
31.89
31.89
31.87
31.89
31.89
31.86
31.83
31.88
31.85
31.85
31.85
31.81
31.81
31.84
31.84
31.85
31.81
31.89
31.84
31.87
31.88
31.88
31.9
31.88
31.88
31.87
31.87
31.87
31.86
31.94
31.89
31.89
31.88
31.9
31.88
31.91
31.9
31.9
31.91
31.91
31.91
31.94
31.92
31.92
31.92
31.94
31.94
31.93
31.93
31.93
31.89
31.92
31.89
31.94
31.94
31.91
32.01
32.08
32.07
32.08
32.07
32.07
32.07
32.12
32.14
32.17
32.07
32.1
32.1
32.1
32.12
32.1
32.09
32.11
32.11
32.1
32.1
32.1
32.09
32.08
32.07
32.07
32.09
32.06
32.1
32.19
32.21
32.21
32.21
32.21
32.19
32.19
32.19
32.19
32.25
32.25
32.23
32.23
32.23
32.23
32.24
32.24
32.24
32.23
32.23
32.23
32.23
32.24
32.24
32.25
32.25
32.25
32.25
32.25
32.26
32.25
32.25
32.27
32.27
32.31
32.39
32.39
32.39
32.39
32.39
32.39
32.39
32.39
32.39
32.44
32.45
32.51
32.5
32.48
32.45
32.48
32.48
32.49
32.49
32.55
32.57
32.54
32.57
32.58
32.58
32.59
32.6
32.61
32.58
32.58
32.6
32.6
32.6
32.6
32.6
32.59
32.58
32.64
32.6
32.6
32.6
32.6
32.52
32.52
32.52
32.52
32.56
32.51
32.48
32.41
32.41
32.34
32.35
32.4
32.4
32.39
32.4
32.39
32.39
32.35
32.3
32.24
32.24
32.18
32.24
32.17
32.22
32.22
32.23
32.23
32.21
32.21
32.21
32.23
32.24
32.23
32.23
32.21
32.23
32.19
32.17
32.23
32.23
32.16
32.16
32.17
32.17
32.17
32.22
32.23
32.24
32.24
32.24
32.26
32.29
32.33
32.27
32.29
32.29
32.29
32.34
32.36
32.36
32.38
32.38
32.35
32.35
32.37
32.38
32.31
32.32
32.32
32.3
32.31
32.3
32.33
32.29
32.29
32.27
32.6
32.61
32.78
32.85
33
32.99
32.75
32.8
32.81
32.87
33
32.84
32.9
32.87
32.8
32.85
32.8
32.79
32.87
32.82
32.82
32.88
32.96
33.05
33.19
33.19
33.48
33.33
33.41
33.41
33.03
33.31
33.28
33.18
33.19
33.12
33.15
32.92
32.92
32.92
33
33
33.16
33.17
33.13
33.13
33.17
33.13
33.1
33.18
33.21
33.21
33.21
33.18
33.18
33.18
33.24
33.21
33.22
33.13
33.13
33.17
33.1
33.06
33
32.98
32.79
33
32.83
32.83
32.77
32.82
32.8
32.8
32.86
32.9
32.91
32.92
33
32.98
32.98
33.13
33.07
33.1
33.1
33.11
33.06
33.06
33.08
33.12
33.12
33.17
33.17
33.21
33.19
33.18
33.18
33.18
33.14
33.14
33.14
33.16
33.12
33.17
33.11
33.22
33.22
33.21
33.23
33.22
33.2
33.2
33.09
33.09
33.06
33.06
33.05
33.07
33.07
33.08
33.04
33.02
32.99
32.99
32.99
33.01
33.08
33.08
33.08
33.14
33.14
33.16
33.19
33.21
33.2
33.14
33.07
33.07
33.01
33.01
33.04
33.04
33.01
32.97
32.81
32.86
32.86
32.86
32.86
32.94
32.81
32.8
32.85
32.85
33.1
33.1
33.1
33.12
33.14
33.14
33.13
33.13
33.06
33.05
33.03
33.05
33.06
33.03
33.03
33
33.21
33.21
33.14
33.19
33.15
33.06
33.05
33.1
33.12
33.09
33.12
33.04
33
33.03
32.99
32.99
33.07
33.16
33.16
33.17
33.12
33.12
33.17
33.16
33.16
33.16
33.22
33.2
33.23
33.23
33.1
33.11
33.15
33.15
33.2
33.21
33.25
33.25
33.22
33.23
33.23
33.23
33.15
33.15
33.15
33.15
33.17
33.13
33.08
33.08
33.03
33.06
33.05
33.05
33.09
33.09
33.09
32.97
32.97
33
33
32.86
32.83
32.83
32.93
32.95
32.95
32.99
32.98
32.98
32.98
32.98
32.96
32.96
32.95
32.98
32.94
32.99
32.99
32.98
32.97
32.98
32.98
33.02
33.02
32.96
33.03
33.03
33.06
33.06
33.05
33.07
33.1
33.24
33.23
33.23
33.25
33.25
33.25
33.28
33.23
33.23
33.23
33.22
33.24
33.18
33.28
33.28
33.14
33.15
33.17
33.17
33.17
33.11
33.11
33.11
33.11
33.13
33.17
33.17
33.13
33.21
33.21
32.95
32.95
32.94
32.92
32.92
32.92
32.87
32.9
32.95
32.92
32.95
32.9
32.9
32.9
32.94
32.92
32.9
33.01
33.01
33.11
33.16
33.15
33.11
33.09
33.09
33.05
33.03
33.07
33.03
33.08
33.08
33.08
33.08
33.08
33.04
33.08
33.07
33.06
33.05
33.08
33.08
33.09
32.99
33.01
33.05
33.1
33.09
33.09
33.04
33.12
32.95
32.95
32.82
33.04
33
33.12
32.79
32.79
32.79
32.79
33.12
33.12
32.74
32.67
32.33
32.33
32.63
32.25
32.6
32.6
32.5
32.5
32.49
32.47
32.27
32.27
32.27
32.27
32.21
32.4
32.41
32.51
32.66
32.55
32.62
32.57
32.71
32.71
32.75
32.82
32.76
32.96
32.96
32.96
32.96
32.96
32.96
32.82
32.71
32.61
33
33
33
32.4
32.19
32.24
32.24
32.25
32.2
32.41
32.41
32.18
32.4
32.5
32.5
32.37
32.37
32.39
32.25
32.45
32.46
32.49
32.49
32.6
32.6
32.59
32.45
32.5
32.5
32.43
32.6
32.6
32.6
32.6
32.6
32.62
32.51
32.42
32.42
32.42
32.42
32.42
32.66
32.69
32.69
32.65
32.84
32.84
32.64
32.55
32.55
32.55
32.66
32.78
32.74
32.74
32.75
32.76
32.78
32.67
32.74
32.74
32.74
32.75
32.67
32.67
32.75
32.75
32.58
32.52
32.52
32.36
32.39
32.39
32.39
32.39
32.39
32.48
32.48
32.48
32.37
32.45
32.44
32.44
32.32
32.42
32.4
32.4
32.45
32.47
32.61
32.66
32.66
32.63
32.46
32.47
32.47
32.62
32.58
32.89
32.97
32.97
32.96
32.86
32.88
32.97
32.92
32.94
32.94
32.95
32.94
32.81
32.81
32.91
32.93
32.97
32.97
32.97
32.9
32.9
32.9
32.9
32.9
32.89
32.79
32.79
32.79
32.79
32.79
32.79
32.78
32.85
32.87
32.84
32.89
32.85
32.74
32.74
32.71
32.71
32.72
32.72
32.72
32.77
32.77
32.94
32.94
32.9
32.9
32.92
32.92
32.98
32.93
32.77
32.75
32.79
32.99
32.68
32.68
32.62
32.62
32.62
32.76
32.74
32.8
32.77
32.78
32.78
32.82
32.81
32.63
32.68
32.68
32.81
32.81
32.73
32.77
32.77
32.68
32.81
32.78
32.78
32.74
32.74
32.76
32.76
32.78
32.78
32.78
32.77
32.77
32.78
32.77
32.69
32.69
32.75
32.65
32.71
32.77
32.63
32.6
32.53
32.6
32.64
32.7
32.55
32.67
32.68
32.71
32.74
32.63
32.63
32.76
32.79
32.78
32.77
32.74
