2088.84
2088.55
2089.25
2088.36
2089.43
2091.02
2090.84
2090.75
2090.53
2090.02
2090.72
2091.03
2091.25
2091.58
2091.35
2091.59
2091.69
2091.56
2091.51
2091.45
2091.56
2091.48
2091.95
2091.45
2090.96
2090.97
2091.45
2091.85
2092.29
2092.11
2092.59
2092.59
2092.2
2092.05
2092.4
2092.25
2092.15
2092.01
2092.17
2092.11
2092.09
2092.08
2092.08
2091.55
2091.57
2091.61
2091.32
2091.43
2091.54
2091.54
2091.91
2092.35
2092.55
2093.05
2093.4
2093.33
2092.97
2092.87
2092.79
2092.89
2092.86
2092.6
2092.6
2092.51
2092.59
2092.94
2092.97
2092.66
2092.51
2092.56
2092.66
2092.93
2093.17
2093.02
2093.09
2093.09
2093.13
2093.06
2092.8
2092.35
2092.36
2092.6
2092.94
2093.23
2093.12
2093.04
2093.28
2093.28
2092.83
2092.63
2092.49
2092.7
2092.52
2092.55
2092.69
2092.65
2092.63
2092.64
2092.53
2092.64
2092.64
2092.45
2092.74
2092.95
2092.84
2093.13
2092.96
2093.02
2093.17
2093.29
2093.25
2093.11
2093.05
2093.12
2093.16
2093.05
2093.17
2093.07
2093.18
2093.15
2093.24
2093.38
2093.2
2093.12
2092.95
2092.97
2093
2092.77
2092.68
2092.77
2092.66
2092.98
2093.15
2093.08
2093.26
2093.15
2092.99
2092.7
2092.4
2092.43
2092.12
2092.28
2092.45
2092.06
2092.09
2091.9
2091.92
2091.29
2091.33
2091.28
2091.63
2091.99
2092.02
2091.94
2091.9
2091.94
2092.03
2092.03
2091.5
2091.39
2091.52
2091.62
2091.45
2091.42
2091.67
2091.87
2092.04
2091.97
2091.97
2091.77
2091.8
2091.82
2091.67
2091.94
2091.82
2091.94
2092.01
2091.91
2091.67
2091.46
2091.09
2090.78
2090.49
2090.58
2090.44
2090.28
2090.21
2090.35
2090.31
2090.45
2090.42
2090.68
2090.3
2090.51
2090.4
2090.49
2090.49
2090.52
2090.61
2090.83
2091.07
2091.55
2091.71
2091.71
2091.7
2091.96
2092.24
2092.4
2092.18
2092.29
2092.2
2092.08
2092.01
2091.97
2092.21
2091.8
2091.81
2091.6
2091.74
2091.75
2091.64
2091.55
2091.7
2091.62
2091.51
2091.45
2091.71
2091.76
2091.43
2091.43
2091.11
2091.01
2090.57
2090.81
2090.81
2090.6
2090.6
2090.64
2090.75
2091.03
2090.89
2090.73
2090.93
2090.99
2091.19
2091.17
2091.23
2091.2
2091.2
2091.25
2091.15
2091.18
2091.3
2091.39
2091.54
2091.45
2091.15
2090.92
2090.9
2090.82
2090.87
2091.27
2091.48
2091.48
2091.85
2091.96
2091.98
2091.84
2092.03
2092.21
2092.11
2092.12
2091.8
2091.65
2091.65
2091.64
2091.59
2091.67
2091.73
2091.65
2091.53
2091.57
2091.73
2091.87
2091.86
2091.82
2091.85
2091.74
2091.83
2091.87
2091.8
2091.83
2092.12
2092.09
2092
2092
2092.24
2092.13
2091.98
2092.17
2092.5
2092.16
2092.17
2092.28
2092.69
2092.79
2092.47
2092.33
2092.33
2092.3
2092.21
2092.17
2092.41
2092.31
2092.77
2092.85
2092.52
2092.66
2092.79
2092.75
2092.78
2092.59
2092.23
2092.23
2092.14
2092.06
2091.8
2091.84
2091.67
2091.72
2091.83
2091.83
2091.9
2091.83
2092.1
2092.05
2092.55
2093.08
2092.84
2092.84
2092.55
2092.52
2092.42
2092.33
2091.86
2091.69
2091.8
2091.73
2091.07
2086.43
2086.86
2087.12
2086.59
2086.54
2087.06
2086.52
2085.85
2084.53
2084.89
2084.64
2084.43
2084.98
2084.86
2084.82
2083.75
2083.19
2083.19
2082.06
2082.74
2083.6
2083.39
2083.02
2083.32
2083.47
2083.61
2083.62
2083.9
2084.06
2084.16
2084.32
2083.84
2083.53
2083.86
2083.8
2084.04
2084.53
2084.61
2084.55
2084.08
2083.64
2083.61
2083.35
2083.36
2083.21
2083.3
2083.09
2082.84
2082.75
2082.85
2082.94
2083.06
2082.74
2082.86
2083.09
2083.27
2083.46
2083.56
2083.42
2083.62
2084.02
2084.4
2084.33
2084.62
2084.47
2084.65
2084.97
2085.09
2085.45
2085.38
2085.29
2085.28
2085.64
2085.4
2085.16
2084.87
2084.81
2084.47
2084.3
2084.61
2084.66
2084.48
2083.57
2083.38
2083.2
2083
2083.39
2083.76
2083.62
2084.14
2084.26
2084.54
2084.55
2084.91
2084.89
2084.85
2085.03
2084.79
2084.31
2083.96
2083.85
2084
2083.81
2083.85
2084.46
2084.73
2084.78
2084.57
2084.63
2084.65
2084.42
2084.29
2083.91
2084.1
2084.34
2084.3
2084.54
2084.59
2084.57
2084.69
2084.75
2084.62
2084.59
2084.54
2084.5
2084.46
2084.53
2084.69
2084.89
2085.07
2084.9
2084.76
2084.78
2084.69
2084.58
2084.47
2084.4
2084.23
2084.24
2084.39
2084.37
2084.48
2084.42
2084.58
2083.9
2083.95
2083.66
2083.35
2083.3
2083.5
2083.8
2083.86
2083.72
2083.58
2083.52
2083.66
2083.81
2083.72
2083.8
2083.7
2083.89
2083.51
2083.4
2083.5
2083.39
2083.38
2083.11
2083.08
2082.42
2082.19
2082.23
2082.18
2082.88
2082.86
2083.03
2083.21
2083.28
2083.33
2083.27
2083.19
2083.34
2083.38
2083.29
2083.35
2083.11
2083.12
2082.79
2082.88
2083.02
2082.99
2082.93
2082.73
2082.55
2082.56
2082.54
2083.13
2083.1
2083.29
2083.3
2083.53
2083.9
2083.77
2083.77
2083.49
2083.48
2083.33
2083.44
2083.64
2083.42
2083.36
2083.36
2083.16
2082.71
2082.79
2082.65
2082.48
2082.84
2082.91
2082.81
2082.54
2082.33
2082.21
2081.97
2081.92
2081.44
2079.65
2079.75
2079.91
2080.1
2079.95
2079.72
2079.98
2080.42
2080.81
2080.72
2080.75
2080.84
2080.76
2080.42
2080.45
2080.48
2080.48
2080.17
2079.88
2079.75
2079.58
2079.54
2079.75
2080.03
2080.27
2080.3
2080.23
2080.23
2080.15
2080.06
2080.27
2080.26
2080.07
2080.36
2080.02
2079.69
2079.7
2079.79
2079.85
2080.39
2080.38
2080.13
2079.89
2079.99
2079.83
2079.9
2080.07
2080.14
2080.29
2080.42
2080.57
2082.23
2082.12
2082.18
2082.21
2082.08
2082.22
2082.26
2082.43
2082.72
2082.55
2082.57
2082.48
2082.54
2082.35
2082.1
2082.06
2081.91
2081.58
2081.32
2081.78
2081.99
2081.65
2081.83
2082.12
2082.26
2082.24
2082.46
2082.8
2082.91
2082.71
2082.69
2082.75
2082.78
2082.64
2082.3
2082.3
2082.21
2081.76
2081.99
2082.01
2082.09
2082.15
2082.19
2082.16
2082.16
2082.13
2082.09
2082.24
2082.18
2082.25
2082.02
2082.08
2081.99
2082.96
2083.48
2083.38
2083.43
2083.34
2083.64
2082.3
2082.56
2082.1
2082.1
2081.92
2081.47
2081.8
2081.68
2081.72
2081.5
2081.26
2080.71
2081.12
2081.34
2081.26
2080.77
2081.18
2082.09
2082.74
2083.04
2083.8
2083.56
2083.47
2082.74
2082.85
2082.46
2082.65
2082.5
2082.21
2081.59
2081.64
2081.62
2081.35
2081.17
2081.42
2081.44
2081.8
2081.85
2081.97
2082.04
2082.34
2082.1
2081.88
2081.93
2081.88
2082.83
2083.23
2082.7
2082.02
2082.08
2082.1
2082.25
2082.27
2082.72
2082.89
2083.08
2082.61
2082.69
2082.8
2082.9
2082.34
2082.51
2083.08
2082.87
2083.2
2083.54
2083.73
2083.74
2083.62
2083.74
2083.59
2083.57
2083.65
2083.42
2083.73
2083.61
2083.51
2083.77
2083.77
2083.74
2083.78
2083.58
2083.59
2083.84
2084.17
2084.05
2084.09
2084.09
2084.17
2084.08
2083.92
2084.05
2084.28
2084.53
2084.44
2085.11
2085.39
2085.5
2085.58
2085.05
2085.16
2085.18
2085.11
2084.93
2084.7
2084.67
2084.77
2084.91
2084.86
2084.86
2084.89
2084.45
2084.2
2084.04
2083.56
2083.46
2083.67
2083.76
2083.62
2083.59
2083.94
2083.9
2083.72
2083.54
2083.38
2082.82
2082.81
2082.7
2082.42
2082.32
2082.56
2082.47
2082.58
2082.67
2082.63
2082.61
2082.71
2082.66
2082.85
2082.96
2082.96
2082.91
2082.91
2082.74
2082.88
2083.02
2082.59
2082.68
2083.19
2083.13
2083
2082.97
2082.99
2082.83
2083.06
2082.76
2083.52
2083.2
2083.07
2083.15
2082.98
2081.98
2081.68
2080.76
2079.65
2079.14
2079.75
2080.34
2080.19
2080.25
2080.34
2080.41
2079.89
2080.08
2080.25
2080.24
2080.49
2080.34
2079.82
2079.23
2078.67
2077.49
2077.56
2077.72
2075.17
2074.84
2074.76
2074.52
2076.05
2075.88
2077.23
2076.93
2076.57
2075.55
2075.72
2076.37
2076.05
2075.45
2075.15
2075.64
2076.25
2075.9
2076.27
2076.14
2075.9
2076.09
2075.75
2075.1
2075.53
2075.65
2075.54
2075.44
2075.08
2074.99
2075.81
2075.71
2075.62
2075.62
2075.24
2075.75
2076.18
2076.18
2078.09
2078.03
2077.73
2077.6
2077.28
2077.62
2077.55
2076.87
2075.87
2075.77
2075.88
2076.13
2076.26
2076.33
2076.25
2076.39
2076.39
2076.04
2075.97
2075.91
2078.12
2077.88
2077.45
2077.37
2077.1
2077
2076.33
2076.07
2075.84
2075.84
2075.13
2074.66
2074.71
2075.03
2075.27
2075.2
2075.06
2074.6
2074.64
2074.59
2074.39
2074.4
2072.36
2073.03
2072.84
2072.79
2072.71
2073.05
2072.6
2071.24
2069.7
2070.02
2070.48
2070.02
2068.46
2068.62
2069.34
2069.45
2070.27
2070.55
2070.7
2070.45
2070.01
2070.24
2070.58
2070.55
2070.59
2070.48
2070.33
2069.57
2069.44
2069.4
2069.43
2067.2
2066.83
2066.05
2066.26
2066.45
2067.59
2067.27
2067.31
2067.65
2067.83
2067.55
2067.92
2068.15
2068.42
2068.67
2067.84
2067.81
2067.75
2067.43
2067.46
2066.91
2066.29
2065.95
2066.71
2066.68
2066.29
2066.04
2066.6
2066.21
2066.66
2067.05
2067.73
2068.35
2069.04
2069.34
2069.44
2070.17
2070.33
2069.95
2070.23
2069.82
2068.73
2068.14
2068.95
2068.54
2068.11
2067.72
2067.44
2065.97
2065.8
2065.7
2064.71
2064.9
2063.29
2062.74
2062.4
2062.38
2060.91
2059.43
2058.98
2057.94
2059.78
2059.99
2060.51
2060.56
2069.81
2071.08
2071.21
2071.49
2071.84
2071.97
2071.28
2069.62
2068.87
2068.92
2068.88
2069.59
2069.39
2069.07
2067.75
2067.92
2068.25
2068.92
2068.38
2068.17
2067.34
2064.93
2064.57
2067.48
2066.72
2063.78
2064.05
2063.6
2063.9
2065.12
2065.82
2065.94
2066.05
2065.48
2062.89
2062.38
2063.29
2062.76
2062.55
2062.47
2062.13
2062.19
2062.27
2062.91
2062.7
2063.47
2063.9
2063.71
2063.63
2062.47
2061.19
2060.82
2060.44
2060.46
2059.37
2058.33
2057.76
2056.43
2055.18
2055.72
2053.92
2053.04
2053.26
2054.15
2055.17
2055.09
2054.8
2055.44
2054.53
2054.11
2054.09
2054.82
2055.42
2056.87
2057.42
2056.89
2056.68
2056.22
2053.89
2053.83
2053.95
2053.89
2053.15
2053.24
2053.37
2052.55
2052.35
2053.07
2050.58
2050.5
2050.1
2049.34
2050.3
2051.23
2050.77
2050.54
2051.06
2050.57
2050.07
2049.14
2049.61
2050.98
2051.38
2052.66
2052.6
2052.7
2053.58
2053.22
2054.3
2054.38
2054.17
2054.01
2054.56
2054.48
2053.63
2052.65
2052.6
2052.53
2052.81
2053
2051.99
2051.12
2050.92
2051.54
2052.45
2052.18
2052.17
2051.39
2050.93
2050.97
2051.91
2052.72
2052.63
2052.88
2053.47
2053.33
2052.89
2054.56
2054.8
2054.85
2055.38
2055.75
2055.74
2056.57
2056.61
2056.58
2056.74
2056.05
2056.06
2055.77
2047.9
2047.65
2047.49
2047.08
2047.08
2047.93
2049.16
2050.45
2050.44
2050.38
2050.69
2049.98
2049.6
2049.99
2050.01
2050.85
2050.79
2050.18
2049.73
2049.77
2050.77
2050.77
2052.9
2053.56
2053.38
2052.77
2052.2
2051.57
2051.6
2052.03
2051.53
2051.82
2051.64
2052.95
2054.33
2054.75
2053.74
2052.6
2054.14
2054.53
2054.56
2054.25
2054.84
2055
2055.83
2055.18
2054.59
2054.84
2054.71
2054.32
2055.5
2055.71
2056.4
2055.5
2055.73
2055.64
2055.94
2055.95
2055.97
2054.76
2054.16
2054.43
2053.32
2053.54
2054.04
2053.61
2053.75
2054.1
2054.3
2053.87
2051.5
2051.23
2051
2050.89
2051.42
2052.76
2052.79
2051.98
2051.98
2052.08
2053.81
2053.55
2053.6
2054.2
2054.83
2055.38
2054.77
2054.77
2054.49
2055.02
2054.97
2055.04
2054.96
2055.27
2055.35
2054.82
2056.1
2056.05
2056.12
2056.56
2057.19
2058.91
2058.87
2058.9
2060.44
2060.62
2060.27
2060.87
2061.82
2062.06
2061.11
2060.43
2060.83
2060.52
2060.51
2060.44
2058.77
2059.75
